model,algorithm,input_size,layer,in_channels,out_channels,kernel_size,stride,padding,mean_ms,std_ms,percentage,device
resnet152,gemm,224,conv1,3,64,7,2,3,0.8772143989801406,0.04641560132466088,0.6680285855706111,l40s
resnet152,gemm,224,layer1.0.conv1,64,64,1,1,0,0.420406399667263,0.011329397815402882,0.3201537649872899,l40s
resnet152,gemm,224,layer1.0.conv2,64,64,3,1,1,0.48782559782266616,0.013971270295355298,0.37149577628626124,l40s
resnet152,gemm,224,layer1.0.conv3,64,256,1,1,0,1.0072384089231492,0.020163460004513807,0.7670462892852687,l40s
resnet152,gemm,224,layer1.0.downsample.0,64,256,1,1,0,0.9227280020713806,0.20576193048881092,0.70268874155142,l40s
resnet152,gemm,224,layer1.1.conv1,256,64,1,1,0,0.8327439963817597,0.01922120232327037,0.6341628622285292,l40s
resnet152,gemm,224,layer1.1.conv2,64,64,3,1,1,0.4831488013267517,0.010807940557563896,0.3679342367677586,l40s
resnet152,gemm,224,layer1.1.conv3,64,256,1,1,0,0.8408304005861282,0.027445437817129437,0.6403209339260263,l40s
resnet152,gemm,224,layer1.2.conv1,256,64,1,1,0,0.82155040204525,0.02008417030130769,0.6256385596170315,l40s
resnet152,gemm,224,layer1.2.conv2,64,64,3,1,1,0.4829824000597,0.01670023118570996,0.36780751654611726,l40s
resnet152,gemm,224,layer1.2.conv3,64,256,1,1,0,0.9545007973909378,0.015797368500868304,0.72688480529778,l40s
resnet152,gemm,224,layer2.0.conv1,256,128,1,1,0,1.1234239995479585,0.048331042178433994,0.8555255662545179,l40s
resnet152,gemm,224,layer2.0.conv2,128,128,3,2,1,0.6961503982543945,0.03324202515036886,0.5301421937795039,l40s
resnet152,gemm,224,layer2.0.conv3,128,512,1,1,0,0.7151200026273727,0.02135419441077923,0.5445881923778484,l40s
resnet152,gemm,224,layer2.0.downsample.0,256,512,1,2,0,1.1395744025707244,0.04729406032676184,0.867824647186428,l40s
resnet152,gemm,224,layer2.1.conv1,512,128,1,1,0,0.6943023979663849,0.021179911020768227,0.528734878737744,l40s
resnet152,gemm,224,layer2.1.conv2,128,128,3,1,1,0.436700801551342,0.025130244101134014,0.3325625059473056,l40s
resnet152,gemm,224,layer2.1.conv3,128,512,1,1,0,0.6981408059597015,0.020831185358099375,0.5316579569106505,l40s
resnet152,gemm,224,layer2.2.conv1,512,128,1,1,0,0.6872607946395874,0.02617528126140353,0.5233724584263368,l40s
resnet152,gemm,224,layer2.2.conv2,128,128,3,1,1,0.4341503992676735,0.027649289406368918,0.33062028790782066,l40s
resnet152,gemm,224,layer2.2.conv3,128,512,1,1,0,0.7063919991254807,0.020682305016225137,0.5379415210042333,l40s
resnet152,gemm,224,layer2.3.conv1,512,128,1,1,0,0.6860144019126893,0.03596269540214367,0.5224232879939052,l40s
resnet152,gemm,224,layer2.3.conv2,128,128,3,1,1,0.42961120009422304,0.026694907077960735,0.32716353342797083,l40s
resnet152,gemm,224,layer2.3.conv3,128,512,1,1,0,0.6954927980899811,0.020961026342836156,0.5296414088993026,l40s
resnet152,gemm,224,layer2.4.conv1,512,128,1,1,0,0.6914624005556107,0.030432337855986542,0.5265721241642333,l40s
resnet152,gemm,224,layer2.4.conv2,128,128,3,1,1,0.4307055979967117,0.02564172110965628,0.3279969546345777,l40s
resnet152,gemm,224,layer2.4.conv3,128,512,1,1,0,0.7004191964864731,0.01725356226044141,0.5333930287502673,l40s
resnet152,gemm,224,layer2.5.conv1,512,128,1,1,0,0.6753632038831711,0.022778775212820738,0.5143120386088473,l40s
resnet152,gemm,224,layer2.5.conv2,128,128,3,1,1,0.426323202252388,0.02661321341710423,0.3246596112965125,l40s
resnet152,gemm,224,layer2.5.conv3,128,512,1,1,0,0.6974400013685227,0.01811802687318169,0.5311242703907406,l40s
resnet152,gemm,224,layer2.6.conv1,512,128,1,1,0,0.6841503977775574,0.022190833488374462,0.5210037854785138,l40s
resnet152,gemm,224,layer2.6.conv2,128,128,3,1,1,0.4334352001547813,0.02915876402140592,0.33007563947028684,l40s
resnet152,gemm,224,layer2.6.conv3,128,512,1,1,0,0.70138720870018,0.030084167070712806,0.5341302029584079,l40s
resnet152,gemm,224,layer2.7.conv1,512,128,1,1,0,0.6856575965881347,0.026360607840686213,0.5221515686097234,l40s
resnet152,gemm,224,layer2.7.conv2,128,128,3,1,1,0.43368800133466723,0.025022748082217522,0.33026815616270105,l40s
resnet152,gemm,224,layer2.7.conv3,128,512,1,1,0,0.7068848043680191,0.022765779815229054,0.5383168089492528,l40s
resnet152,gemm,224,layer3.0.conv1,512,256,1,1,0,0.8928496032953263,0.045874379284014624,0.6799353251726105,l40s
resnet152,gemm,224,layer3.0.conv2,256,256,3,2,1,1.0540880113840103,0.11242712549578213,0.8027238542031048,l40s
resnet152,gemm,224,layer3.0.conv3,256,1024,1,1,0,0.5486832022666931,0.045447023539857544,0.41784091091381015,l40s
resnet152,gemm,224,layer3.0.downsample.0,512,1024,1,2,0,1.0291183978319167,0.11755697183666326,0.7837086446456207,l40s
resnet152,gemm,224,layer3.1.conv1,1024,256,1,1,0,0.6500639975070953,0.047818808071048935,0.49504583291145154,l40s
resnet152,gemm,224,layer3.1.conv2,256,256,3,1,1,1.011044803261757,0.10327334320883196,0.769944987971816,l40s
resnet152,gemm,224,layer3.1.conv3,256,1024,1,1,0,0.551137599349022,0.04257240867306267,0.41971001772879524,l40s
resnet152,gemm,224,layer3.2.conv1,1024,256,1,1,0,0.6345055997371674,0.04485378986858238,0.4831975841046907,l40s
resnet152,gemm,224,layer3.2.conv2,256,256,3,1,1,1.0144783973693847,0.10765931097172837,0.7725597866091947,l40s
resnet152,gemm,224,layer3.2.conv3,256,1024,1,1,0,0.5478031992912292,0.04845029955133789,0.4171707587324501,l40s
resnet152,gemm,224,layer3.3.conv1,1024,256,1,1,0,0.6341120004653931,0.04725694275269651,0.4828978448788974,l40s
resnet152,gemm,224,layer3.3.conv2,256,256,3,1,1,1.0116031974554063,0.09981346101434846,0.7703702241327911,l40s
resnet152,gemm,224,layer3.3.conv3,256,1024,1,1,0,0.547079998254776,0.048799812443599135,0.41662001655810055,l40s
resnet152,gemm,224,layer3.4.conv1,1024,256,1,1,0,0.632748794555664,0.045672978480096334,0.4818597172366967,l40s
resnet152,gemm,224,layer3.4.conv2,256,256,3,1,1,1.009951999783516,0.09642349956414209,0.769112780973476,l40s
resnet152,gemm,224,layer3.4.conv3,256,1024,1,1,0,0.5426207989454269,0.04322420898204696,0.41322418469434496,l40s
resnet152,gemm,224,layer3.5.conv1,1024,256,1,1,0,0.6306672096252441,0.044405241125856934,0.480274519549073,l40s
resnet152,gemm,224,layer3.5.conv2,256,256,3,1,1,1.0243440091609954,0.11447669780063857,0.7800727853682218,l40s
resnet152,gemm,224,layer3.5.conv3,256,1024,1,1,0,0.5479456007480621,0.044622561535011665,0.41727920228274046,l40s
resnet152,gemm,224,layer3.6.conv1,1024,256,1,1,0,0.6302767992019653,0.046241598210478116,0.4799772087398135,l40s
resnet152,gemm,224,layer3.6.conv2,256,256,3,1,1,1.0008671969175338,0.09881678383464373,0.7621943947547754,l40s
resnet152,gemm,224,layer3.6.conv3,256,1024,1,1,0,0.5463599979877471,0.047394639192928516,0.41607171187847725,l40s
resnet152,gemm,224,layer3.7.conv1,1024,256,1,1,0,0.6331695973873138,0.049944966607306136,0.48218017289811527,l40s
resnet152,gemm,224,layer3.7.conv2,256,256,3,1,1,1.0032064020633698,0.09961106728508504,0.7639757789941917,l40s
resnet152,gemm,224,layer3.7.conv3,256,1024,1,1,0,0.5451312035322189,0.04685757181438902,0.4151359431279438,l40s
resnet152,gemm,224,layer3.8.conv1,1024,256,1,1,0,0.630703991651535,0.04443974284304474,0.480302530312492,l40s
resnet152,gemm,224,layer3.8.conv2,256,256,3,1,1,1.0042080014944077,0.10230472042495796,0.7647385310101213,l40s
resnet152,gemm,224,layer3.8.conv3,256,1024,1,1,0,0.5504048049449921,0.05072125691961531,0.4191519698789113,l40s
resnet152,gemm,224,layer3.9.conv1,1024,256,1,1,0,0.6367567986249923,0.04651222654138857,0.4849119485868746,l40s
resnet152,gemm,224,layer3.9.conv2,256,256,3,1,1,1.0023584067821503,0.1071618460269497,0.7633300017600946,l40s
resnet152,gemm,224,layer3.9.conv3,256,1024,1,1,0,0.5464511930942535,0.044888525849576526,0.41614116005224316,l40s
resnet152,gemm,224,layer3.10.conv1,1024,256,1,1,0,0.6392879992723465,0.045054911983978665,0.4868395439275499,l40s
resnet152,gemm,224,layer3.10.conv2,256,256,3,1,1,1.010908806324005,0.09890840455127045,0.7698414216805263,l40s
resnet152,gemm,224,layer3.10.conv3,256,1024,1,1,0,0.5454447984695434,0.046021684027320035,0.4153747563333205,l40s
resnet152,gemm,224,layer3.11.conv1,1024,256,1,1,0,0.6279648005962372,0.044839423289007585,0.47821654320557067,l40s
resnet152,gemm,224,layer3.11.conv2,256,256,3,1,1,1.0055968105792998,0.10442756423189384,0.7657961563405842,l40s
resnet152,gemm,224,layer3.11.conv3,256,1024,1,1,0,0.5491167962551117,0.05119227493283837,0.41817110747594133,l40s
resnet152,gemm,224,layer3.12.conv1,1024,256,1,1,0,0.6332656055688858,0.04453103083579661,0.4822532863921634,l40s
resnet152,gemm,224,layer3.12.conv2,256,256,3,1,1,1.010649600625038,0.0951804092354849,0.7696440277291113,l40s
resnet152,gemm,224,layer3.12.conv3,256,1024,1,1,0,0.5444895952939988,0.04701750627855376,0.41464733664318143,l40s
resnet152,gemm,224,layer3.13.conv1,1024,256,1,1,0,0.6318096041679382,0.046860289098067415,0.4811444918288335,l40s
resnet152,gemm,224,layer3.13.conv2,256,256,3,1,1,1.0016623973846435,0.09948292825909384,0.7627999669431776,l40s
resnet152,gemm,224,layer3.13.conv3,256,1024,1,1,0,0.5433760017156601,0.04698851832830732,0.4137992972768612,l40s
resnet152,gemm,224,layer3.14.conv1,1024,256,1,1,0,0.6331632018089295,0.046661963777877714,0.4821753024477591,l40s
resnet152,gemm,224,layer3.14.conv2,256,256,3,1,1,1.00483680665493,0.09953298218064496,0.7652173875159785,l40s
resnet152,gemm,224,layer3.14.conv3,256,1024,1,1,0,0.54684319794178,0.04444139944411841,0.41643968506976964,l40s
resnet152,gemm,224,layer3.15.conv1,1024,256,1,1,0,0.6357280015945435,0.04421794573800432,0.48412848467441594,l40s
resnet152,gemm,224,layer3.15.conv2,256,256,3,1,1,0.9889792054891586,0.03431072259244489,0.7531412851519167,l40s
resnet152,gemm,224,layer3.15.conv3,256,1024,1,1,0,0.544486403465271,0.046548725612460644,0.4146449059570996,l40s
resnet152,gemm,224,layer3.16.conv1,1024,256,1,1,0,0.6370432049036026,0.047020941358987385,0.48513005670436665,l40s
resnet152,gemm,224,layer3.16.conv2,256,256,3,1,1,1.0793840050697328,0.31801205285449546,0.8219876133275816,l40s
resnet152,gemm,224,layer3.16.conv3,256,1024,1,1,0,0.5589471995830536,0.10486853072543077,0.4256572937929791,l40s
resnet152,gemm,224,layer3.17.conv1,1024,256,1,1,0,0.6320319950580597,0.04700111338938237,0.4813138500517998,l40s
resnet152,gemm,224,layer3.17.conv2,256,256,3,1,1,1.016089603304863,0.09776931016141356,0.7737867747017202,l40s
resnet152,gemm,224,layer3.17.conv3,256,1024,1,1,0,0.5465535998344422,0.04580957776401099,0.4162191462661957,l40s
resnet152,gemm,224,layer3.18.conv1,1024,256,1,1,0,0.634935998916626,0.046481115205168594,0.4835253477111919,l40s
resnet152,gemm,224,layer3.18.conv2,256,256,3,1,1,0.9945248037576675,0.10077529327876583,0.7573644467550115,l40s
resnet152,gemm,224,layer3.18.conv3,256,1024,1,1,0,0.5433088034391403,0.04668265825541668,0.413748123504898,l40s
resnet152,gemm,224,layer3.19.conv1,1024,256,1,1,0,0.6336191952228546,0.04714420189001236,0.4825225569338779,l40s
resnet152,gemm,224,layer3.19.conv2,256,256,3,1,1,1.0084640055894851,0.10648450845139681,0.7679796228106239,l40s
resnet152,gemm,224,layer3.19.conv3,256,1024,1,1,0,0.5494815975427627,0.04624992928780484,0.41844891605784235,l40s
resnet152,gemm,224,layer3.20.conv1,1024,256,1,1,0,0.6327791929244995,0.045606250401925466,0.481882866627952,l40s
resnet152,gemm,224,layer3.20.conv2,256,256,3,1,1,1.009369596838951,0.10159420271515855,0.7686692613325055,l40s
resnet152,gemm,224,layer3.20.conv3,256,1024,1,1,0,0.5450688034296036,0.046361811006300144,0.4150884233285219,l40s
resnet152,gemm,224,layer3.21.conv1,1024,256,1,1,0,0.6351647973060608,0.04699934619169945,0.48369958546270697,l40s
resnet152,gemm,224,layer3.21.conv2,256,256,3,1,1,1.0148384064435958,0.09980773279383112,0.7728339457576507,l40s
resnet152,gemm,224,layer3.21.conv3,256,1024,1,1,0,0.5438672006130219,0.04543226262902139,0.4141733619354212,l40s
resnet152,gemm,224,layer3.22.conv1,1024,256,1,1,0,0.6315824031829834,0.04485308647427577,0.4809714705551335,l40s
resnet152,gemm,224,layer3.22.conv2,256,256,3,1,1,1.0082959949970245,0.1037295682464565,0.767851677032975,l40s
resnet152,gemm,224,layer3.22.conv3,256,1024,1,1,0,0.5464496046304703,0.04682299338334156,0.4161399503830728,l40s
resnet152,gemm,224,layer3.23.conv1,1024,256,1,1,0,0.6342319935560227,0.047728950077864,0.4829892236965556,l40s
resnet152,gemm,224,layer3.23.conv2,256,256,3,1,1,0.9905055969953537,0.03335407549453029,0.7543036841732916,l40s
resnet152,gemm,224,layer3.23.conv3,256,1024,1,1,0,0.5474351972341538,0.04737061172071875,0.4168905126558227,l40s
resnet152,gemm,224,layer3.24.conv1,1024,256,1,1,0,0.6336015969514847,0.046328420821079304,0.4825091552519796,l40s
resnet152,gemm,224,layer3.24.conv2,256,256,3,1,1,1.00521439909935,0.09473709731589959,0.7655049369985922,l40s
resnet152,gemm,224,layer3.24.conv3,256,1024,1,1,0,0.5492848038673401,0.04944490055105039,0.4182990509840422,l40s
resnet152,gemm,224,layer3.25.conv1,1024,256,1,1,0,0.6329360008239746,0.04434102185735502,0.4820022811740589,l40s
resnet152,gemm,224,layer3.25.conv2,256,256,3,1,1,0.9974815994501114,0.10110267109192422,0.7596161471905504,l40s
resnet152,gemm,224,layer3.25.conv3,256,1024,1,1,0,0.54684319794178,0.046148512099541995,0.41643968506976964,l40s
resnet152,gemm,224,layer3.26.conv1,1024,256,1,1,0,0.6345775961875916,0.042246087938625075,0.4832524118491952,l40s
resnet152,gemm,224,layer3.26.conv2,256,256,3,1,1,1.0089215964078904,0.10439210494248484,0.7683280937745579,l40s
resnet152,gemm,224,layer3.26.conv3,256,1024,1,1,0,0.545276802778244,0.045294336427695085,0.41524682190341233,l40s
resnet152,gemm,224,layer3.27.conv1,1024,256,1,1,0,0.6322511970996857,0.04754501403033289,0.48148077985823234,l40s
resnet152,gemm,224,layer3.27.conv2,256,256,3,1,1,1.0041599988937377,0.09710608317449891,0.7647019753978713,l40s
resnet152,gemm,224,layer3.27.conv3,256,1024,1,1,0,0.5483872026205063,0.04052761443432262,0.41761549712078366,l40s
resnet152,gemm,224,layer3.28.conv1,1024,256,1,1,0,0.6300896048545838,0.04562458831509761,0.4798346538806439,l40s
resnet152,gemm,224,layer3.28.conv2,256,256,3,1,1,1.0053295940160751,0.09783880158515822,0.7655926618437091,l40s
resnet152,gemm,224,layer3.28.conv3,256,1024,1,1,0,0.5457824051380158,0.044327803698337824,0.41563185528824076,l40s
resnet152,gemm,224,layer3.29.conv1,1024,256,1,1,0,0.6333184003829956,0.04419717139485906,0.4822934914378583,l40s
resnet152,gemm,224,layer3.29.conv2,256,256,3,1,1,1.0090032070875168,0.10643550303638206,0.7683902430814339,l40s
resnet152,gemm,224,layer3.29.conv3,256,1024,1,1,0,0.5445039987564086,0.046299470739833634,0.41465830536944964,l40s
resnet152,gemm,224,layer3.30.conv1,1024,256,1,1,0,0.6318176001310348,0.046541832791763944,0.481150581026553,l40s
resnet152,gemm,224,layer3.30.conv2,256,256,3,1,1,1.0038352072238923,0.10974987298145371,0.764454635500049,l40s
resnet152,gemm,224,layer3.30.conv3,256,1024,1,1,0,0.545793604850769,0.04194973468032293,0.41564038425023453,l40s
resnet152,gemm,224,layer3.31.conv1,1024,256,1,1,0,0.6311375975608826,0.04518552028128759,0.4806327359528158,l40s
resnet152,gemm,224,layer3.31.conv2,256,256,3,1,1,0.9839632004499436,0.031239732026344856,0.7493214267963566,l40s
resnet152,gemm,224,layer3.31.conv3,256,1024,1,1,0,0.5428575962781906,0.043007809139003,0.4134045139131277,l40s
resnet152,gemm,224,layer3.32.conv1,1024,256,1,1,0,0.6282112032175065,0.04425611322636399,0.4784041871780805,l40s
resnet152,gemm,224,layer3.32.conv2,256,256,3,1,1,1.0028959900140761,0.11187462405144416,0.7637393896662523,l40s
resnet152,gemm,224,layer3.32.conv3,256,1024,1,1,0,0.5418864011764526,0.0441438311352594,0.4126649158275497,l40s
resnet152,gemm,224,layer3.33.conv1,1024,256,1,1,0,0.6378831952810288,0.04742701267836826,0.48576973793210004,l40s
resnet152,gemm,224,layer3.33.conv2,256,256,3,1,1,1.0183919966220856,0.0982892458588393,0.7755401254822358,l40s
resnet152,gemm,224,layer3.33.conv3,256,1024,1,1,0,0.5504975974559784,0.04656481593014843,0.4192226345304922,l40s
resnet152,gemm,224,layer3.34.conv1,1024,256,1,1,0,0.6339696049690247,0.04521379974786263,0.48278940586770336,l40s
resnet152,gemm,224,layer3.34.conv2,256,256,3,1,1,1.0028656005859375,0.09526221253638403,0.7637162470836416,l40s
resnet152,gemm,224,layer3.34.conv3,256,1024,1,1,0,0.5448767960071563,0.04528125585605573,0.41494220314907015,l40s
resnet152,gemm,224,layer3.35.conv1,1024,256,1,1,0,0.6369008004665375,0.04650692119588543,0.48502161088452816,l40s
resnet152,gemm,224,layer3.35.conv2,256,256,3,1,1,1.018745595216751,0.09657682792343938,0.7758094028325948,l40s
resnet152,gemm,224,layer3.35.conv3,256,1024,1,1,0,0.5452463984489441,0.046352915808207294,0.4152236679730607,l40s
resnet152,gemm,224,layer4.0.conv1,1024,512,1,1,0,0.8063376009464264,0.024542100715418156,0.6140534944238139,l40s
resnet152,gemm,224,layer4.0.conv2,512,512,3,2,1,1.615912002325058,0.05880603203265824,1.230571922411206,l40s
resnet152,gemm,224,layer4.0.conv3,512,2048,1,1,0,0.933649605512619,0.09098159052854254,0.7110059138498865,l40s
resnet152,gemm,224,layer4.0.downsample.0,1024,2048,1,2,0,1.355366402864456,0.10726400112612232,1.0321575912207155,l40s
resnet152,gemm,224,layer4.1.conv1,2048,512,1,1,0,1.3061183929443358,0.09186903448629039,0.9946535574892192,l40s
resnet152,gemm,224,layer4.1.conv2,512,512,3,1,1,1.614063996076584,0.13935070148164627,1.2291646028303498,l40s
resnet152,gemm,224,layer4.1.conv3,512,2048,1,1,0,0.9304591953754425,0.09270766633067763,0.7085763080730023,l40s
resnet152,gemm,224,layer4.2.conv1,2048,512,1,1,0,1.297030395269394,0.10124307553224564,0.987732738314889,l40s
resnet152,gemm,224,layer4.2.conv2,512,512,3,1,1,1.5850447952747344,0.06559391505681053,1.2070654949171795,l40s
resnet152,gemm,224,layer4.2.conv3,512,2048,1,1,0,0.9360207974910736,0.0918334302819215,0.7128116571497286,l40s
resnet152,gemm,226,conv1,3,64,7,2,3,0.8670688003301621,0.04091995272185798,0.5816238320568482,l40s
resnet152,gemm,226,layer1.0.conv1,64,64,1,1,0,0.43308480083942413,0.04293357451171453,0.2905103278700459,l40s
resnet152,gemm,226,layer1.0.conv2,64,64,3,1,1,0.4916575998067856,0.009266645677594382,0.32980056155936793,l40s
resnet152,gemm,226,layer1.0.conv3,64,256,1,1,0,0.8817216008901596,0.036161716420575654,0.5914528306424568,l40s
resnet152,gemm,226,layer1.0.downsample.0,64,256,1,1,0,1.0476143956184387,0.026713715250173756,0.7027325848485145,l40s
resnet152,gemm,226,layer1.1.conv1,256,64,1,1,0,0.8332000106573105,0.01872455832759404,0.5589048791558207,l40s
resnet152,gemm,226,layer1.1.conv2,64,64,3,1,1,0.4897487983107567,0.010928457841014259,0.32852015054661615,l40s
resnet152,gemm,226,layer1.1.conv3,64,256,1,1,0,0.8583616018295288,0.06775831642811879,0.5757831027439152,l40s
resnet152,gemm,226,layer1.2.conv1,256,64,1,1,0,0.8299071967601777,0.01679038623860841,0.5566960820726237,l40s
resnet152,gemm,226,layer1.2.conv2,64,64,3,1,1,0.49164959937334063,0.016140488676111467,0.32979519492322945,l40s
resnet152,gemm,226,layer1.2.conv3,64,256,1,1,0,0.9770735979080201,0.020492484868292773,0.6554142993040941,l40s
resnet152,gemm,226,layer2.0.conv1,256,128,1,1,0,1.1363056004047394,0.04037558996882551,0.7622260395523446,l40s
resnet152,gemm,226,layer2.0.conv2,128,128,3,2,1,0.7069680005311966,0.03659218219135675,0.47422930850925543,l40s
resnet152,gemm,226,layer2.0.conv3,128,512,1,1,0,0.7603344053030014,0.019070850751413765,0.5100271285146055,l40s
resnet152,gemm,226,layer2.0.downsample.0,256,512,1,2,0,1.2059471964836121,0.0524860875458548,0.8089411467808894,l40s
resnet152,gemm,226,layer2.1.conv1,512,128,1,1,0,0.7040240049362183,0.021794973109456602,0.4722544963618713,l40s
resnet152,gemm,226,layer2.1.conv2,128,128,3,1,1,0.46706079989671706,0.02540636165675185,0.31330119609427204,l40s
resnet152,gemm,226,layer2.1.conv3,128,512,1,1,0,0.7931088089942933,0.023988478469006733,0.5320119747702299,l40s
resnet152,gemm,226,layer2.2.conv1,512,128,1,1,0,0.7025407910346985,0.02154062282321239,0.47125956660216434,l40s
resnet152,gemm,226,layer2.2.conv2,128,128,3,1,1,0.4585616007447243,0.025202407080415108,0.30759999132446136,l40s
resnet152,gemm,226,layer2.2.conv3,128,512,1,1,0,0.7931247979402543,0.021641780426465727,0.532022700046029,l40s
resnet152,gemm,226,layer2.3.conv1,512,128,1,1,0,0.6935872048139572,0.019818978983304054,0.46525356208859403,l40s
resnet152,gemm,226,layer2.3.conv2,128,128,3,1,1,0.4549024015665054,0.02406678109933929,0.3051454254959083,l40s
resnet152,gemm,226,layer2.3.conv3,128,512,1,1,0,0.7721295952796936,0.017132282392751608,0.5179392614289371,l40s
resnet152,gemm,226,layer2.4.conv1,512,128,1,1,0,0.6991199940443039,0.027441983441353446,0.4689649193337074,l40s
resnet152,gemm,226,layer2.4.conv2,128,128,3,1,1,0.4538879990577698,0.02785671712077985,0.30446497121805366,l40s
resnet152,gemm,226,layer2.4.conv3,128,512,1,1,0,0.7952624052762985,0.022409912878026978,0.5334565924542779,l40s
resnet152,gemm,226,layer2.5.conv1,512,128,1,1,0,0.7002191960811615,0.02541278038043329,0.4697022565561266,l40s
resnet152,gemm,226,layer2.5.conv2,128,128,3,1,1,0.45236479938030244,0.026279101924083427,0.3034432192728113,l40s
resnet152,gemm,226,layer2.5.conv3,128,512,1,1,0,0.7720799952745437,0.027286080302587116,0.5179059900840861,l40s
resnet152,gemm,226,layer2.6.conv1,512,128,1,1,0,0.7077344059944153,0.02527841393675999,0.4747434080619747,l40s
resnet152,gemm,226,layer2.6.conv2,128,128,3,1,1,0.4575471982359886,0.024200115081569655,0.30691953704660674,l40s
resnet152,gemm,226,layer2.6.conv3,128,512,1,1,0,0.7994560033082962,0.02600048630498447,0.5362696293857738,l40s
resnet152,gemm,226,layer2.7.conv1,512,128,1,1,0,0.6944543957710266,0.025625655993542794,0.4658352678625576,l40s
resnet152,gemm,226,layer2.7.conv2,128,128,3,1,1,0.45144320130348203,0.02717467209565491,0.30282501757433894,l40s
resnet152,gemm,226,layer2.7.conv3,128,512,1,1,0,0.7850383967161179,0.03163995575823041,0.5265983973081834,l40s
resnet152,gemm,226,layer3.0.conv1,512,256,1,1,0,0.8956496000289917,0.039075372527768264,0.6007956373827378,l40s
resnet152,gemm,226,layer3.0.conv2,256,256,3,2,1,1.0195104002952575,0.01659991207349275,0.6838806166428171,l40s
resnet152,gemm,226,layer3.0.conv3,256,1024,1,1,0,0.7423728048801422,0.04703411611252054,0.49797860956912016,l40s
resnet152,gemm,226,layer3.0.downsample.0,512,1024,1,2,0,1.061019203066826,0.09082287644553261,0.7117244381745094,l40s
resnet152,gemm,226,layer3.1.conv1,1024,256,1,1,0,0.8089279949665069,0.05583143254643157,0.5426233767278085,l40s
resnet152,gemm,226,layer3.1.conv2,256,256,3,1,1,0.98022720515728,0.029922766456114136,0.6575297175182178,l40s
resnet152,gemm,226,layer3.1.conv3,256,1024,1,1,0,0.722489595413208,0.05333726181643041,0.48464108839508674,l40s
resnet152,gemm,226,layer3.2.conv1,1024,256,1,1,0,0.7987455934286117,0.051532378359838586,0.535793091288225,l40s
resnet152,gemm,226,layer3.2.conv2,256,256,3,1,1,0.9763904005289078,0.017761044310506364,0.6549560151661581,l40s
resnet152,gemm,226,layer3.2.conv3,256,1024,1,1,0,0.7224895983934403,0.052567346457769185,0.48464109039420616,l40s
resnet152,gemm,226,layer3.3.conv1,1024,256,1,1,0,0.800407999753952,0.04842534964498327,0.5369082221025409,l40s
resnet152,gemm,226,layer3.3.conv2,256,256,3,1,1,0.967070397734642,0.029647970511022154,0.6487042209164777,l40s
resnet152,gemm,226,layer3.3.conv3,256,1024,1,1,0,0.7241055965423584,0.044898836222662275,0.48572509092059185,l40s
resnet152,gemm,226,layer3.4.conv1,1024,256,1,1,0,0.8034447997808456,0.04642664875449418,0.5389452868293072,l40s
resnet152,gemm,226,layer3.4.conv2,256,256,3,1,1,0.9657056033611298,0.020546262930295187,0.6477887261677455,l40s
resnet152,gemm,226,layer3.4.conv3,256,1024,1,1,0,0.7240911990404129,0.04378523024903517,0.485715433174574,l40s
resnet152,gemm,226,layer3.5.conv1,1024,256,1,1,0,0.7942736029624939,0.04563134945243414,0.5327933106124186,l40s
resnet152,gemm,226,layer3.5.conv2,256,256,3,1,1,0.9739791929721833,0.02625196017865133,0.6533385935976591,l40s
resnet152,gemm,226,layer3.5.conv3,256,1024,1,1,0,0.7257216006517411,0.055418582826314323,0.4868090954452165,l40s
resnet152,gemm,226,layer3.6.conv1,1024,256,1,1,0,0.7911871999502182,0.047520297782454486,0.5307229725416819,l40s
resnet152,gemm,226,layer3.6.conv2,256,256,3,1,1,0.9673456013202667,0.023918368292540522,0.6488888256029868,l40s
resnet152,gemm,226,layer3.6.conv3,256,1024,1,1,0,0.7215647965669632,0.04525992067207728,0.48402073964233505,l40s
resnet152,gemm,226,layer3.7.conv1,1024,256,1,1,0,0.7935247957706452,0.04989452660141189,0.5322910158599965,l40s
resnet152,gemm,226,layer3.7.conv2,256,256,3,1,1,0.9712959975004196,0.031267778783412165,0.6515387243925275,l40s
resnet152,gemm,226,layer3.7.conv3,256,1024,1,1,0,0.7225072026252747,0.056163546735156195,0.4846528991927421,l40s
resnet152,gemm,226,layer3.8.conv1,1024,256,1,1,0,0.7984751850366593,0.0477397439173986,0.535611703184896,l40s
resnet152,gemm,226,layer3.8.conv2,256,256,3,1,1,0.9666991978883743,0.021456500897703193,0.6484552225936653,l40s
resnet152,gemm,226,layer3.8.conv3,256,1024,1,1,0,0.7152272015810013,0.0493067939252942,0.4797695241905095,l40s
resnet152,gemm,226,layer3.9.conv1,1024,256,1,1,0,0.7906415969133377,0.047037514227023305,0.5303569857492019,l40s
resnet152,gemm,226,layer3.9.conv2,256,256,3,1,1,0.9729375928640366,0.03788902226573417,0.652639895355789,l40s
resnet152,gemm,226,layer3.9.conv3,256,1024,1,1,0,0.7174288004636764,0.05797932875459294,0.4812463416913883,l40s
resnet152,gemm,226,layer3.10.conv1,1024,256,1,1,0,0.789438396692276,0.05500484108563619,0.5295498872547812,l40s
resnet152,gemm,226,layer3.10.conv2,256,256,3,1,1,0.9690448075532914,0.029353960825301322,0.650028641544156,l40s
resnet152,gemm,226,layer3.10.conv3,256,1024,1,1,0,0.729475200176239,0.05031854139856608,0.48932698438161226,l40s
resnet152,gemm,226,layer3.11.conv1,1024,256,1,1,0,0.798718398809433,0.054534025495978584,0.5357748493233291,l40s
resnet152,gemm,226,layer3.11.conv2,256,256,3,1,1,0.965275201201439,0.027429980010406613,0.6475000153372444,l40s
resnet152,gemm,226,layer3.11.conv3,256,1024,1,1,0,0.7208095997571945,0.0576102031594556,0.4835141587778321,l40s
resnet152,gemm,226,layer3.12.conv1,1024,256,1,1,0,0.8008560001850128,0.04997915948082651,0.5372087377333391,l40s
resnet152,gemm,226,layer3.12.conv2,256,256,3,1,1,0.9693392038345336,0.025261894841473575,0.650226120559863,l40s
resnet152,gemm,226,layer3.12.conv3,256,1024,1,1,0,0.7270992010831833,0.048286702657362505,0.4877331804101852,l40s
resnet152,gemm,226,layer3.13.conv1,1024,256,1,1,0,0.7899744033813476,0.04739856013662176,0.5299094368826622,l40s
resnet152,gemm,226,layer3.13.conv2,256,256,3,1,1,0.9791552066802979,0.03344439195471172,0.6568106282580529,l40s
resnet152,gemm,226,layer3.13.conv3,256,1024,1,1,0,0.7195008039474488,0.050568179117917486,0.48263622748339,l40s
resnet152,gemm,226,layer3.14.conv1,1024,256,1,1,0,0.7998912036418915,0.05300579155125753,0.5365615587985744,l40s
resnet152,gemm,226,layer3.14.conv2,256,256,3,1,1,0.9662736028432846,0.02337949589517956,0.6481697363428219,l40s
resnet152,gemm,226,layer3.14.conv3,256,1024,1,1,0,0.7256015986204147,0.04623587157026694,0.48672859890181874,l40s
resnet152,gemm,226,layer3.15.conv1,1024,256,1,1,0,0.7991903930902481,0.047019950062256365,0.5360914598647442,l40s
resnet152,gemm,226,layer3.15.conv2,256,256,3,1,1,0.9677295953035354,0.022628697675861082,0.649146406145558,l40s
resnet152,gemm,226,layer3.15.conv3,256,1024,1,1,0,0.7261280000209809,0.0505416099054503,0.4870817053677426,l40s
resnet152,gemm,226,layer3.16.conv1,1024,256,1,1,0,0.7957263976335526,0.044721139937451485,0.5337678353599948,l40s
resnet152,gemm,226,layer3.16.conv2,256,256,3,1,1,0.9621200054883957,0.026040034111350075,0.6453835315924588,l40s
resnet152,gemm,226,layer3.16.conv3,256,1024,1,1,0,0.7128112047910691,0.04703198444437679,0.4781488900370694,l40s
resnet152,gemm,226,layer3.17.conv1,1024,256,1,1,0,0.8038639962673187,0.04838004799988796,0.5392264809707116,l40s
resnet152,gemm,226,layer3.17.conv2,256,256,3,1,1,0.9652000039815902,0.022853176616171558,0.6474495735555175,l40s
resnet152,gemm,226,layer3.17.conv3,256,1024,1,1,0,0.7143711984157562,0.05134010603446185,0.47919532311092616,l40s
resnet152,gemm,226,layer3.18.conv1,1024,256,1,1,0,0.7841392010450363,0.04510496829887286,0.5259952229905466,l40s
resnet152,gemm,226,layer3.18.conv2,256,256,3,1,1,0.976625606417656,0.0351306934251189,0.655113789670654,l40s
resnet152,gemm,226,layer3.18.conv3,256,1024,1,1,0,0.7148191928863525,0.053900120616133536,0.47949583474348556,l40s
resnet152,gemm,226,layer3.19.conv1,1024,256,1,1,0,0.7986496061086654,0.051643462594309325,0.5357287036492803,l40s
resnet152,gemm,226,layer3.19.conv2,256,256,3,1,1,0.9705952048301697,0.034093488803100536,0.6510686374534138,l40s
resnet152,gemm,226,layer3.19.conv3,256,1024,1,1,0,0.7160240054130554,0.05793105804570232,0.48030401476152357,l40s
resnet152,gemm,226,layer3.20.conv1,1024,256,1,1,0,0.7904447972774505,0.05706104055687095,0.5302249738969377,l40s
resnet152,gemm,226,layer3.20.conv2,256,256,3,1,1,0.9681456059217453,0.03377595877946894,0.6494254632282801,l40s
resnet152,gemm,226,layer3.20.conv3,256,1024,1,1,0,0.7170415997505188,0.047793640591507945,0.48098661009629906,l40s
resnet152,gemm,226,layer3.21.conv1,1024,256,1,1,0,0.801528000831604,0.059256231569215397,0.5376595111795365,l40s
resnet152,gemm,226,layer3.21.conv2,256,256,3,1,1,0.9781152129173278,0.030977233262526355,0.6561130075415613,l40s
resnet152,gemm,226,layer3.21.conv3,256,1024,1,1,0,0.7150752007961273,0.04946056183107473,0.47966756310167735,l40s
resnet152,gemm,226,layer3.22.conv1,1024,256,1,1,0,0.7972623974084854,0.045153329016330034,0.5347981735232348,l40s
resnet152,gemm,226,layer3.22.conv2,256,256,3,1,1,0.9713744014501572,0.03153389236226911,0.6515913172267724,l40s
resnet152,gemm,226,layer3.22.conv3,256,1024,1,1,0,0.7150656014680863,0.047460953534983516,0.479661123937959,l40s
resnet152,gemm,226,layer3.23.conv1,1024,256,1,1,0,0.8013455986976623,0.050750005360037334,0.5375371570732901,l40s
resnet152,gemm,226,layer3.23.conv2,256,256,3,1,1,0.9737344026565552,0.02617389510804702,0.653174389925042,l40s
resnet152,gemm,226,layer3.23.conv3,256,1024,1,1,0,0.7244144022464752,0.05434931244465997,0.48593223567879457,l40s
resnet152,gemm,226,layer3.24.conv1,1024,256,1,1,0,0.8054448038339614,0.05696618888847204,0.5402868758947419,l40s
resnet152,gemm,226,layer3.24.conv2,256,256,3,1,1,0.9680463999509812,0.034350673608923424,0.6493589165403394,l40s
resnet152,gemm,226,layer3.24.conv3,256,1024,1,1,0,0.7282047986984252,0.05446472126068823,0.4884748077429241,l40s
resnet152,gemm,226,layer3.25.conv1,1024,256,1,1,0,0.7935135960578918,0.050300678452774375,0.5322835031691384,l40s
resnet152,gemm,226,layer3.25.conv2,256,256,3,1,1,0.968495997786522,0.027648681106041007,0.6496605036991578,l40s
resnet152,gemm,226,layer3.25.conv3,256,1024,1,1,0,0.7197551995515823,0.05056195138357956,0.48280687431796443,l40s
resnet152,gemm,226,layer3.26.conv1,1024,256,1,1,0,0.8051936000585556,0.05383459036061311,0.5401183701170884,l40s
resnet152,gemm,226,layer3.26.conv2,256,256,3,1,1,0.9778479933738708,0.026310171023485995,0.6559337584960337,l40s
resnet152,gemm,226,layer3.26.conv3,256,1024,1,1,0,0.7234416007995605,0.04824599402980292,0.48527968710921215,l40s
resnet152,gemm,226,layer3.27.conv1,1024,256,1,1,0,0.7986992001533508,0.053467990727431976,0.5357619709958923,l40s
resnet152,gemm,226,layer3.27.conv2,256,256,3,1,1,0.9695232033729553,0.018527150025680575,0.6503495461941294,l40s
resnet152,gemm,226,layer3.27.conv3,256,1024,1,1,0,0.7214640021324158,0.04485475550397224,0.4839531274237324,l40s
resnet152,gemm,226,layer3.28.conv1,1024,256,1,1,0,0.7868704080581665,0.052100621334007426,0.5278272980098674,l40s
resnet152,gemm,226,layer3.28.conv2,256,256,3,1,1,0.979449599981308,0.028124909919578913,0.6570081052746405,l40s
resnet152,gemm,226,layer3.28.conv3,256,1024,1,1,0,0.7182623952627182,0.050514705867358095,0.4818055113918973,l40s
resnet152,gemm,226,layer3.29.conv1,1024,256,1,1,0,0.7965519994497299,0.0508133467661555,0.5343216434221639,l40s
resnet152,gemm,226,layer3.29.conv2,256,256,3,1,1,0.969017606973648,0.024904890965256787,0.650010395581021,l40s
resnet152,gemm,226,layer3.29.conv3,256,1024,1,1,0,0.7369887977838516,0.12330770328246918,0.49436705436384293,l40s
resnet152,gemm,226,layer3.30.conv1,1024,256,1,1,0,0.7997311979532242,0.04913810479385703,0.5364542280749247,l40s
resnet152,gemm,226,layer3.30.conv2,256,256,3,1,1,0.9690560013055801,0.027475919252054188,0.6500361502367751,l40s
resnet152,gemm,226,layer3.30.conv3,256,1024,1,1,0,0.7202544033527374,0.05324965947174209,0.4831417368198727,l40s
resnet152,gemm,226,layer3.31.conv1,1024,256,1,1,0,0.8022528052330017,0.049967211028947876,0.5381457050239835,l40s
resnet152,gemm,226,layer3.31.conv2,256,256,3,1,1,0.9760352075099945,0.03226523863565982,0.6547177541138616,l40s
resnet152,gemm,226,layer3.31.conv3,256,1024,1,1,0,0.7213104069232941,0.05576737417813624,0.4838500968059995,l40s
resnet152,gemm,226,layer3.32.conv1,1024,256,1,1,0,0.8012368023395539,0.059052941897846975,0.5374641772189893,l40s
resnet152,gemm,226,layer3.32.conv2,256,256,3,1,1,0.9719807982444764,0.036686097220638154,0.6519980840567224,l40s
resnet152,gemm,226,layer3.32.conv3,256,1024,1,1,0,0.7213919967412948,0.0450633501123769,0.48390482669892654,l40s
resnet152,gemm,226,layer3.33.conv1,1024,256,1,1,0,0.7975136011838913,0.05086820467119312,0.5349666793008883,l40s
resnet152,gemm,226,layer3.33.conv2,256,256,3,1,1,0.9771519929170609,0.04864749707865222,0.6554668861409807,l40s
resnet152,gemm,226,layer3.33.conv3,256,1024,1,1,0,0.7265247970819473,0.0507836005650025,0.48734787412743075,l40s
resnet152,gemm,226,layer3.34.conv1,1024,256,1,1,0,0.8002143949270248,0.05313263539742149,0.5367783533063171,l40s
resnet152,gemm,226,layer3.34.conv2,256,256,3,1,1,0.9822303950786591,0.03449363637062612,0.6588734436423345,l40s
resnet152,gemm,226,layer3.34.conv3,256,1024,1,1,0,0.7234880030155182,0.05871200901855993,0.48531081339890325,l40s
resnet152,gemm,226,layer3.35.conv1,1024,256,1,1,0,0.8048576027154922,0.058372226650848236,0.5398929853931091,l40s
resnet152,gemm,226,layer3.35.conv2,256,256,3,1,1,0.9677376031875611,0.03698879419121781,0.6491517777794952,l40s
resnet152,gemm,226,layer3.35.conv3,256,1024,1,1,0,0.7176047980785369,0.052438388148499694,0.48136439968995665,l40s
resnet152,gemm,226,layer4.0.conv1,1024,512,1,1,0,0.9778080016374588,0.04625331268732017,0.6559069323122595,l40s
resnet152,gemm,226,layer4.0.conv2,512,512,3,2,1,1.6261056125164033,0.045922796357236194,1.090780543966989,l40s
resnet152,gemm,226,layer4.0.conv3,512,2048,1,1,0,0.9560624033212661,0.024995764768976844,0.6413201334120835,l40s
resnet152,gemm,226,layer4.0.downsample.0,1024,2048,1,2,0,1.3826719999313355,0.0330609848957049,0.9274869384892507,l40s
resnet152,gemm,226,layer4.1.conv1,2048,512,1,1,0,1.4091088056564331,0.03588100181237115,0.94522056729393,l40s
resnet152,gemm,226,layer4.1.conv2,512,512,3,1,1,1.5853744149208069,0.03614827424625718,1.063458334678874,l40s
resnet152,gemm,226,layer4.1.conv3,512,2048,1,1,0,0.9732127994298935,0.02895077738269833,0.6528245020414176,l40s
resnet152,gemm,226,layer4.2.conv1,2048,512,1,1,0,1.384580808877945,0.030485824758604188,0.928767354499801,l40s
resnet152,gemm,226,layer4.2.conv2,512,512,3,1,1,1.6086383938789368,0.04173023858146702,1.0790636529481568,l40s
resnet152,gemm,226,layer4.2.conv3,512,2048,1,1,0,0.9693376004695893,0.025676758896202842,0.6502250450336039,l40s
resnet152,gemm,229,conv1,3,64,7,2,3,0.865366393327713,0.0218606719588783,0.5870030989708587,l40s
resnet152,gemm,229,layer1.0.conv1,64,64,1,1,0,0.4368256017565727,0.009135589716295803,0.29631146288785126,l40s
resnet152,gemm,229,layer1.0.conv2,64,64,3,1,1,0.5214271947741509,0.011497012170701726,0.35369917480051283,l40s
resnet152,gemm,229,layer1.0.conv3,64,256,1,1,0,0.9886096000671387,0.03172950605969139,0.6706025371290175,l40s
resnet152,gemm,229,layer1.0.downsample.0,64,256,1,1,0,0.9966832011938095,0.06373417319106348,0.6760790947094267,l40s
resnet152,gemm,229,layer1.1.conv1,256,64,1,1,0,0.8529184073209762,0.018740684564194657,0.5785592693765503,l40s
resnet152,gemm,229,layer1.1.conv2,64,64,3,1,1,0.5219855949282646,0.016473733364838313,0.3540779538049413,l40s
resnet152,gemm,229,layer1.1.conv3,64,256,1,1,0,0.8511631935834885,0.027170816625542257,0.5773686570403126,l40s
resnet152,gemm,229,layer1.2.conv1,256,64,1,1,0,0.8587999999523163,0.021494023856207994,0.5825489240801545,l40s
resnet152,gemm,229,layer1.2.conv2,64,64,3,1,1,0.5225472033023835,0.013811624274396745,0.3544589090379589,l40s
resnet152,gemm,229,layer1.2.conv3,64,256,1,1,0,0.9318223983049393,0.07064490543832694,0.6320821327392542,l40s
resnet152,gemm,229,layer2.0.conv1,256,128,1,1,0,1.1398432016372682,0.0425368635989459,0.7731886711349995,l40s
resnet152,gemm,229,layer2.0.conv2,128,128,3,2,1,0.7064127951860428,0.013910514008644431,0.47918026760006155,l40s
resnet152,gemm,229,layer2.0.conv3,128,512,1,1,0,0.7447279989719391,0.021239802849732207,0.5051705805281298,l40s
resnet152,gemm,229,layer2.0.downsample.0,256,512,1,2,0,1.1922912120819091,0.04166496921749774,0.8087656763240618,l40s
resnet152,gemm,229,layer2.1.conv1,512,128,1,1,0,0.7089456111192703,0.032769659054958336,0.48089835003703946,l40s
resnet152,gemm,229,layer2.1.conv2,128,128,3,1,1,0.4602543994784355,0.007528074766910997,0.3122038952424397,l40s
resnet152,gemm,229,layer2.1.conv3,128,512,1,1,0,0.7711727976799011,0.05178971187906221,0.5231088537415612,l40s
resnet152,gemm,229,layer2.2.conv1,512,128,1,1,0,0.6996800035238266,0.022757527635003955,0.4746132199299431,l40s
resnet152,gemm,229,layer2.2.conv2,128,128,3,1,1,0.4555567964911461,0.013829921458357007,0.3090173750210225,l40s
resnet152,gemm,229,layer2.2.conv3,128,512,1,1,0,0.7551071971654892,0.047437806018884414,0.5122110914047052,l40s
resnet152,gemm,229,layer2.3.conv1,512,128,1,1,0,0.6908416002988815,0.019039287356165068,0.46861787492579293,l40s
resnet152,gemm,229,layer2.3.conv2,128,128,3,1,1,0.45250559896230697,0.006161982790591976,0.30694765932740353,l40s
resnet152,gemm,229,layer2.3.conv3,128,512,1,1,0,0.7506736010313034,0.036982791025952005,0.5092036546814644,l40s
resnet152,gemm,229,layer2.4.conv1,512,128,1,1,0,0.6951759964227676,0.023765669086961268,0.47155802140768305,l40s
resnet152,gemm,229,layer2.4.conv2,128,128,3,1,1,0.450995197892189,0.009524931650684822,0.30592311051699883,l40s
resnet152,gemm,229,layer2.4.conv3,128,512,1,1,0,0.7370432049036026,0.04207226132696407,0.49995776204124637,l40s
resnet152,gemm,229,layer2.5.conv1,512,128,1,1,0,0.6941455990076065,0.02208869147283929,0.47085907298475527,l40s
resnet152,gemm,229,layer2.5.conv2,128,128,3,1,1,0.44672480076551435,0.006700204133874987,0.3030263764093166,l40s
resnet152,gemm,229,layer2.5.conv3,128,512,1,1,0,0.7446480005979538,0.044893779971125376,0.505116315313067,l40s
resnet152,gemm,229,layer2.6.conv1,512,128,1,1,0,0.6966416001319885,0.02530970378443326,0.47255218287016776,l40s
resnet152,gemm,229,layer2.6.conv2,128,128,3,1,1,0.446206396818161,0.005792303053947079,0.3026747279908416,l40s
resnet152,gemm,229,layer2.6.conv3,128,512,1,1,0,0.7351695984601975,0.03944262535776088,0.49868684050210343,l40s
resnet152,gemm,229,layer2.7.conv1,512,128,1,1,0,0.6996095955371857,0.028316787723254303,0.47456546015250184,l40s
resnet152,gemm,229,layer2.7.conv2,128,128,3,1,1,0.44915840178728106,0.007884944343178176,0.3046771584970545,l40s
resnet152,gemm,229,layer2.7.conv3,128,512,1,1,0,0.7537856012582779,0.06336767056787451,0.5113146146070138,l40s
resnet152,gemm,229,layer3.0.conv1,512,256,1,1,0,0.8820784002542496,0.023162159503522097,0.5983393375069724,l40s
resnet152,gemm,229,layer3.0.conv2,256,256,3,2,1,1.0274783968925476,0.02035319141939405,0.6969683682563921,l40s
resnet152,gemm,229,layer3.0.conv3,256,1024,1,1,0,0.7407616019248963,0.025791047689132537,0.5024800584829996,l40s
resnet152,gemm,229,layer3.0.downsample.0,512,1024,1,2,0,1.058699184656143,0.04194889979770393,0.7181463332326697,l40s
resnet152,gemm,229,layer3.1.conv1,1024,256,1,1,0,0.7986575961112976,0.017873566250463064,0.5417525889018534,l40s
resnet152,gemm,229,layer3.1.conv2,256,256,3,1,1,0.9937007963657379,0.03157594317002513,0.6740560430980377,l40s
resnet152,gemm,229,layer3.1.conv3,256,1024,1,1,0,0.7217711985111237,0.021336856276814146,0.48959831759204064,l40s
resnet152,gemm,229,layer3.2.conv1,1024,256,1,1,0,0.7895600020885467,0.019009339408557337,0.5355814272693827,l40s
resnet152,gemm,229,layer3.2.conv2,256,256,3,1,1,0.9799664080142975,0.028406903764914452,0.6647396095192359,l40s
resnet152,gemm,229,layer3.2.conv3,256,1024,1,1,0,0.7262127965688705,0.02981805764646545,0.4926111822518923,l40s
resnet152,gemm,229,layer3.3.conv1,1024,256,1,1,0,0.7934592068195343,0.02430412097286696,0.5382263708196053,l40s
resnet152,gemm,229,layer3.3.conv2,256,256,3,1,1,0.972641596198082,0.020485518203187267,0.6597709774246122,l40s
resnet152,gemm,229,layer3.3.conv3,256,1024,1,1,0,0.7144416004419327,0.027028573219837978,0.48462643884333984,l40s
resnet152,gemm,229,layer3.4.conv1,1024,256,1,1,0,0.7887616008520126,0.020081873227585402,0.5350398485766102,l40s
resnet152,gemm,229,layer3.4.conv2,256,256,3,1,1,0.9836911946535111,0.030058440827786283,0.6672662402239664,l40s
resnet152,gemm,229,layer3.4.conv3,256,1024,1,1,0,0.7189200073480606,0.02327622910335155,0.4876642720116012,l40s
resnet152,gemm,229,layer3.5.conv1,1024,256,1,1,0,0.7857199996709824,0.01995551616127449,0.5329766423637684,l40s
resnet152,gemm,229,layer3.5.conv2,256,256,3,1,1,0.9765328079462051,0.02530591157285505,0.6624104991029577,l40s
resnet152,gemm,229,layer3.5.conv3,256,1024,1,1,0,0.7184143960475922,0.029195541298302825,0.4873213012161808,l40s
resnet152,gemm,229,layer3.6.conv1,1024,256,1,1,0,0.7812048017978668,0.013315010485035137,0.5299138528165648,l40s
resnet152,gemm,229,layer3.6.conv2,256,256,3,1,1,0.9766912072896957,0.03111527276096181,0.6625179459673389,l40s
resnet152,gemm,229,layer3.6.conv3,256,1024,1,1,0,0.7130047976970673,0.024058810364198404,0.4836518139094981,l40s
resnet152,gemm,229,layer3.7.conv1,1024,256,1,1,0,0.7848464012145996,0.019376872717400916,0.5323840552178997,l40s
resnet152,gemm,229,layer3.7.conv2,256,256,3,1,1,0.9719263970851898,0.02158030318564506,0.6592858371431246,l40s
resnet152,gemm,229,layer3.7.conv3,256,1024,1,1,0,0.7136144042015076,0.030361829334624436,0.48406532766508,l40s
resnet152,gemm,229,layer3.8.conv1,1024,256,1,1,0,0.7826000034809113,0.019087122825644353,0.530860258544764,l40s
resnet152,gemm,229,layer3.8.conv2,256,256,3,1,1,0.9711231976747513,0.024401225829413266,0.6587410037099635,l40s
resnet152,gemm,229,layer3.8.conv3,256,1024,1,1,0,0.7275376111268997,0.026502254581775304,0.4935098423536953,l40s
resnet152,gemm,229,layer3.9.conv1,1024,256,1,1,0,0.8040351957082749,0.02923277637783924,0.5454003705268266,l40s
resnet152,gemm,229,layer3.9.conv2,256,256,3,1,1,0.970931202173233,0.024272586018360288,0.6586107675981285,l40s
resnet152,gemm,229,layer3.9.conv3,256,1024,1,1,0,0.7145391970872879,0.025192049044262296,0.4846926414757905,l40s
resnet152,gemm,229,layer3.10.conv1,1024,256,1,1,0,0.7937840014696121,0.022793733290928285,0.5384466884418228,l40s
resnet152,gemm,229,layer3.10.conv2,256,256,3,1,1,0.968235194683075,0.017906913009351502,0.6567819875995364,l40s
resnet152,gemm,229,layer3.10.conv3,256,1024,1,1,0,0.7205696016550064,0.026310666874861985,0.4887832396277322,l40s
resnet152,gemm,229,layer3.11.conv1,1024,256,1,1,0,0.7885679990053177,0.018322976323138177,0.5349085228342974,l40s
resnet152,gemm,229,layer3.11.conv2,256,256,3,1,1,0.977318400144577,0.02209169363573423,0.6629433890539972,l40s
resnet152,gemm,229,layer3.11.conv3,256,1024,1,1,0,0.7154944032430649,0.01810562888241673,0.48534058548877784,l40s
resnet152,gemm,229,layer3.12.conv1,1024,256,1,1,0,0.7851311951875687,0.01919782394557699,0.5325772392217969,l40s
resnet152,gemm,229,layer3.12.conv2,256,256,3,1,1,0.9774895966053009,0.027372183393353705,0.6630595165737998,l40s
resnet152,gemm,229,layer3.12.conv3,256,1024,1,1,0,0.7121136009693145,0.02201747455254093,0.4830472893462413,l40s
resnet152,gemm,229,layer3.13.conv1,1024,256,1,1,0,0.7935215979814529,0.025224879627416964,0.5382686925525465,l40s
resnet152,gemm,229,layer3.13.conv2,256,256,3,1,1,0.9814943999052048,0.02980354231533705,0.665776090693084,l40s
resnet152,gemm,229,layer3.13.conv3,256,1024,1,1,0,0.72153440117836,0.025476598231355677,0.4894376910999188,l40s
resnet152,gemm,229,layer3.14.conv1,1024,256,1,1,0,0.7940144032239914,0.026793306690987055,0.5386029766278116,l40s
resnet152,gemm,229,layer3.14.conv2,256,256,3,1,1,0.9759055972099304,0.03605584087305364,0.6619850438868321,l40s
resnet152,gemm,229,layer3.14.conv3,256,1024,1,1,0,0.7160287976264954,0.024673682320864893,0.48570308068337403,l40s
resnet152,gemm,229,layer3.15.conv1,1024,256,1,1,0,0.7942031979560852,0.02393117641045304,0.5387310415650023,l40s
resnet152,gemm,229,layer3.15.conv2,256,256,3,1,1,0.9686608016490936,0.02779614929756051,0.6570706891367384,l40s
resnet152,gemm,229,layer3.15.conv3,256,1024,1,1,0,0.7182480037212372,0.020401266506784976,0.48720843247992246,l40s
resnet152,gemm,229,layer3.16.conv1,1024,256,1,1,0,0.7924800008535385,0.023008096087561,0.5375621470399414,l40s
resnet152,gemm,229,layer3.16.conv2,256,256,3,1,1,0.9799968093633652,0.031334244311910835,0.6647602316352013,l40s
resnet152,gemm,229,layer3.16.conv3,256,1024,1,1,0,0.7181504011154175,0.023547452525464904,0.48714222580431593,l40s
resnet152,gemm,229,layer3.17.conv1,1024,256,1,1,0,0.7926016032695771,0.01930549650779228,0.5376446334822246,l40s
resnet152,gemm,229,layer3.17.conv2,256,256,3,1,1,0.9799328029155732,0.024918473131625547,0.6647168142070485,l40s
resnet152,gemm,229,layer3.17.conv3,256,1024,1,1,0,0.7089167892932892,0.026649367546551915,0.48087879935735117,l40s
resnet152,gemm,229,layer3.18.conv1,1024,256,1,1,0,0.7880495965480805,0.018812042580600787,0.5345568754266112,l40s
resnet152,gemm,229,layer3.18.conv2,256,256,3,1,1,0.9674319952726365,0.025478798084215482,0.6562371541663754,l40s
resnet152,gemm,229,layer3.18.conv3,256,1024,1,1,0,0.7160960018634797,0.02872242293304745,0.48574866726459315,l40s
resnet152,gemm,229,layer3.19.conv1,1024,256,1,1,0,0.7852288037538528,0.020225727413786605,0.532643449940559,l40s
resnet152,gemm,229,layer3.19.conv2,256,256,3,1,1,0.9742576122283936,0.029971652748143618,0.6608671679227568,l40s
resnet152,gemm,229,layer3.19.conv3,256,1024,1,1,0,0.7106095999479294,0.018593228665545625,0.48202708187433635,l40s
resnet152,gemm,229,layer3.20.conv1,1024,256,1,1,0,0.7899615973234176,0.0261859634389055,0.5358538409535964,l40s
resnet152,gemm,229,layer3.20.conv2,256,256,3,1,1,0.9657744020223618,0.02460527347921177,0.6551127606352114,l40s
resnet152,gemm,229,layer3.20.conv3,256,1024,1,1,0,0.7177999943494797,0.021781454413454655,0.48690453474178824,l40s
resnet152,gemm,229,layer3.21.conv1,1024,256,1,1,0,0.7912368059158326,0.019092356487478136,0.5367188518915684,l40s
resnet152,gemm,229,layer3.21.conv2,256,256,3,1,1,0.9828543990850449,0.027309395561480845,0.6666986175433515,l40s
resnet152,gemm,229,layer3.21.conv3,256,1024,1,1,0,0.7149152040481568,0.02330966687518622,0.4849476978923171,l40s
resnet152,gemm,229,layer3.22.conv1,1024,256,1,1,0,0.7931055963039398,0.027481236848989607,0.5379865065608554,l40s
resnet152,gemm,229,layer3.22.conv2,256,256,3,1,1,0.9715968012809754,0.020368819811624875,0.6590622627589408,l40s
resnet152,gemm,229,layer3.22.conv3,256,1024,1,1,0,0.7163488000631333,0.019861881842822983,0.4859201476083586,l40s
resnet152,gemm,229,layer3.23.conv1,1024,256,1,1,0,0.7884480059146881,0.023796978322626634,0.53482712804407,l40s
resnet152,gemm,229,layer3.23.conv2,256,256,3,1,1,0.9745360016822815,0.03537720402692116,0.6610560075557874,l40s
resnet152,gemm,229,layer3.23.conv3,256,1024,1,1,0,0.7118783980607987,0.022278649608438797,0.48288774439828597,l40s
resnet152,gemm,229,layer3.24.conv1,1024,256,1,1,0,0.7858656048774719,0.02343951955594809,0.533075410594306,l40s
resnet152,gemm,229,layer3.24.conv2,256,256,3,1,1,0.9762783914804458,0.02631512357982972,0.6622379210424028,l40s
resnet152,gemm,229,layer3.24.conv3,256,1024,1,1,0,0.709267196059227,0.021715423473145434,0.4811164904198789,l40s
resnet152,gemm,229,layer3.25.conv1,1024,256,1,1,0,0.7937199920415878,0.029350857483414736,0.5384032689920922,l40s
resnet152,gemm,229,layer3.25.conv2,256,256,3,1,1,0.9777583986520767,0.027541960027423068,0.663241852790787,l40s
resnet152,gemm,229,layer3.25.conv3,256,1024,1,1,0,0.7205616027116776,0.027299207602318545,0.48877781371269935,l40s
resnet152,gemm,229,layer3.26.conv1,1024,256,1,1,0,0.7868544042110444,0.016301735296935484,0.5337461418331693,l40s
resnet152,gemm,229,layer3.26.conv2,256,256,3,1,1,0.9760191947221756,0.027505240339353757,0.6620621003709265,l40s
resnet152,gemm,229,layer3.26.conv3,256,1024,1,1,0,0.718108794093132,0.024091942529776304,0.4871140025555176,l40s
resnet152,gemm,229,layer3.27.conv1,1024,256,1,1,0,0.79514240026474,0.024548236929525707,0.5393681297047681,l40s
resnet152,gemm,229,layer3.27.conv2,256,256,3,1,1,0.9750735968351364,0.025070379496932527,0.6614206739250279,l40s
resnet152,gemm,229,layer3.27.conv3,256,1024,1,1,0,0.7139471977949142,0.0267232640427103,0.4842910712023303,l40s
resnet152,gemm,229,layer3.28.conv1,1024,256,1,1,0,0.7832896023988724,0.019170365599152892,0.5313280334722529,l40s
resnet152,gemm,229,layer3.28.conv2,256,256,3,1,1,0.9648063987493515,0.022767023486267274,0.6544561359668025,l40s
resnet152,gemm,229,layer3.28.conv3,256,1024,1,1,0,0.7214896023273468,0.027731886471066263,0.4894073027412099,l40s
resnet152,gemm,229,layer3.29.conv1,1024,256,1,1,0,0.7852223992347718,0.02414917769115728,0.5326391055696925,l40s
resnet152,gemm,229,layer3.29.conv2,256,256,3,1,1,0.9737951964139938,0.02216208133035007,0.6605534978771452,l40s
resnet152,gemm,229,layer3.29.conv3,256,1024,1,1,0,0.7228783994913102,0.03336742312172161,0.49034936409854274,l40s
resnet152,gemm,229,layer3.30.conv1,1024,256,1,1,0,0.7913055956363678,0.01837118409329184,0.5367655139522203,l40s
resnet152,gemm,229,layer3.30.conv2,256,256,3,1,1,0.9692399978637696,0.023747202895723903,0.6574635747116213,l40s
resnet152,gemm,229,layer3.30.conv3,256,1024,1,1,0,0.7118288040161133,0.02041142595759789,0.48285410332076634,l40s
resnet152,gemm,229,layer3.31.conv1,1024,256,1,1,0,0.786203196644783,0.015175448225737641,0.533304408871945,l40s
resnet152,gemm,229,layer3.31.conv2,256,256,3,1,1,0.9654528081417084,0.019102809415784603,0.6548946141876383,l40s
resnet152,gemm,229,layer3.31.conv3,256,1024,1,1,0,0.7167680054903031,0.026079926242845938,0.48620450679627186,l40s
resnet152,gemm,229,layer3.32.conv1,1024,256,1,1,0,0.7907712012529373,0.02224935200547727,0.5364030187576241,l40s
resnet152,gemm,229,layer3.32.conv2,256,256,3,1,1,0.9721696078777313,0.026230823958712825,0.6594508140708466,l40s
resnet152,gemm,229,layer3.32.conv3,256,1024,1,1,0,0.7160368025302887,0.026562925193986765,0.4857085106415627,l40s
resnet152,gemm,229,layer3.33.conv1,1024,256,1,1,0,0.7814960062503815,0.014860094445754387,0.5301113852344842,l40s
resnet152,gemm,229,layer3.33.conv2,256,256,3,1,1,0.9678304016590118,0.017933193980595855,0.6565074047622563,l40s
resnet152,gemm,229,layer3.33.conv3,256,1024,1,1,0,0.7058544009923935,0.01778327368738642,0.4788014926387887,l40s
resnet152,gemm,229,layer3.34.conv1,1024,256,1,1,0,0.7887104034423829,0.020770375889307146,0.5350051198901906,l40s
resnet152,gemm,229,layer3.34.conv2,256,256,3,1,1,0.9764256030321121,0.029657831057227732,0.6623377789034183,l40s
resnet152,gemm,229,layer3.34.conv3,256,1024,1,1,0,0.7207055985927582,0.03252305828173747,0.4888754902911811,l40s
resnet152,gemm,229,layer3.35.conv1,1024,256,1,1,0,0.7898975938558579,0.023507002631298873,0.5358104255470217,l40s
resnet152,gemm,229,layer3.35.conv2,256,256,3,1,1,0.974711999297142,0.02599465526962751,0.6611753918375566,l40s
resnet152,gemm,229,layer3.35.conv3,256,1024,1,1,0,0.7238351970911026,0.0312590304814408,0.4909983876341184,l40s
resnet152,gemm,229,layer4.0.conv1,1024,512,1,1,0,0.9690831989049912,0.03205027000040784,0.6573572134345623,l40s
resnet152,gemm,229,layer4.0.conv2,512,512,3,2,1,1.6104559898376465,0.02502292687873048,1.09241896158646,l40s
resnet152,gemm,229,layer4.0.conv3,512,2048,1,1,0,0.9587951958179474,0.014125664907677369,0.6503785628411488,l40s
resnet152,gemm,229,layer4.0.downsample.0,1024,2048,1,2,0,1.3753344058990478,0.033140819300834214,0.9329291784482932,l40s
resnet152,gemm,229,layer4.1.conv1,2048,512,1,1,0,1.3886575996875763,0.022758735024813067,0.9419666868405261,l40s
resnet152,gemm,229,layer4.1.conv2,512,512,3,1,1,1.58786398768425,0.03325007382022847,1.0770941519124861,l40s
resnet152,gemm,229,layer4.1.conv3,512,2048,1,1,0,0.9620991945266724,0.030487737303027358,0.6526197609001112,l40s
resnet152,gemm,229,layer4.2.conv1,2048,512,1,1,0,1.3795152008533478,0.01620139637691437,0.9357651328061908,l40s
resnet152,gemm,229,layer4.2.conv2,512,512,3,1,1,1.5745648086071014,0.016512454536858845,1.0680729333948193,l40s
resnet152,gemm,229,layer4.2.conv3,512,2048,1,1,0,0.9619103997945786,0.02741532018771917,0.6524916959629206,l40s
resnet152,gemm,232,conv1,3,64,7,2,3,0.8726848036050796,0.020037570896732408,0.6004643664516789,l40s
resnet152,gemm,232,layer1.0.conv1,64,64,1,1,0,0.4275839999318123,0.01106257919168796,0.29420582845409354,l40s
resnet152,gemm,232,layer1.0.conv2,64,64,3,1,1,0.5228672042489052,0.016861297239027122,0.3597669207034327,l40s
resnet152,gemm,232,layer1.0.conv3,64,256,1,1,0,0.9405424028635025,0.08823106039649938,0.6471548441353946,l40s
resnet152,gemm,232,layer1.0.downsample.0,64,256,1,1,0,1.007230395078659,0.08349600770461474,0.6930405554827067,l40s
resnet152,gemm,232,layer1.1.conv1,256,64,1,1,0,0.8497712016105652,0.021749443298381372,0.5846983058443163,l40s
resnet152,gemm,232,layer1.1.conv2,64,64,3,1,1,0.5169039979577065,0.01315186517424197,0.35566384377018784,l40s
resnet152,gemm,232,layer1.1.conv3,64,256,1,1,0,0.8870624005794525,0.07045303788934486,0.6103570959029656,l40s
resnet152,gemm,232,layer1.2.conv1,256,64,1,1,0,0.8499487996101379,0.019138782765016432,0.5848205049130475,l40s
resnet152,gemm,232,layer1.2.conv2,64,64,3,1,1,0.5184111997485161,0.016661817403018357,0.35670089742884525,l40s
resnet152,gemm,232,layer1.2.conv3,64,256,1,1,0,0.8986943900585175,0.0762911175025062,0.6183606673691648,l40s
resnet152,gemm,232,layer2.0.conv1,256,128,1,1,0,1.1046192049980164,0.02553765909417221,0.7600504424500675,l40s
resnet152,gemm,232,layer2.0.conv2,128,128,3,2,1,0.7130223989486695,0.01880395610211757,0.4906061630521063,l40s
resnet152,gemm,232,layer2.0.conv3,128,512,1,1,0,0.7388767957687378,0.013886544512108872,0.5083956833261158,l40s
resnet152,gemm,232,layer2.0.downsample.0,256,512,1,2,0,1.2095712006092072,0.059758310097036894,0.8322642970882788,l40s
resnet152,gemm,232,layer2.1.conv1,512,128,1,1,0,0.7035807967185974,0.022160661845147374,0.4841097216359743,l40s
resnet152,gemm,232,layer2.1.conv2,128,128,3,1,1,0.45929439812898637,0.008305457673101358,0.3160246616510714,l40s
resnet152,gemm,232,layer2.1.conv3,128,512,1,1,0,0.7627807974815368,0.039724660490378774,0.5248432038797465,l40s
resnet152,gemm,232,layer2.2.conv1,512,128,1,1,0,0.6985855966806411,0.026199280879876052,0.4806726964767186,l40s
resnet152,gemm,232,layer2.2.conv2,128,128,3,1,1,0.45020799785852433,0.00671419087917522,0.30977262247359255,l40s
resnet152,gemm,232,layer2.2.conv3,128,512,1,1,0,0.7715776056051254,0.047171980984954016,0.5308959846717426,l40s
resnet152,gemm,232,layer2.3.conv1,512,128,1,1,0,0.7039823979139328,0.021037962718265468,0.48438604959118464,l40s
resnet152,gemm,232,layer2.3.conv2,128,128,3,1,1,0.4487744003534317,0.006835041057820956,0.3087862133897102,l40s
resnet152,gemm,232,layer2.3.conv3,128,512,1,1,0,0.7594623982906341,0.03403124756374916,0.522559927650382,l40s
resnet152,gemm,232,layer2.4.conv1,512,128,1,1,0,0.6886768013238906,0.02188720693406849,0.47385479555577736,l40s
resnet152,gemm,232,layer2.4.conv2,128,128,3,1,1,0.4521519973874092,0.007962959356308485,0.31111022161668755,l40s
resnet152,gemm,232,layer2.4.conv3,128,512,1,1,0,0.7495359957218171,0.045909881795655146,0.5157299118130415,l40s
resnet152,gemm,232,layer2.5.conv1,512,128,1,1,0,0.6898192048072815,0.018610977343748215,0.4746408440592608,l40s
resnet152,gemm,232,layer2.5.conv2,128,128,3,1,1,0.44716639816761017,0.006636565685137659,0.3076798024498456,l40s
resnet152,gemm,232,layer2.5.conv3,128,512,1,1,0,0.7423232048749924,0.04402321854243807,0.5107670387707982,l40s
resnet152,gemm,232,layer2.6.conv1,512,128,1,1,0,0.699348795413971,0.027053276362235062,0.4811978272478659,l40s
resnet152,gemm,232,layer2.6.conv2,128,128,3,1,1,0.45153280049562455,0.007601408822423238,0.31068417355466293,l40s
resnet152,gemm,232,layer2.6.conv3,128,512,1,1,0,0.7436720073223114,0.044007197300599404,0.5116951032949565,l40s
resnet152,gemm,232,layer2.7.conv1,512,128,1,1,0,0.6832911938428878,0.01513886582454516,0.4701491444768556,l40s
resnet152,gemm,232,layer2.7.conv2,128,128,3,1,1,0.45002239793539045,0.012996696090601842,0.30964491755676843,l40s
resnet152,gemm,232,layer2.7.conv3,128,512,1,1,0,0.7413711994886398,0.04838891499541562,0.5101119966423994,l40s
resnet152,gemm,232,layer3.0.conv1,512,256,1,1,0,0.8772719919681549,0.02806326987847311,0.6036206528254645,l40s
resnet152,gemm,232,layer3.0.conv2,256,256,3,2,1,1.03683360517025,0.04268574375893349,0.7134095050956156,l40s
resnet152,gemm,232,layer3.0.conv3,256,1024,1,1,0,0.7330047965049744,0.018579237237006153,0.5043553628081525,l40s
resnet152,gemm,232,layer3.0.downsample.0,512,1024,1,2,0,1.0353040099143982,0.03665645208143874,0.7123570432646792,l40s
resnet152,gemm,232,layer3.1.conv1,1024,256,1,1,0,0.7965455949306488,0.0202140801877919,0.5480755984681428,l40s
resnet152,gemm,232,layer3.1.conv2,256,256,3,1,1,0.984588798880577,0.024397291459863742,0.677461652698594,l40s
resnet152,gemm,232,layer3.1.conv3,256,1024,1,1,0,0.7106352001428604,0.01377776644512701,0.4889636137460993,l40s
resnet152,gemm,232,layer3.2.conv1,1024,256,1,1,0,0.7921247988939285,0.021040693566656776,0.5450338009251634,l40s
resnet152,gemm,232,layer3.2.conv2,256,256,3,1,1,0.9824079990386962,0.03291050620177379,0.675961119413262,l40s
resnet152,gemm,232,layer3.2.conv3,256,1024,1,1,0,0.7065023988485336,0.019161883153636785,0.48611997546957947,l40s
resnet152,gemm,232,layer3.3.conv1,1024,256,1,1,0,0.7959936022758484,0.03141372375212866,0.5476957913277165,l40s
resnet152,gemm,232,layer3.3.conv2,256,256,3,1,1,0.9783247917890548,0.02098508830102595,0.6731516050913461,l40s
resnet152,gemm,232,layer3.3.conv3,256,1024,1,1,0,0.7126928031444549,0.02646031419847379,0.49037937952735,l40s
resnet152,gemm,232,layer3.4.conv1,1024,256,1,1,0,0.7827488034963608,0.02042442602212944,0.5385825013116066,l40s
resnet152,gemm,232,layer3.4.conv2,256,256,3,1,1,0.9829903960227966,0.02658504370535244,0.6763618467258455,l40s
resnet152,gemm,232,layer3.4.conv3,256,1024,1,1,0,0.7137216001749038,0.017023309916049553,0.49108725934208247,l40s
resnet152,gemm,232,layer3.5.conv1,1024,256,1,1,0,0.7903935998678208,0.024181059106852885,0.5438426224812175,l40s
resnet152,gemm,232,layer3.5.conv2,256,256,3,1,1,0.9801344007253647,0.022859867947604365,0.6743967346948155,l40s
resnet152,gemm,232,layer3.5.conv3,256,1024,1,1,0,0.7073599994182587,0.022914676881075197,0.48671006089405483,l40s
resnet152,gemm,232,layer3.6.conv1,1024,256,1,1,0,0.7877424001693726,0.023725240469801106,0.5420184232506486,l40s
resnet152,gemm,232,layer3.6.conv2,256,256,3,1,1,0.9761968076229095,0.028647313962139275,0.6716874124540214,l40s
resnet152,gemm,232,layer3.6.conv3,256,1024,1,1,0,0.7057936042547226,0.016259434614451018,0.4856322783136774,l40s
resnet152,gemm,232,layer3.7.conv1,1024,256,1,1,0,0.7897712022066117,0.025073120200970977,0.5434143720799557,l40s
resnet152,gemm,232,layer3.7.conv2,256,256,3,1,1,0.9662799954414367,0.020623217367904578,0.6648639954320114,l40s
resnet152,gemm,232,layer3.7.conv3,256,1024,1,1,0,0.7042479991912842,0.018763392971139266,0.48456880068536523,l40s
resnet152,gemm,232,layer3.8.conv1,1024,256,1,1,0,0.7850319981575012,0.020309739370412923,0.540153488946574,l40s
resnet152,gemm,232,layer3.8.conv2,256,256,3,1,1,0.9620704025030136,0.021171063638848273,0.6619675194691578,l40s
resnet152,gemm,232,layer3.8.conv3,256,1024,1,1,0,0.7012415945529937,0.018893231064670234,0.482500197165548,l40s
resnet152,gemm,232,layer3.9.conv1,1024,256,1,1,0,0.7829664021730423,0.019914366983497928,0.5387322234690162,l40s
resnet152,gemm,232,layer3.9.conv2,256,256,3,1,1,0.9747135996818542,0.027512456936366638,0.6706668681372615,l40s
resnet152,gemm,232,layer3.9.conv3,256,1024,1,1,0,0.7030384033918381,0.015725177369674857,0.48373651946266416,l40s
resnet152,gemm,232,layer3.10.conv1,1024,256,1,1,0,0.784584003686905,0.01859876762149007,0.5398452393759969,l40s
resnet152,gemm,232,layer3.10.conv2,256,256,3,1,1,0.9687184005975723,0.025461578001010173,0.6665417780646216,l40s
resnet152,gemm,232,layer3.10.conv3,256,1024,1,1,0,0.7096704006195068,0.020501816334129713,0.48829976841253764,l40s
resnet152,gemm,232,layer3.11.conv1,1024,256,1,1,0,0.7884671926498413,0.021667553717264736,0.5425171280015457,l40s
resnet152,gemm,232,layer3.11.conv2,256,256,3,1,1,0.9828320056200027,0.02357303984869397,0.676252863743132,l40s
resnet152,gemm,232,layer3.11.conv3,256,1024,1,1,0,0.7086719930171966,0.029533984329080155,0.4876127985169864,l40s
resnet152,gemm,232,layer3.12.conv1,1024,256,1,1,0,0.791782408952713,0.028499509164427072,0.5447982141952443,l40s
resnet152,gemm,232,layer3.12.conv2,256,256,3,1,1,0.9857311964035034,0.021758893531350153,0.678247697100887,l40s
resnet152,gemm,232,layer3.12.conv3,256,1024,1,1,0,0.7034336030483246,0.012032438891757778,0.48400844273940025,l40s
resnet152,gemm,232,layer3.13.conv1,1024,256,1,1,0,0.7930319994688034,0.02418637271192384,0.5456580144054332,l40s
resnet152,gemm,232,layer3.13.conv2,256,256,3,1,1,0.9879471987485886,0.029916879722810694,0.6797724520166368,l40s
resnet152,gemm,232,layer3.13.conv3,256,1024,1,1,0,0.7097184002399445,0.020462787557814364,0.48833279529871343,l40s
resnet152,gemm,232,layer3.14.conv1,1024,256,1,1,0,0.7908736050128937,0.018418107651470318,0.5441728974947608,l40s
resnet152,gemm,232,layer3.14.conv2,256,256,3,1,1,0.9712447971105576,0.019532324659959497,0.6682801045203002,l40s
resnet152,gemm,232,layer3.14.conv3,256,1024,1,1,0,0.7064400017261505,0.024004866214229585,0.4860770421580271,l40s
resnet152,gemm,232,layer3.15.conv1,1024,256,1,1,0,0.7950095921754837,0.02142911340748546,0.5470187278575418,l40s
resnet152,gemm,232,layer3.15.conv2,256,256,3,1,1,0.9743456035852432,0.022694210884892582,0.6704136626934457,l40s
resnet152,gemm,232,layer3.15.conv3,256,1024,1,1,0,0.7124191999435425,0.022998463258784494,0.4901911225850767,l40s
resnet152,gemm,232,layer3.16.conv1,1024,256,1,1,0,0.7982015997171402,0.029287755719361083,0.5492150383447784,l40s
resnet152,gemm,232,layer3.16.conv2,256,256,3,1,1,0.9783680021762848,0.028706652933355524,0.673181336671047,l40s
resnet152,gemm,232,layer3.16.conv3,256,1024,1,1,0,0.7015871971845626,0.01874196358747595,0.4827379944370849,l40s
resnet152,gemm,232,layer3.17.conv1,1024,256,1,1,0,0.7945328027009964,0.016783205254704295,0.5466906654362116,l40s
resnet152,gemm,232,layer3.17.conv2,256,256,3,1,1,0.9836559951305389,0.0243655085296705,0.6768198225550226,l40s
resnet152,gemm,232,layer3.17.conv3,256,1024,1,1,0,0.7066896080970764,0.02016508424482809,0.48624878770780766,l40s
resnet152,gemm,232,layer3.18.conv1,1024,256,1,1,0,0.7889871954917907,0.022157485218223846,0.5428749240531722,l40s
resnet152,gemm,232,layer3.18.conv2,256,256,3,1,1,0.9662224054336548,0.029931629249016743,0.6648243697305051,l40s
resnet152,gemm,232,layer3.18.conv3,256,1024,1,1,0,0.702961602807045,0.02174299629932931,0.4836836756245449,l40s
resnet152,gemm,232,layer3.19.conv1,1024,256,1,1,0,0.7828831940889358,0.019498934663751195,0.5386749708512323,l40s
resnet152,gemm,232,layer3.19.conv2,256,256,3,1,1,0.9747616022825241,0.026557892769616922,0.6706998970740325,l40s
resnet152,gemm,232,layer3.19.conv3,256,1024,1,1,0,0.7068048000335694,0.02219679136256783,0.4863280473132011,l40s
resnet152,gemm,232,layer3.20.conv1,1024,256,1,1,0,0.7861584007740021,0.01979540459120013,0.5409285278044671,l40s
resnet152,gemm,232,layer3.20.conv2,256,256,3,1,1,0.963931205868721,0.017559995291702907,0.6632478741968497,l40s
resnet152,gemm,232,layer3.20.conv3,256,1024,1,1,0,0.7032624006271362,0.025522084000625018,0.48389064424795275,l40s
resnet152,gemm,232,layer3.21.conv1,1024,256,1,1,0,0.7912016034126281,0.01963559961144511,0.5443985819004937,l40s
resnet152,gemm,232,layer3.21.conv2,256,256,3,1,1,0.9805071979761124,0.03318599465480389,0.674653243647487,l40s
resnet152,gemm,232,layer3.21.conv3,256,1024,1,1,0,0.706446397304535,0.016004081428284887,0.48608144273531095,l40s
resnet152,gemm,232,layer3.22.conv1,1024,256,1,1,0,0.7840159982442856,0.02029357249939131,0.5394544143875994,l40s
resnet152,gemm,232,layer3.22.conv2,256,256,3,1,1,0.9660640031099319,0.022026570921193162,0.6647153785454109,l40s
resnet152,gemm,232,layer3.22.conv3,256,1024,1,1,0,0.7042543977499008,0.014980673764985348,0.4845732033132442,l40s
resnet152,gemm,232,layer3.23.conv1,1024,256,1,1,0,0.7943151980638504,0.028515604856709023,0.5465409391776116,l40s
resnet152,gemm,232,layer3.23.conv2,256,256,3,1,1,0.9734927982091903,0.02538226604046033,0.6698268766766354,l40s
resnet152,gemm,232,layer3.23.conv3,256,1024,1,1,0,0.7062495976686478,0.029533908427853667,0.48594603168175216,l40s
resnet152,gemm,232,layer3.24.conv1,1024,256,1,1,0,0.7879903942346573,0.018441369482980165,0.5421890594284299,l40s
resnet152,gemm,232,layer3.24.conv2,256,256,3,1,1,0.967897605895996,0.024610672381837485,0.6659770174907778,l40s
resnet152,gemm,232,layer3.24.conv3,256,1024,1,1,0,0.7021647989749908,0.02040251081406406,0.4831354223420033,l40s
resnet152,gemm,232,layer3.25.conv1,1024,256,1,1,0,0.7903200060129165,0.02049748237661635,0.5437919850835256,l40s
resnet152,gemm,232,layer3.25.conv2,256,256,3,1,1,0.9742576092481613,0.02235614870038378,0.6703531168197819,l40s
resnet152,gemm,232,layer3.25.conv3,256,1024,1,1,0,0.712263998389244,0.028172401116060713,0.49008433373921945,l40s
resnet152,gemm,232,layer3.26.conv1,1024,256,1,1,0,0.7831295967102051,0.027550599914004877,0.5388445120111806,l40s
resnet152,gemm,232,layer3.26.conv2,256,256,3,1,1,0.9730448067188263,0.02625394661283084,0.6695186291566535,l40s
resnet152,gemm,232,layer3.26.conv3,256,1024,1,1,0,0.7098671972751618,0.02393585944072318,0.4884351774155013,l40s
resnet152,gemm,232,layer3.27.conv1,1024,256,1,1,0,0.797268807888031,0.030879101655714777,0.5485732164035877,l40s
resnet152,gemm,232,layer3.27.conv2,256,256,3,1,1,0.9720431953668595,0.023894287841707846,0.66882945487127,l40s
resnet152,gemm,232,layer3.27.conv3,256,1024,1,1,0,0.7066224038600921,0.020690479864135664,0.4862025467862093,l40s
resnet152,gemm,232,layer3.28.conv1,1024,256,1,1,0,0.7909039974212646,0.01754945352487936,0.5441938094645373,l40s
resnet152,gemm,232,layer3.28.conv2,256,256,3,1,1,0.9718864023685455,0.031811652125798166,0.6687215710075798,l40s
resnet152,gemm,232,layer3.28.conv3,256,1024,1,1,0,0.7084112018346786,0.031417325587284654,0.48743335708344715,l40s
resnet152,gemm,232,layer3.29.conv1,1024,256,1,1,0,0.7849728047847748,0.01942386356753195,0.540112760024854,l40s
resnet152,gemm,232,layer3.29.conv2,256,256,3,1,1,0.9665167957544327,0.02088001959308809,0.6650269295742485,l40s
resnet152,gemm,232,layer3.29.conv3,256,1024,1,1,0,0.7007215976715088,0.015256966123586608,0.482142405215112,l40s
resnet152,gemm,232,layer3.30.conv1,1024,256,1,1,0,0.7805872023105621,0.01549264644443282,0.5370951779605068,l40s
resnet152,gemm,232,layer3.30.conv2,256,256,3,1,1,0.968831992149353,0.02230327734384365,0.6666199365003965,l40s
resnet152,gemm,232,layer3.30.conv3,256,1024,1,1,0,0.7048143953084945,0.01915178785303518,0.4849585183523584,l40s
resnet152,gemm,232,layer3.31.conv1,1024,256,1,1,0,0.787244799733162,0.022438339940466505,0.5416760415230868,l40s
resnet152,gemm,232,layer3.31.conv2,256,256,3,1,1,0.9680192023515701,0.02234593133850183,0.6660606838252405,l40s
resnet152,gemm,232,layer3.31.conv3,256,1024,1,1,0,0.7035840064287185,0.01807869350570082,0.48411193012699705,l40s
resnet152,gemm,232,layer3.32.conv1,1024,256,1,1,0,0.7863424032926559,0.027555930710869626,0.5410551336022678,l40s
resnet152,gemm,232,layer3.32.conv2,256,256,3,1,1,0.9735312044620514,0.031849938389657904,0.6698533026968856,l40s
resnet152,gemm,232,layer3.32.conv3,256,1024,1,1,0,0.7084000021219253,0.02432069697417909,0.4874256509467124,l40s
resnet152,gemm,232,layer3.33.conv1,1024,256,1,1,0,0.7901552021503448,0.024037835758409665,0.5436785892199572,l40s
resnet152,gemm,232,layer3.33.conv2,256,256,3,1,1,0.9674816071987152,0.027795103600368305,0.6656907831101909,l40s
resnet152,gemm,232,layer3.33.conv3,256,1024,1,1,0,0.7075023949146271,0.02192089473941037,0.48680803833236846,l40s
resnet152,gemm,232,layer3.34.conv1,1024,256,1,1,0,0.7917711973190308,0.027721540297312868,0.5447904998561289,l40s
resnet152,gemm,232,layer3.34.conv2,256,256,3,1,1,0.9723215997219086,0.028938342900405443,0.6690210153223989,l40s
resnet152,gemm,232,layer3.34.conv3,256,1024,1,1,0,0.7038544058799744,0.01658120079943122,0.484297982679438,l40s
resnet152,gemm,232,layer3.35.conv1,1024,256,1,1,0,0.7811088025569916,0.01602728448161889,0.5374540731311566,l40s
resnet152,gemm,232,layer3.35.conv2,256,256,3,1,1,0.990744000673294,0.06919932580265291,0.6816968351259467,l40s
resnet152,gemm,232,layer3.35.conv3,256,1024,1,1,0,0.71319520175457,0.0232805323372089,0.49072506271317223,l40s
resnet152,gemm,232,layer4.0.conv1,1024,512,1,1,0,0.9567424088716507,0.03070352154241644,0.658301510496504,l40s
resnet152,gemm,232,layer4.0.conv2,512,512,3,2,1,1.6124560058116912,0.028581679792353085,1.1094754600529015,l40s
resnet152,gemm,232,layer4.0.conv3,512,2048,1,1,0,0.9620912045240402,0.022940138687349062,0.6619818326236038,l40s
resnet152,gemm,232,layer4.0.downsample.0,1024,2048,1,2,0,1.3667663931846619,0.029361828620562698,0.9404248968021072,l40s
resnet152,gemm,232,layer4.1.conv1,2048,512,1,1,0,1.3839807987213135,0.015168070582791337,0.9522695365525725,l40s
resnet152,gemm,232,layer4.1.conv2,512,512,3,1,1,1.5904255986213685,0.025192935820358912,1.0943170953815304,l40s
resnet152,gemm,232,layer4.1.conv3,512,2048,1,1,0,0.9640592098236084,0.024676294851505954,0.6633359493109771,l40s
resnet152,gemm,232,layer4.2.conv1,2048,512,1,1,0,1.3801840007305146,0.020592066008353487,0.9496570905804737,l40s
resnet152,gemm,232,layer4.2.conv2,512,512,3,1,1,1.5794288039207458,0.02362833975621997,1.0867505795723509,l40s
resnet152,gemm,232,layer4.2.conv3,512,2048,1,1,0,0.9566255927085876,0.021411243600832252,0.6582211333167305,l40s
resnet152,gemm,235,conv1,3,64,7,2,3,0.9137200027704239,0.018842219317017007,0.6257286463199806,l40s
resnet152,gemm,235,layer1.0.conv1,64,64,1,1,0,0.4233232006430626,0.006651932167936619,0.2898978379493556,l40s
resnet152,gemm,235,layer1.0.conv2,64,64,3,1,1,0.4987632021307945,0.007976861327893646,0.341560239851655,l40s
resnet152,gemm,235,layer1.0.conv3,64,256,1,1,0,0.8992576003074646,0.01809025991700192,0.6158245843663801,l40s
resnet152,gemm,235,layer1.0.downsample.0,64,256,1,1,0,0.9326896101236344,0.023850278539233133,0.6387193072383761,l40s
resnet152,gemm,235,layer1.1.conv1,256,64,1,1,0,0.8418896079063416,0.01703038655682914,0.576538155133782,l40s
resnet152,gemm,235,layer1.1.conv2,64,64,3,1,1,0.4939232006669044,0.0064666608328757345,0.3382457369897235,l40s
resnet152,gemm,235,layer1.1.conv3,64,256,1,1,0,0.8646272033452987,0.016010988089942366,0.5921091886795636,l40s
resnet152,gemm,235,layer1.2.conv1,256,64,1,1,0,0.8370191991329193,0.019197551678920337,0.5732028289073907,l40s
resnet152,gemm,235,layer1.2.conv2,64,64,3,1,1,0.4941344052553177,0.007324644535661824,0.338390372940347,l40s
resnet152,gemm,235,layer1.2.conv3,64,256,1,1,0,0.8675839930772782,0.019806361606837086,0.594134040965641,l40s
resnet152,gemm,235,layer2.0.conv1,256,128,1,1,0,1.1547376096248627,0.033929976972206184,0.7907809822861895,l40s
resnet152,gemm,235,layer2.0.conv2,128,128,3,2,1,0.7002368032932281,0.010196376642456973,0.47953226995096365,l40s
resnet152,gemm,235,layer2.0.conv3,128,512,1,1,0,0.8056192040443421,0.021945532340993508,0.5516996590504798,l40s
resnet152,gemm,235,layer2.0.downsample.0,256,512,1,2,0,1.2455120146274568,0.03894707930360889,0.8529446050486935,l40s
resnet152,gemm,235,layer2.1.conv1,512,128,1,1,0,0.7152400046586991,0.020495578755109028,0.48980667879877016,l40s
resnet152,gemm,235,layer2.1.conv2,128,128,3,1,1,0.46952960193157195,0.005324119560629794,0.32154064848421615,l40s
resnet152,gemm,235,layer2.1.conv3,128,512,1,1,0,0.8307135969400405,0.019049933417861965,0.5688846615121065,l40s
resnet152,gemm,235,layer2.2.conv1,512,128,1,1,0,0.712252801656723,0.017395887395045002,0.487760999066421,l40s
resnet152,gemm,235,layer2.2.conv2,128,128,3,1,1,0.4609920009970665,0.007112168601898643,0.3156939761345132,l40s
resnet152,gemm,235,layer2.2.conv3,128,512,1,1,0,0.8289648026227951,0.017098317527921243,0.5676870619219648,l40s
resnet152,gemm,235,layer2.3.conv1,512,128,1,1,0,0.7050847947597504,0.02114565935605079,0.4828522444820235,l40s
resnet152,gemm,235,layer2.3.conv2,128,128,3,1,1,0.4634351968765259,0.0059128002441783106,0.3173671119372902,l40s
resnet152,gemm,235,layer2.3.conv3,128,512,1,1,0,0.8297120004892349,0.025853142591751224,0.5681987538057837,l40s
resnet152,gemm,235,layer2.4.conv1,512,128,1,1,0,0.7114175975322723,0.026559225269248716,0.48718903922685436,l40s
resnet152,gemm,235,layer2.4.conv2,128,128,3,1,1,0.461996802687645,0.006202507378627724,0.3163820788352961,l40s
resnet152,gemm,235,layer2.4.conv3,128,512,1,1,0,0.8396144092082978,0.02404962564879285,0.5749800662256708,l40s
resnet152,gemm,235,layer2.5.conv1,512,128,1,1,0,0.7121136039495468,0.021295651063800793,0.4876656744673993,l40s
resnet152,gemm,235,layer2.5.conv2,128,128,3,1,1,0.45971040427684784,0.006089688041178474,0.3148163202022374,l40s
resnet152,gemm,235,layer2.5.conv3,128,512,1,1,0,0.8259216040372849,0.022880033682974775,0.5656030356057842,l40s
resnet152,gemm,235,layer2.6.conv1,512,128,1,1,0,0.7072495996952057,0.028290524138963626,0.4843347341481162,l40s
resnet152,gemm,235,layer2.6.conv2,128,128,3,1,1,0.45937279909849166,0.006457053562454062,0.31458512330318417,l40s
resnet152,gemm,235,layer2.6.conv3,128,512,1,1,0,0.844307205080986,0.027549689912491696,0.5781937605740158,l40s
resnet152,gemm,235,layer2.7.conv1,512,128,1,1,0,0.7155200064182281,0.02482473394545008,0.4899984280451761,l40s
resnet152,gemm,235,layer2.7.conv2,128,128,3,1,1,0.45717919766902926,0.006370052749726071,0.3130829133823536,l40s
resnet152,gemm,235,layer2.7.conv3,128,512,1,1,0,0.8209055989980698,0.023263348105348487,0.5621680029550753,l40s
resnet152,gemm,235,layer3.0.conv1,512,256,1,1,0,0.9025599986314774,0.027813833654510872,0.6180861144047163,l40s
resnet152,gemm,235,layer3.0.conv2,256,256,3,2,1,1.0356016159057617,0.026701311814348355,0.7091949342060218,l40s
resnet152,gemm,235,layer3.0.conv3,256,1024,1,1,0,0.7239152014255523,0.024472892685083195,0.4957475787604912,l40s
resnet152,gemm,235,layer3.0.downsample.0,512,1024,1,2,0,1.0697968065738679,0.03147940006488767,0.7326122943409993,l40s
resnet152,gemm,235,layer3.1.conv1,1024,256,1,1,0,0.794345599412918,0.017827484535515893,0.5439793318782837,l40s
resnet152,gemm,235,layer3.1.conv2,256,256,3,1,1,0.97639200091362,0.017357136423674212,0.6686473352415403,l40s
resnet152,gemm,235,layer3.1.conv3,256,1024,1,1,0,0.7403183996677398,0.021377112948833075,0.5069807256767036,l40s
resnet152,gemm,235,layer3.2.conv1,1024,256,1,1,0,0.7793615996837616,0.017631678319540718,0.5337180725881774,l40s
resnet152,gemm,235,layer3.2.conv2,256,256,3,1,1,0.965174400806427,0.018874035812149408,0.6609653607758939,l40s
resnet152,gemm,235,layer3.2.conv3,256,1024,1,1,0,0.7381359994411468,0.016482502487228386,0.5054861865012736,l40s
resnet152,gemm,235,layer3.3.conv1,1024,256,1,1,0,0.7832384049892426,0.014713764571109301,0.5363729648182802,l40s
resnet152,gemm,235,layer3.3.conv2,256,256,3,1,1,0.9707520037889481,0.029955048643587397,0.6647849838041533,l40s
resnet152,gemm,235,layer3.3.conv3,256,1024,1,1,0,0.7480896025896072,0.031738186421039385,0.5123025576053407,l40s
resnet152,gemm,235,layer3.4.conv1,1024,256,1,1,0,0.7959280014038086,0.02116455865898822,0.5450629836016693,l40s
resnet152,gemm,235,layer3.4.conv2,256,256,3,1,1,0.9755008071660995,0.025663690748247404,0.6680370328999542,l40s
resnet152,gemm,235,layer3.4.conv3,256,1024,1,1,0,0.7375327944755554,0.018666753676638424,0.505073103034316,l40s
resnet152,gemm,235,layer3.5.conv1,1024,256,1,1,0,0.7798895955085754,0.017720041547602167,0.5340796517499793,l40s
resnet152,gemm,235,layer3.5.conv2,256,256,3,1,1,0.9717600017786026,0.02029114399114173,0.665475275376678,l40s
resnet152,gemm,235,layer3.5.conv3,256,1024,1,1,0,0.7398703992366791,0.025693355942959354,0.5066739285151788,l40s
resnet152,gemm,235,layer3.6.conv1,1024,256,1,1,0,0.7822960078716278,0.01843021397107521,0.535727597669796,l40s
resnet152,gemm,235,layer3.6.conv2,256,256,3,1,1,0.9872800022363662,0.03237132774118941,0.676103595702245,l40s
resnet152,gemm,235,layer3.6.conv3,256,1024,1,1,0,0.7301871985197067,0.011218447983252553,0.5000427328991208,l40s
resnet152,gemm,235,layer3.7.conv1,1024,256,1,1,0,0.7840191960334778,0.01668931815155411,0.5369076617951296,l40s
resnet152,gemm,235,layer3.7.conv2,256,256,3,1,1,0.9796416074037552,0.02749111416502308,0.6708727126700519,l40s
resnet152,gemm,235,layer3.7.conv3,256,1024,1,1,0,0.7326224029064179,0.02041134339027185,0.5017103960123165,l40s
resnet152,gemm,235,layer3.8.conv1,1024,256,1,1,0,0.7788431942462921,0.013466981954623198,0.5333630610620543,l40s
resnet152,gemm,235,layer3.8.conv2,256,256,3,1,1,0.9805024057626724,0.0354954864458532,0.6714621998108025,l40s
resnet152,gemm,235,layer3.8.conv3,256,1024,1,1,0,0.7328111976385117,0.015336872194909005,0.5018396853698737,l40s
resnet152,gemm,235,layer3.9.conv1,1024,256,1,1,0,0.7810255974531174,0.019198335558278743,0.5348576022783905,l40s
resnet152,gemm,235,layer3.9.conv2,256,256,3,1,1,0.9720960050821305,0.021578592331779733,0.6657053752887279,l40s
resnet152,gemm,235,layer3.9.conv3,256,1024,1,1,0,0.7273871958255768,0.015957012303343517,0.49812525063959057,l40s
resnet152,gemm,235,layer3.10.conv1,1024,256,1,1,0,0.7824640035629272,0.02120462768935733,0.5358426435440087,l40s
resnet152,gemm,235,layer3.10.conv2,256,256,3,1,1,0.9691120028495789,0.021790015787837784,0.6636618874894796,l40s
resnet152,gemm,235,layer3.10.conv3,256,1024,1,1,0,0.7278032004833221,0.015256855506673096,0.4984101366337294,l40s
resnet152,gemm,235,layer3.11.conv1,1024,256,1,1,0,0.7791920065879822,0.01734714716337257,0.5336019327883201,l40s
resnet152,gemm,235,layer3.11.conv2,256,256,3,1,1,0.9708848059177398,0.022003773967032462,0.664875928618785,l40s
resnet152,gemm,235,layer3.11.conv3,256,1024,1,1,0,0.736500808596611,0.022823515870613414,0.5043663842089697,l40s
resnet152,gemm,235,layer3.12.conv1,1024,256,1,1,0,0.7841824054718017,0.019816385241032332,0.5370194299742209,l40s
resnet152,gemm,235,layer3.12.conv2,256,256,3,1,1,0.9668032109737397,0.030140204646534524,0.6620807934883381,l40s
resnet152,gemm,235,layer3.12.conv3,256,1024,1,1,0,0.7413599997758865,0.025008926824110947,0.5076940284649771,l40s
resnet152,gemm,235,layer3.13.conv1,1024,256,1,1,0,0.7933583974838256,0.027775216915817913,0.5433032817481973,l40s
resnet152,gemm,235,layer3.13.conv2,256,256,3,1,1,0.9749376058578492,0.024451905518110228,0.6676513445149471,l40s
resnet152,gemm,235,layer3.13.conv3,256,1024,1,1,0,0.7296864002943039,0.015309907663934108,0.4996997790459594,l40s
resnet152,gemm,235,layer3.14.conv1,1024,256,1,1,0,0.7865616053342819,0.016906800497270946,0.5386487403808669,l40s
resnet152,gemm,235,layer3.14.conv2,256,256,3,1,1,0.9739775955677032,0.02597577199562502,0.6669939156116892,l40s
resnet152,gemm,235,layer3.14.conv3,256,1024,1,1,0,0.730708795785904,0.01294146088957015,0.5003999302356268,l40s
resnet152,gemm,235,layer3.15.conv1,1024,256,1,1,0,0.7862448036670685,0.02248952690909462,0.5384317900265173,l40s
resnet152,gemm,235,layer3.15.conv2,256,256,3,1,1,0.9690512031316757,0.03276292014391269,0.6636202509650906,l40s
resnet152,gemm,235,layer3.15.conv3,256,1024,1,1,0,0.7293871998786926,0.018598022032197643,0.49949488228275934,l40s
resnet152,gemm,235,layer3.16.conv1,1024,256,1,1,0,0.7908480018377304,0.030077088737002617,0.5415841265752823,l40s
resnet152,gemm,235,layer3.16.conv2,256,256,3,1,1,0.9739744037389755,0.02544720642827258,0.6669917298013062,l40s
resnet152,gemm,235,layer3.16.conv3,256,1024,1,1,0,0.738508802652359,0.020079565646757707,0.5057414875212668,l40s
resnet152,gemm,235,layer3.17.conv1,1024,256,1,1,0,0.7768704026937485,0.011344895406565764,0.5320120649320563,l40s
resnet152,gemm,235,layer3.17.conv2,256,256,3,1,1,0.9644783973693848,0.027815320618186885,0.660488727576255,l40s
resnet152,gemm,235,layer3.17.conv3,256,1024,1,1,0,0.7429919928312302,0.02716681887936401,0.5088116408650861,l40s
resnet152,gemm,235,layer3.18.conv1,1024,256,1,1,0,0.7887535929679871,0.026265653187242687,0.5401498451510698,l40s
resnet152,gemm,235,layer3.18.conv2,256,256,3,1,1,0.98401760160923,0.030681515522918916,0.6738694566640474,l40s
resnet152,gemm,235,layer3.18.conv3,256,1024,1,1,0,0.7285184025764465,0.016216486040597698,0.49889991735016226,l40s
resnet152,gemm,235,layer3.19.conv1,1024,256,1,1,0,0.7851280003786087,0.019101711171215823,0.5376669870149002,l40s
resnet152,gemm,235,layer3.19.conv2,256,256,3,1,1,0.967627203464508,0.028252669304719365,0.6626450754393329,l40s
resnet152,gemm,235,layer3.19.conv3,256,1024,1,1,0,0.7325599968433381,0.016818949575111097,0.5016676594395647,l40s
resnet152,gemm,235,layer3.20.conv1,1024,256,1,1,0,0.7777871966362,0.020799483534256497,0.5326398986566384,l40s
resnet152,gemm,235,layer3.20.conv2,256,256,3,1,1,0.9878335982561112,0.02429887160608454,0.676482706247043,l40s
resnet152,gemm,235,layer3.20.conv3,256,1024,1,1,0,0.7325551986694336,0.018436498737713244,0.5016643735808193,l40s
resnet152,gemm,235,layer3.21.conv1,1024,256,1,1,0,0.7833519995212554,0.019341437463926248,0.5364507559933998,l40s
resnet152,gemm,235,layer3.21.conv2,256,256,3,1,1,0.9705007940530777,0.029427654715576648,0.6646129517511261,l40s
resnet152,gemm,235,layer3.21.conv3,256,1024,1,1,0,0.7330287992954254,0.01716128084867036,0.5019887021253402,l40s
resnet152,gemm,235,layer3.22.conv1,1024,256,1,1,0,0.7904207974672317,0.018370254999321194,0.541291570856196,l40s
resnet152,gemm,235,layer3.22.conv2,256,256,3,1,1,0.972451189160347,0.027265084036383367,0.6659486104721353,l40s
resnet152,gemm,235,layer3.22.conv3,256,1024,1,1,0,0.7285968005657196,0.01935399609909557,0.49895360542479494,l40s
resnet152,gemm,235,layer3.23.conv1,1024,256,1,1,0,0.7849023967981339,0.022358099488261507,0.5375124904266811,l40s
resnet152,gemm,235,layer3.23.conv2,256,256,3,1,1,0.971630397439003,0.02775946126941141,0.6653865204542414,l40s
resnet152,gemm,235,layer3.23.conv3,256,1024,1,1,0,0.7308288007974625,0.013124862406387156,0.5004821113996666,l40s
resnet152,gemm,235,layer3.24.conv1,1024,256,1,1,0,0.7762015879154205,0.015623544827267206,0.5315540509183397,l40s
resnet152,gemm,235,layer3.24.conv2,256,256,3,1,1,0.9826624006032944,0.03355463704233684,0.6729413954545254,l40s
resnet152,gemm,235,layer3.24.conv3,256,1024,1,1,0,0.7231967955827713,0.017257728876471447,0.49525560407005126,l40s
resnet152,gemm,235,layer3.25.conv1,1024,256,1,1,0,0.7845343977212906,0.020386284111905507,0.5372604793472455,l40s
resnet152,gemm,235,layer3.25.conv2,256,256,3,1,1,0.9809248059988022,0.04036121508694305,0.6717514655893313,l40s
resnet152,gemm,235,layer3.25.conv3,256,1024,1,1,0,0.7391711950302124,0.024196076544723704,0.5061951033824391,l40s
resnet152,gemm,235,layer3.26.conv1,1024,256,1,1,0,0.7919584035873413,0.02354265030765233,0.5423445457206973,l40s
resnet152,gemm,235,layer3.26.conv2,256,256,3,1,1,0.9703264027833939,0.027455641084397443,0.6644935260925234,l40s
resnet152,gemm,235,layer3.26.conv3,256,1024,1,1,0,0.7307951986789704,0.02544911437972881,0.500459100183918,l40s
resnet152,gemm,235,layer3.27.conv1,1024,256,1,1,0,0.7857087999582291,0.021654110311557593,0.5380647269501506,l40s
resnet152,gemm,235,layer3.27.conv2,256,256,3,1,1,0.9745264023542404,0.027963571086196334,0.6673697464204598,l40s
resnet152,gemm,235,layer3.27.conv3,256,1024,1,1,0,0.7306511968374252,0.013088305266554091,0.5003604856443387,l40s
resnet152,gemm,235,layer3.28.conv1,1024,256,1,1,0,0.7835423946380615,0.019790072358352912,0.5365811413175076,l40s
resnet152,gemm,235,layer3.28.conv2,256,256,3,1,1,0.963655999302864,0.017431548906469217,0.6599255375099985,l40s
resnet152,gemm,235,layer3.28.conv3,256,1024,1,1,0,0.7328431993722916,0.025180368936272474,0.5018616006190718,l40s
resnet152,gemm,235,layer3.29.conv1,1024,256,1,1,0,0.7822112023830414,0.020024798236920955,0.5356695216471492,l40s
resnet152,gemm,235,layer3.29.conv2,256,256,3,1,1,0.9770815968513489,0.03176258716435207,0.669119580493165,l40s
resnet152,gemm,235,layer3.29.conv3,256,1024,1,1,0,0.7311888009309768,0.015664490677952534,0.5007286446872556,l40s
resnet152,gemm,235,layer3.30.conv1,1024,256,1,1,0,0.7820576012134552,0.014475467145723302,0.535564333349173,l40s
resnet152,gemm,235,layer3.30.conv2,256,256,3,1,1,0.9762176007032395,0.03174118761168244,0.6685279034602194,l40s
resnet152,gemm,235,layer3.30.conv3,256,1024,1,1,0,0.7272448003292084,0.020757245854623137,0.49802773614837387,l40s
resnet152,gemm,235,layer3.31.conv1,1024,256,1,1,0,0.7802575945854187,0.0162549140361239,0.5343316628294149,l40s
resnet152,gemm,235,layer3.31.conv2,256,256,3,1,1,0.9672800064086914,0.02574486293359265,0.6624073098841479,l40s
resnet152,gemm,235,layer3.31.conv3,256,1024,1,1,0,0.7303151994943619,0.020056579426973545,0.5001303898141011,l40s
resnet152,gemm,235,layer3.32.conv1,1024,256,1,1,0,0.7757536023855209,0.013794177256203743,0.5312472639613453,l40s
resnet152,gemm,235,layer3.32.conv2,256,256,3,1,1,0.9709072023630142,0.023787753533508784,0.664891266027774,l40s
resnet152,gemm,235,layer3.32.conv3,256,1024,1,1,0,0.7355807989835739,0.02522391083182747,0.5037363483467563,l40s
resnet152,gemm,235,layer3.33.conv1,1024,256,1,1,0,0.7871632009744645,0.017303283919690108,0.5390607217585559,l40s
resnet152,gemm,235,layer3.33.conv2,256,256,3,1,1,0.977251198887825,0.030361123597275608,0.6692357264157403,l40s
resnet152,gemm,235,layer3.33.conv3,256,1024,1,1,0,0.736092808842659,0.018259822881806696,0.5040869800884895,l40s
resnet152,gemm,235,layer3.34.conv1,1024,256,1,1,0,0.7839535981416702,0.021242268411793847,0.5368627394119949,l40s
resnet152,gemm,235,layer3.34.conv2,256,256,3,1,1,0.971643203496933,0.027401911400591252,0.6653952902275514,l40s
resnet152,gemm,235,layer3.34.conv3,256,1024,1,1,0,0.7332591980695724,0.029710215352087996,0.5021464825313985,l40s
resnet152,gemm,235,layer3.35.conv1,1024,256,1,1,0,0.7868720024824143,0.020529539071486295,0.5388613048281085,l40s
resnet152,gemm,235,layer3.35.conv2,256,256,3,1,1,0.9700528055429458,0.019471628385459152,0.6643061627532255,l40s
resnet152,gemm,235,layer3.35.conv3,256,1024,1,1,0,0.7422159940004349,0.02815887545473931,0.5082802256651702,l40s
resnet152,gemm,235,layer4.0.conv1,1024,512,1,1,0,0.9700143903493881,0.03177792184111346,0.6642798554742011,l40s
resnet152,gemm,235,layer4.0.conv2,512,512,3,2,1,1.6174495995044709,0.024466984684210543,1.1076528316333882,l40s
resnet152,gemm,235,layer4.0.conv3,512,2048,1,1,0,0.9491072058677673,0.023984249550576105,0.649962313771731,l40s
resnet152,gemm,235,layer4.0.downsample.0,1024,2048,1,2,0,1.3915487945079803,0.0292467564807578,0.9529526997719174,l40s
resnet152,gemm,235,layer4.1.conv1,2048,512,1,1,0,1.3869104087352753,0.015788725748253324,0.9497762662453837,l40s
resnet152,gemm,235,layer4.1.conv2,512,512,3,1,1,1.587572807073593,0.02324430955407397,1.087192772942024,l40s
resnet152,gemm,235,layer4.1.conv3,512,2048,1,1,0,0.9722815960645675,0.023058625445189374,0.6658324706722779,l40s
resnet152,gemm,235,layer4.2.conv1,2048,512,1,1,0,1.380289614200592,0.020367443373273127,0.9452422505850183,l40s
resnet152,gemm,235,layer4.2.conv2,512,512,3,1,1,1.5863327860832215,0.029167767942896498,1.086343588669642,l40s
resnet152,gemm,235,layer4.2.conv3,512,2048,1,1,0,0.9549647957086563,0.020224355692672464,0.6539736758418663,l40s
resnet152,gemm,238,conv1,3,64,7,2,3,0.9126863926649094,0.025604059103034312,0.6229462213378006,l40s
resnet152,gemm,238,layer1.0.conv1,64,64,1,1,0,0.4400399997830391,0.009821269919839896,0.30034550455160974,l40s
resnet152,gemm,238,layer1.0.conv2,64,64,3,1,1,0.5443951964378357,0.01895254422828924,0.3715722435010706,l40s
resnet152,gemm,238,layer1.0.conv3,64,256,1,1,0,1.0680127888917923,0.02607920076352998,0.7289629127021036,l40s
resnet152,gemm,238,layer1.0.downsample.0,64,256,1,1,0,0.9404399961233139,0.030595795408012473,0.6418892038801824,l40s
resnet152,gemm,238,layer1.1.conv1,256,64,1,1,0,0.876622411608696,0.018992710709301672,0.5983310622799681,l40s
resnet152,gemm,238,layer1.1.conv2,64,64,3,1,1,0.5403232008218766,0.014828027605367725,0.3687929380324537,l40s
resnet152,gemm,238,layer1.1.conv3,64,256,1,1,0,0.8780256062746048,0.01627949341058282,0.599288800690395,l40s
resnet152,gemm,238,layer1.2.conv1,256,64,1,1,0,0.8796511948108673,0.019428801947327913,0.6003983321178966,l40s
resnet152,gemm,238,layer1.2.conv2,64,64,3,1,1,0.535867202281952,0.011264171488451692,0.36575153468181565,l40s
resnet152,gemm,238,layer1.2.conv3,64,256,1,1,0,0.878334391117096,0.016930500882742616,0.5994995591199961,l40s
resnet152,gemm,238,layer2.0.conv1,256,128,1,1,0,1.1202112078666686,0.018153879888012377,0.7645904931300995,l40s
resnet152,gemm,238,layer2.0.conv2,128,128,3,2,1,0.7197792053222656,0.024301736320087572,0.4912790852987476,l40s
resnet152,gemm,238,layer2.0.conv3,128,512,1,1,0,0.7796607941389084,0.023437876759043685,0.5321507470007615,l40s
resnet152,gemm,238,layer2.0.downsample.0,256,512,1,2,0,1.1816735923290254,0.02932072573912387,0.8065411132587087,l40s
resnet152,gemm,238,layer2.1.conv1,512,128,1,1,0,0.7065888077020646,0.017879129071477255,0.4822760932288701,l40s
resnet152,gemm,238,layer2.1.conv2,128,128,3,1,1,0.46628800183534624,0.012906580232128838,0.31826085184676206,l40s
resnet152,gemm,238,layer2.1.conv3,128,512,1,1,0,0.7572783976793289,0.019522046388659706,0.5168738354449005,l40s
resnet152,gemm,238,layer2.2.conv1,512,128,1,1,0,0.7120639979839325,0.018562511048506272,0.486013137107914,l40s
resnet152,gemm,238,layer2.2.conv2,128,128,3,1,1,0.4559007972478867,0.01029063041375761,0.3111711549913863,l40s
resnet152,gemm,238,layer2.2.conv3,128,512,1,1,0,0.7541776031255722,0.029074271759219405,0.5147574148803652,l40s
resnet152,gemm,238,layer2.3.conv1,512,128,1,1,0,0.6949680000543594,0.014888700193706916,0.4743444112500317,l40s
resnet152,gemm,238,layer2.3.conv2,128,128,3,1,1,0.45436799973249437,0.01179947495952512,0.31012495727444483,l40s
resnet152,gemm,238,layer2.3.conv3,128,512,1,1,0,0.7490431994199753,0.01739171473066971,0.5112529719381566,l40s
resnet152,gemm,238,layer2.4.conv1,512,128,1,1,0,0.708875197172165,0.018791662627672706,0.48383664863141845,l40s
resnet152,gemm,238,layer2.4.conv2,128,128,3,1,1,0.45763039737939837,0.010895616671417911,0.31235167863566304,l40s
resnet152,gemm,238,layer2.4.conv3,128,512,1,1,0,0.7589807957410812,0.02767599806550755,0.5180357925512018,l40s
resnet152,gemm,238,layer2.5.conv1,512,128,1,1,0,0.704465600848198,0.0333929102543318,0.48082691671285693,l40s
resnet152,gemm,238,layer2.5.conv2,128,128,3,1,1,0.4566320016980171,0.011913171102962796,0.31167023227893537,l40s
resnet152,gemm,238,layer2.5.conv3,128,512,1,1,0,0.7442959934473038,0.018608708828087257,0.5080128074672553,l40s
resnet152,gemm,238,layer2.6.conv1,512,128,1,1,0,0.7065583974123001,0.024222770258130275,0.48225533694801526,l40s
resnet152,gemm,238,layer2.6.conv2,128,128,3,1,1,0.45774720013141634,0.010603391025003472,0.31243140134611014,l40s
resnet152,gemm,238,layer2.6.conv3,128,512,1,1,0,0.7637184023857116,0.028454057551262287,0.5212694050835855,l40s
resnet152,gemm,238,layer2.7.conv1,512,128,1,1,0,0.7007904022932052,0.018262884450431505,0.47831844165406484,l40s
resnet152,gemm,238,layer2.7.conv2,128,128,3,1,1,0.45138720273971555,0.012250419005928149,0.30809044000964275,l40s
resnet152,gemm,238,layer2.7.conv3,128,512,1,1,0,0.7547424018383027,0.020489246655314673,0.5151429133678408,l40s
resnet152,gemm,238,layer3.0.conv1,512,256,1,1,0,0.8940895944833755,0.02589032187291513,0.6102531372190134,l40s
resnet152,gemm,238,layer3.0.conv2,256,256,3,2,1,1.048851203918457,0.033037800582863,0.715884338232368,l40s
resnet152,gemm,238,layer3.0.conv3,256,1024,1,1,0,0.7238287955522538,0.021111880851436938,0.4940430981645161,l40s
resnet152,gemm,238,layer3.0.downsample.0,512,1024,1,2,0,1.065756803750992,0.0342587651685403,0.7274231095121465,l40s
resnet152,gemm,238,layer3.1.conv1,1024,256,1,1,0,0.7934592068195343,0.018908568040206915,0.5415687345033005,l40s
resnet152,gemm,238,layer3.1.conv2,256,256,3,1,1,0.9779968142509461,0.02036822359578606,0.6675232859987588,l40s
resnet152,gemm,238,layer3.1.conv3,256,1024,1,1,0,0.7518639981746673,0.02541654968122882,0.5131782837862482,l40s
resnet152,gemm,238,layer3.2.conv1,1024,256,1,1,0,0.7907920002937316,0.01958853769263806,0.5397482557056218,l40s
resnet152,gemm,238,layer3.2.conv2,256,256,3,1,1,0.985310411453247,0.02700877495192953,0.6725151186569156,l40s
resnet152,gemm,238,layer3.2.conv3,256,1024,1,1,0,0.7415856033563614,0.01998353038540192,0.5061628540998405,l40s
resnet152,gemm,238,layer3.3.conv1,1024,256,1,1,0,0.7908607959747315,0.026543338431687564,0.5397952116040198,l40s
resnet152,gemm,238,layer3.3.conv2,256,256,3,1,1,0.9733104020357132,0.022668216322735336,0.6643246157823808,l40s
resnet152,gemm,238,layer3.3.conv3,256,1024,1,1,0,0.7430960029363632,0.02720989806234695,0.5071937642992631,l40s
resnet152,gemm,238,layer3.4.conv1,1024,256,1,1,0,0.7833247929811478,0.02085808788989062,0.534651577792261,l40s
resnet152,gemm,238,layer3.4.conv2,256,256,3,1,1,0.9665551990270614,0.025056471426551468,0.6597139102624682,l40s
resnet152,gemm,238,layer3.4.conv3,256,1024,1,1,0,0.7321791976690293,0.01723436450489169,0.49974259306999824,l40s
resnet152,gemm,238,layer3.5.conv1,1024,256,1,1,0,0.7853632003068924,0.020440588773032245,0.5360428751221273,l40s
resnet152,gemm,238,layer3.5.conv2,256,256,3,1,1,0.9750592112541199,0.02703381627591554,0.665518250423154,l40s
resnet152,gemm,238,layer3.5.conv3,256,1024,1,1,0,0.7358528017997742,0.02317534078746631,0.502249979868279,l40s
resnet152,gemm,238,layer3.6.conv1,1024,256,1,1,0,0.7819759964942932,0.015370578873589466,0.5337309683895215,l40s
resnet152,gemm,238,layer3.6.conv2,256,256,3,1,1,0.9717840075492858,0.028533175894805595,0.6632827883976048,l40s
resnet152,gemm,238,layer3.6.conv3,256,1024,1,1,0,0.7291551977396011,0.015990319720072713,0.49767858801360343,l40s
resnet152,gemm,238,layer3.7.conv1,1024,256,1,1,0,0.7858751982450485,0.02436737686376345,0.5363923348965585,l40s
resnet152,gemm,238,layer3.7.conv2,256,256,3,1,1,0.981615987420082,0.030531712487154996,0.6699935214139022,l40s
resnet152,gemm,238,layer3.7.conv3,256,1024,1,1,0,0.730059203505516,0.016398657990311347,0.498295609348062,l40s
resnet152,gemm,238,layer3.8.conv1,1024,256,1,1,0,0.8697999954223633,0.35994334302702513,0.5936744809856416,l40s
resnet152,gemm,238,layer3.8.conv2,256,256,3,1,1,0.9728848040103912,0.027555220728846894,0.6640341275228715,l40s
resnet152,gemm,238,layer3.8.conv3,256,1024,1,1,0,0.7298111975193023,0.020445514684241713,0.4981263350023255,l40s
resnet152,gemm,238,layer3.9.conv1,1024,256,1,1,0,0.7984671980142594,0.024902101443648583,0.5449868956770831,l40s
resnet152,gemm,238,layer3.9.conv2,256,256,3,1,1,0.9749664008617401,0.022833209099816742,0.6654549034907373,l40s
resnet152,gemm,238,layer3.9.conv3,256,1024,1,1,0,0.7342783957719803,0.016305121441962153,0.5011753826202561,l40s
resnet152,gemm,238,layer3.10.conv1,1024,256,1,1,0,0.7796511977910996,0.011400846922771256,0.5321441970963757,l40s
resnet152,gemm,238,layer3.10.conv2,256,256,3,1,1,0.964692798256874,0.019785689691198195,0.6584427446882588,l40s
resnet152,gemm,238,layer3.10.conv3,256,1024,1,1,0,0.7437199980020524,0.023705472589483596,0.507619666746619,l40s
resnet152,gemm,238,layer3.11.conv1,1024,256,1,1,0,0.7864671915769577,0.020385113563097322,0.5367963948366801,l40s
resnet152,gemm,238,layer3.11.conv2,256,256,3,1,1,0.9766623973846436,0.022032384925759645,0.6666124912819389,l40s
resnet152,gemm,238,layer3.11.conv3,256,1024,1,1,0,0.7402767986059189,0.02756805604182751,0.5052695407116826,l40s
resnet152,gemm,238,layer3.12.conv1,1024,256,1,1,0,0.7777328044176102,0.01350402917753538,0.5308348142539677,l40s
resnet152,gemm,238,layer3.12.conv2,256,256,3,1,1,0.9664815962314606,0.02225747137360794,0.6596636733094818,l40s
resnet152,gemm,238,layer3.12.conv3,256,1024,1,1,0,0.7395023941993714,0.030050622784146483,0.5047409776666727,l40s
resnet152,gemm,238,layer3.13.conv1,1024,256,1,1,0,0.794950395822525,0.030694318011370455,0.5425865326891606,l40s
resnet152,gemm,238,layer3.13.conv2,256,256,3,1,1,0.9666144013404846,0.019369634894053803,0.659754318290612,l40s
resnet152,gemm,238,layer3.13.conv3,256,1024,1,1,0,0.7253039956092835,0.01902888696411283,0.4950499832332862,l40s
resnet152,gemm,238,layer3.14.conv1,1024,256,1,1,0,0.785958394408226,0.02498059334468853,0.5364491197197987,l40s
resnet152,gemm,238,layer3.14.conv2,256,256,3,1,1,0.9837023943662644,0.0239741444908306,0.6714175804704882,l40s
resnet152,gemm,238,layer3.14.conv3,256,1024,1,1,0,0.737745600938797,0.025537034613580926,0.5035418935868158,l40s
resnet152,gemm,238,layer3.15.conv1,1024,256,1,1,0,0.7750496000051499,0.010731267094802432,0.5290034162368037,l40s
resnet152,gemm,238,layer3.15.conv2,256,256,3,1,1,0.974398398399353,0.029291136705889377,0.6650672183115801,l40s
resnet152,gemm,238,layer3.15.conv3,256,1024,1,1,0,0.7351424038410187,0.018063339029914163,0.5017651038718693,l40s
resnet152,gemm,238,layer3.16.conv1,1024,256,1,1,0,0.7806335926055908,0.011692303119949428,0.5328147221994862,l40s
resnet152,gemm,238,layer3.16.conv2,256,256,3,1,1,0.9713248014450073,0.02869286103768601,0.6629693612338226,l40s
resnet152,gemm,238,layer3.16.conv3,256,1024,1,1,0,0.7255920022726059,0.015029319626111518,0.49524655969599973,l40s
resnet152,gemm,238,layer3.17.conv1,1024,256,1,1,0,0.7875071942806244,0.02413280809761004,0.5375062397074233,l40s
resnet152,gemm,238,layer3.17.conv2,256,256,3,1,1,0.9744943976402283,0.023034454501092472,0.6651327417650195,l40s
resnet152,gemm,238,layer3.17.conv3,256,1024,1,1,0,0.7322576016187667,0.020094145862488467,0.49979610700930904,l40s
resnet152,gemm,238,layer3.18.conv1,1024,256,1,1,0,0.7896832019090653,0.025292935280184278,0.5389914549364807,l40s
resnet152,gemm,238,layer3.18.conv2,256,256,3,1,1,0.9754208087921142,0.029274099191232632,0.6657650557023266,l40s
resnet152,gemm,238,layer3.18.conv3,256,1024,1,1,0,0.7322687983512879,0.014679934472938284,0.4998037492424698,l40s
resnet152,gemm,238,layer3.19.conv1,1024,256,1,1,0,0.7868159979581832,0.020030410090690325,0.5370344696221807,l40s
resnet152,gemm,238,layer3.19.conv2,256,256,3,1,1,0.9718784004449844,0.024825954371897562,0.6633472154540058,l40s
resnet152,gemm,238,layer3.19.conv3,256,1024,1,1,0,0.7278751999139785,0.020362383184835953,0.49680493654339364,l40s
resnet152,gemm,238,layer3.20.conv1,1024,256,1,1,0,0.7856751978397369,0.017763003953578656,0.5362558263458053,l40s
resnet152,gemm,238,layer3.20.conv2,256,256,3,1,1,0.9840527981519699,0.025997710761712034,0.6716567455506318,l40s
resnet152,gemm,238,layer3.20.conv3,256,1024,1,1,0,0.7429696053266526,0.02395037382792111,0.507107492701496,l40s
resnet152,gemm,238,layer3.21.conv1,1024,256,1,1,0,0.7853295981884003,0.016346244988018985,0.5360199402861181,l40s
resnet152,gemm,238,layer3.21.conv2,256,256,3,1,1,0.9809008002281189,0.030736037657038317,0.6695053765676952,l40s
resnet152,gemm,238,layer3.21.conv3,256,1024,1,1,0,0.7359264045953751,0.023749777910604685,0.5023002168212651,l40s
resnet152,gemm,238,layer3.22.conv1,1024,256,1,1,0,0.7834703981876373,0.015444083777437724,0.5347509593694586,l40s
resnet152,gemm,238,layer3.22.conv2,256,256,3,1,1,0.9680896073579788,0.02411201905268711,0.6607612074276458,l40s
resnet152,gemm,238,layer3.22.conv3,256,1024,1,1,0,0.726078400015831,0.014211475944688372,0.49557854627829623,l40s
resnet152,gemm,238,layer3.23.conv1,1024,256,1,1,0,0.7791183918714524,0.012569878464974748,0.531780535013739,l40s
resnet152,gemm,238,layer3.23.conv2,256,256,3,1,1,0.9738512009382247,0.030940597045384852,0.6646937334064965,l40s
resnet152,gemm,238,layer3.23.conv3,256,1024,1,1,0,0.7284304022789001,0.02069347921745373,0.49718388512648337,l40s
resnet152,gemm,238,layer3.24.conv1,1024,256,1,1,0,0.7780400007963181,0.02086896873030084,0.531044488491321,l40s
resnet152,gemm,238,layer3.24.conv2,256,256,3,1,1,0.9754400014877319,0.03291962601283221,0.6657781555110981,l40s
resnet152,gemm,238,layer3.24.conv3,256,1024,1,1,0,0.7267583966255188,0.010874436548076894,0.4960426720962463,l40s
resnet152,gemm,238,layer3.25.conv1,1024,256,1,1,0,0.7864064007997513,0.018917379355377142,0.5367549026162884,l40s
resnet152,gemm,238,layer3.25.conv2,256,256,3,1,1,0.96490079164505,0.02908943029206399,0.6585847087804912,l40s
resnet152,gemm,238,layer3.25.conv3,256,1024,1,1,0,0.7246544063091278,0.015025712110838847,0.49460661166205916,l40s
resnet152,gemm,238,layer3.26.conv1,1024,256,1,1,0,0.7870159983634949,0.015742996401310702,0.5371709781729339,l40s
resnet152,gemm,238,layer3.26.conv2,256,256,3,1,1,0.9623807966709137,0.01964954147551884,0.6568647079570487,l40s
resnet152,gemm,238,layer3.26.conv3,256,1024,1,1,0,0.7220591992139817,0.016020404340131408,0.49283527545446,l40s
resnet152,gemm,238,layer3.27.conv1,1024,256,1,1,0,0.7887919992208481,0.017876962378336955,0.5383831722322213,l40s
resnet152,gemm,238,layer3.27.conv2,256,256,3,1,1,0.9713408023118972,0.023067159106873025,0.6629802824874398,l40s
resnet152,gemm,238,layer3.27.conv3,256,1024,1,1,0,0.7342383950948715,0.020275430343336252,0.5011480805032791,l40s
resnet152,gemm,238,layer3.28.conv1,1024,256,1,1,0,0.7807360053062439,0.017953885662397685,0.5328846231045523,l40s
resnet152,gemm,238,layer3.28.conv2,256,256,3,1,1,1.0454352080821991,0.30718073034330484,0.7135527797524731,l40s
resnet152,gemm,238,layer3.28.conv3,256,1024,1,1,0,0.7303312003612519,0.020938264196650708,0.4984812584547631,l40s
resnet152,gemm,238,layer3.29.conv1,1024,256,1,1,0,0.7841888040304184,0.014600667447796973,0.5352413010780062,l40s
resnet152,gemm,238,layer3.29.conv2,256,256,3,1,1,0.9674560040235519,0.02318299288604684,0.6603287469393769,l40s
resnet152,gemm,238,layer3.29.conv3,256,1024,1,1,0,0.7365440011024476,0.02440088224824273,0.5027217519876533,l40s
resnet152,gemm,238,layer3.30.conv1,1024,256,1,1,0,0.7885024011135101,0.01771313856972808,0.5381855095431283,l40s
resnet152,gemm,238,layer3.30.conv2,256,256,3,1,1,0.9732960045337677,0.031087922661917417,0.6643147888916704,l40s
resnet152,gemm,238,layer3.30.conv3,256,1024,1,1,0,0.7313167959451675,0.025446642315772525,0.4991539682154233,l40s
resnet152,gemm,238,layer3.31.conv1,1024,256,1,1,0,0.7834975987672805,0.016224866275438187,0.5347695248903682,l40s
resnet152,gemm,238,layer3.31.conv2,256,256,3,1,1,0.9670608013868331,0.02786596198975919,0.6600590047900633,l40s
resnet152,gemm,238,layer3.31.conv3,256,1024,1,1,0,0.7321440011262894,0.016776569018792577,0.49971856997347763,l40s
resnet152,gemm,238,layer3.32.conv1,1024,256,1,1,0,0.7881984025239944,0.02762106465162484,0.537978017929193,l40s
resnet152,gemm,238,layer3.32.conv2,256,256,3,1,1,1.040537601709366,0.27518758172888935,0.7102099607863132,l40s
resnet152,gemm,238,layer3.32.conv3,256,1024,1,1,0,0.7322880029678345,0.020921840553115727,0.49981685718776847,l40s
resnet152,gemm,238,layer3.33.conv1,1024,256,1,1,0,0.784089595079422,0.020870215881903534,0.5351735868646217,l40s
resnet152,gemm,238,layer3.33.conv2,256,256,3,1,1,0.9762047976255417,0.024242397647915543,0.6663001605151952,l40s
resnet152,gemm,238,layer3.33.conv3,256,1024,1,1,0,0.7349600046873093,0.02425753466987156,0.5016406089035083,l40s
resnet152,gemm,238,layer3.34.conv1,1024,256,1,1,0,0.7877503961324692,0.01852681228006232,0.5376722350327033,l40s
resnet152,gemm,238,layer3.34.conv2,256,256,3,1,1,0.9725776076316833,0.029361047904451036,0.6638244532855182,l40s
resnet152,gemm,238,layer3.34.conv3,256,1024,1,1,0,0.7273887991905212,0.020776738343354435,0.49647294792696545,l40s
resnet152,gemm,238,layer3.35.conv1,1024,256,1,1,0,0.7849584072828293,0.019436720565870324,0.5357665871366916,l40s
resnet152,gemm,238,layer3.35.conv2,256,256,3,1,1,0.9675055891275406,0.024428626934287784,0.6603625908242124,l40s
resnet152,gemm,238,layer3.35.conv3,256,1024,1,1,0,0.7368431955575943,0.01754239052286236,0.502925964581132,l40s
resnet152,gemm,238,layer4.0.conv1,1024,512,1,1,0,0.9668752044439316,0.0337820736329382,0.6599323271982841,l40s
resnet152,gemm,238,layer4.0.conv2,512,512,3,2,1,1.6087951958179474,0.0270988140259601,1.0980692778983396,l40s
resnet152,gemm,238,layer4.0.conv3,512,2048,1,1,0,0.9574192047119141,0.03248563543539383,0.6534782161812108,l40s
resnet152,gemm,238,layer4.0.downsample.0,1024,2048,1,2,0,1.3893087923526763,0.029437788103306935,0.9482607272586303,l40s
resnet152,gemm,238,layer4.1.conv1,2048,512,1,1,0,1.3956576049327851,0.024193886136146984,0.9525940544984642,l40s
resnet152,gemm,238,layer4.1.conv2,512,512,3,1,1,1.5753424048423768,0.023610795171378467,1.0752363640969325,l40s
resnet152,gemm,238,layer4.1.conv3,512,2048,1,1,0,0.9631104022264481,0.015432065783925518,0.6573626939328887,l40s
resnet152,gemm,238,layer4.2.conv1,2048,512,1,1,0,1.38332639336586,0.02108554459230933,0.9441774924549527,l40s
resnet152,gemm,238,layer4.2.conv2,512,512,3,1,1,1.5792976021766663,0.028279930353086156,1.0779359499063,l40s
resnet152,gemm,238,layer4.2.conv3,512,2048,1,1,0,0.9572736024856567,0.02012113259820711,0.653378836638145,l40s
resnet152,gemm,241,conv1,3,64,7,2,3,0.9351920038461685,0.011578340485336637,0.6134454430862467,l40s
resnet152,gemm,241,layer1.0.conv1,64,64,1,1,0,0.4558896005153656,0.011387362608150542,0.2990438293274402,l40s
resnet152,gemm,241,layer1.0.conv2,64,64,3,1,1,0.5585648000240326,0.006702689834647016,0.36639431243414106,l40s
resnet152,gemm,241,layer1.0.conv3,64,256,1,1,0,1.0906783998012544,0.013508220614998685,0.7154377833418001,l40s
resnet152,gemm,241,layer1.0.downsample.0,64,256,1,1,0,0.9494831949472428,0.0193578271374178,0.6228198453706688,l40s
resnet152,gemm,241,layer1.1.conv1,256,64,1,1,0,0.8855024039745331,0.018047991754095643,0.5808512180664959,l40s
resnet152,gemm,241,layer1.1.conv2,64,64,3,1,1,0.5545808017253876,0.01215155059891107,0.36378098213243204,l40s
resnet152,gemm,241,layer1.1.conv3,64,256,1,1,0,0.8877104014158249,0.0156895874864794,0.5822995687400858,l40s
resnet152,gemm,241,layer1.2.conv1,256,64,1,1,0,0.8958608001470566,0.02178083052175111,0.58764587724192,l40s
resnet152,gemm,241,layer1.2.conv2,64,64,3,1,1,0.5526767998933793,0.007240009321210363,0.3625320394097935,l40s
resnet152,gemm,241,layer1.2.conv3,64,256,1,1,0,0.8879472017288208,0.013224830796495576,0.5824548994874953,l40s
resnet152,gemm,241,layer2.0.conv1,256,128,1,1,0,1.1766864120960236,0.033113813989388376,0.7718553136394725,l40s
resnet152,gemm,241,layer2.0.conv2,128,128,3,2,1,0.7288560032844543,0.01929138498500886,0.4780979649548517,l40s
resnet152,gemm,241,layer2.0.conv3,128,512,1,1,0,0.8310352027416229,0.02230835012649074,0.5451230935139185,l40s
resnet152,gemm,241,layer2.0.downsample.0,256,512,1,2,0,1.18681920170784,0.05392759760660221,0.7785019846840882,l40s
resnet152,gemm,241,layer2.1.conv1,512,128,1,1,0,0.7286159932613373,0.02012632928086982,0.4779405287766437,l40s
resnet152,gemm,241,layer2.1.conv2,128,128,3,1,1,0.49014719724655154,0.006385525534883134,0.32151532878359806,l40s
resnet152,gemm,241,layer2.1.conv3,128,512,1,1,0,0.7824063897132874,0.03255770814530637,0.5132246987113123,l40s
resnet152,gemm,241,layer2.2.conv1,512,128,1,1,0,0.7226096004247665,0.02189553586676725,0.47400059526584964,l40s
resnet152,gemm,241,layer2.2.conv2,128,128,3,1,1,0.4769584000110626,0.00556587142477996,0.3128640491205718,l40s
resnet152,gemm,241,layer2.2.conv3,128,512,1,1,0,0.7735072046518325,0.020270489340669717,0.5073872188134103,l40s
resnet152,gemm,241,layer2.3.conv1,512,128,1,1,0,0.7195312023162842,0.014572746346466204,0.4719812994593337,l40s
resnet152,gemm,241,layer2.3.conv2,128,128,3,1,1,0.47905439883470535,0.009409847081177888,0.31423893355263466,l40s
resnet152,gemm,241,layer2.3.conv3,128,512,1,1,0,0.7650591969490051,0.01605077164893858,0.5018456917182862,l40s
resnet152,gemm,241,layer2.4.conv1,512,128,1,1,0,0.7145472019910812,0.016871182584886145,0.4687120111471348,l40s
resnet152,gemm,241,layer2.4.conv2,128,128,3,1,1,0.47967360019683836,0.012603382736762871,0.3146451028231065,l40s
resnet152,gemm,241,layer2.4.conv3,128,512,1,1,0,0.7715487957000733,0.016865651071121524,0.5061025873770687,l40s
resnet152,gemm,241,layer2.5.conv1,512,128,1,1,0,0.7169536024332046,0.017113215562328553,0.4702905055946816,l40s
resnet152,gemm,241,layer2.5.conv2,128,128,3,1,1,0.476316799223423,0.005582772467814516,0.31244318679728483,l40s
resnet152,gemm,241,layer2.5.conv3,128,512,1,1,0,0.7623439937829971,0.017795143202933808,0.5000646360608482,l40s
resnet152,gemm,241,layer2.6.conv1,512,128,1,1,0,0.7241760075092316,0.020240124752003732,0.4750280904583141,l40s
resnet152,gemm,241,layer2.6.conv2,128,128,3,1,1,0.4797312021255493,0.005939187662556531,0.3146828871930919,l40s
resnet152,gemm,241,layer2.6.conv3,128,512,1,1,0,0.7717567980289459,0.018961943277137835,0.5062390278943887,l40s
resnet152,gemm,241,layer2.7.conv1,512,128,1,1,0,0.7248704046010971,0.024820573980214068,0.47548358487009823,l40s
resnet152,gemm,241,layer2.7.conv2,128,128,3,1,1,0.4773247972130775,0.01069611652584386,0.31310438981319016,l40s
resnet152,gemm,241,layer2.7.conv3,128,512,1,1,0,0.7589648008346558,0.010865502558234746,0.4978480318694696,l40s
resnet152,gemm,241,layer3.0.conv1,512,256,1,1,0,0.9215951949357987,0.01959395476539212,0.6045265254390928,l40s
resnet152,gemm,241,layer3.0.conv2,256,256,3,2,1,1.0747295916080475,0.025490125103778283,0.7049760560509959,l40s
resnet152,gemm,241,layer3.0.conv3,256,1024,1,1,0,0.7684383958578109,0.020351317228975423,0.5040622998194713,l40s
resnet152,gemm,241,layer3.0.downsample.0,512,1024,1,2,0,1.0722592055797577,0.03786228422114178,0.7033555898307057,l40s
resnet152,gemm,241,layer3.1.conv1,1024,256,1,1,0,0.856811198592186,0.018313854521932328,0.562031030205536,l40s
resnet152,gemm,241,layer3.1.conv2,256,256,3,1,1,1.0393232077360153,0.022446441978131546,0.6817510019945743,l40s
resnet152,gemm,241,layer3.1.conv3,256,1024,1,1,0,0.7478879988193512,0.016718552580057965,0.490582129581692,l40s
resnet152,gemm,241,layer3.2.conv1,1024,256,1,1,0,0.8464239954948425,0.015635167210471215,0.5552174749353127,l40s
resnet152,gemm,241,layer3.2.conv2,256,256,3,1,1,1.0260064065456391,0.027651306392273697,0.6730157572821254,l40s
resnet152,gemm,241,layer3.2.conv3,256,1024,1,1,0,0.7463712006807327,0.021479452555539076,0.4895871757087007,l40s
resnet152,gemm,241,layer3.3.conv1,1024,256,1,1,0,0.8531919926404953,0.02581737483826903,0.5596569878810461,l40s
resnet152,gemm,241,layer3.3.conv2,256,256,3,1,1,1.0214352011680603,0.023303381168775193,0.6700172445737679,l40s
resnet152,gemm,241,layer3.3.conv3,256,1024,1,1,0,0.7384608000516891,0.015902968031292094,0.48439829556546166,l40s
resnet152,gemm,241,layer3.4.conv1,1024,256,1,1,0,0.8426208019256591,0.011478428993349532,0.5527227447038786,l40s
resnet152,gemm,241,layer3.4.conv2,256,256,3,1,1,1.0217328071594238,0.02798732034478117,0.6702124612121547,l40s
resnet152,gemm,241,layer3.4.conv3,256,1024,1,1,0,0.7429919987916946,0.023743230011039323,0.4873705656526124,l40s
resnet152,gemm,241,layer3.5.conv1,1024,256,1,1,0,0.8526800006628037,0.016932396338437867,0.5593211433225813,l40s
resnet152,gemm,241,layer3.5.conv2,256,256,3,1,1,1.025892797112465,0.021431594868309492,0.6729412344153924,l40s
resnet152,gemm,241,layer3.5.conv3,256,1024,1,1,0,0.7417488008737564,0.01531035968004475,0.48655508167234196,l40s
resnet152,gemm,241,layer3.6.conv1,1024,256,1,1,0,0.8495056003332138,0.02116853916787133,0.557238874217724,l40s
resnet152,gemm,241,layer3.6.conv2,256,256,3,1,1,1.0214863896369935,0.02731846464848232,0.6700508219919626,l40s
resnet152,gemm,241,layer3.6.conv3,256,1024,1,1,0,0.7419008016586304,0.02202573298663322,0.48665478760272096,l40s
resnet152,gemm,241,layer3.7.conv1,1024,256,1,1,0,0.8525552034378052,0.016384699271956495,0.5592392817490538,l40s
resnet152,gemm,241,layer3.7.conv2,256,256,3,1,1,1.0244959980249404,0.03151842553863649,0.6720249947216985,l40s
resnet152,gemm,241,layer3.7.conv3,256,1024,1,1,0,0.7414623975753785,0.01802863052942756,0.4863672135152659,l40s
resnet152,gemm,241,layer3.8.conv1,1024,256,1,1,0,0.851008003950119,0.027717703365668624,0.5582243859080254,l40s
resnet152,gemm,241,layer3.8.conv2,256,256,3,1,1,1.0293007969856263,0.03184126586595039,0.6751767347015702,l40s
resnet152,gemm,241,layer3.8.conv3,256,1024,1,1,0,0.7391344010829926,0.018353380866039715,0.4848401486623785,l40s
resnet152,gemm,241,layer3.9.conv1,1024,256,1,1,0,0.8484847992658615,0.017034385490533658,0.5565692729374634,l40s
resnet152,gemm,241,layer3.9.conv2,256,256,3,1,1,1.0221072047948838,0.02463923387649101,0.6704580498425435,l40s
resnet152,gemm,241,layer3.9.conv3,256,1024,1,1,0,0.7401071965694428,0.01995711658908382,0.48547826036111363,l40s
resnet152,gemm,241,layer3.10.conv1,1024,256,1,1,0,0.8504015982151032,0.01880322442320854,0.5578266100146506,l40s
resnet152,gemm,241,layer3.10.conv2,256,256,3,1,1,1.019879999756813,0.020496735991907954,0.6689970998175175,l40s
resnet152,gemm,241,layer3.10.conv3,256,1024,1,1,0,0.7425168067216873,0.02299868311510017,0.4870588602394589,l40s
resnet152,gemm,241,layer3.11.conv1,1024,256,1,1,0,0.8480400025844574,0.020580214503171195,0.5562775055825406,l40s
resnet152,gemm,241,layer3.11.conv2,256,256,3,1,1,1.0309455960988998,0.024396292642821685,0.676255651669081,l40s
resnet152,gemm,241,layer3.11.conv3,256,1024,1,1,0,0.7435072034597396,0.0184165052523176,0.48770851759677913,l40s
resnet152,gemm,241,layer3.12.conv1,1024,256,1,1,0,0.8520896017551423,0.019336648569861482,0.5589338672145537,l40s
resnet152,gemm,241,layer3.12.conv2,256,256,3,1,1,1.0241071820259093,0.0225130414872972,0.671769948269394,l40s
resnet152,gemm,241,layer3.12.conv3,256,1024,1,1,0,0.7404479950666427,0.01669088139315926,0.48570180941227964,l40s
resnet152,gemm,241,layer3.13.conv1,1024,256,1,1,0,0.8483664065599441,0.016159015839131496,0.5564916124510169,l40s
resnet152,gemm,241,layer3.13.conv2,256,256,3,1,1,1.0349407911300659,0.032549819812995005,0.6788763265422942,l40s
resnet152,gemm,241,layer3.13.conv3,256,1024,1,1,0,0.7447488009929657,0.01583649263578985,0.4885229517940052,l40s
resnet152,gemm,241,layer3.14.conv1,1024,256,1,1,0,0.8484304010868072,0.014266993718416082,0.5565335900884701,l40s
resnet152,gemm,241,layer3.14.conv2,256,256,3,1,1,1.024775993824005,0.02832473167528777,0.6722086598367906,l40s
resnet152,gemm,241,layer3.14.conv3,256,1024,1,1,0,0.7454271972179413,0.018830729794967912,0.48896795033024865,l40s
resnet152,gemm,241,layer3.15.conv1,1024,256,1,1,0,0.8509103953838348,0.024819473673159804,0.5581603589168334,l40s
resnet152,gemm,241,layer3.15.conv2,256,256,3,1,1,1.0199711948633194,0.0248036074326201,0.6690569198569191,l40s
resnet152,gemm,241,layer3.15.conv3,256,1024,1,1,0,0.7421840101480484,0.022636656753419568,0.48684056010351473,l40s
resnet152,gemm,241,layer3.16.conv1,1024,256,1,1,0,0.8453552037477493,0.012993640846263916,0.554516393848043,l40s
resnet152,gemm,241,layer3.16.conv2,256,256,3,1,1,1.0253951877355576,0.024653372848712933,0.6726148242200043,l40s
resnet152,gemm,241,layer3.16.conv3,256,1024,1,1,0,0.743558406829834,0.019529723361855544,0.48774210478949015,l40s
resnet152,gemm,241,layer3.17.conv1,1024,256,1,1,0,0.8584208071231842,0.03074187823723403,0.5630868636754894,l40s
resnet152,gemm,241,layer3.17.conv2,256,256,3,1,1,1.0214688032865524,0.0310088559561828,0.6700392861078938,l40s
resnet152,gemm,241,layer3.17.conv3,256,1024,1,1,0,0.7394127964973449,0.018654352688973218,0.485022763994426,l40s
resnet152,gemm,241,layer3.18.conv1,1024,256,1,1,0,0.8454768002033234,0.01576409556421261,0.5545961558554815,l40s
resnet152,gemm,241,layer3.18.conv2,256,256,3,1,1,1.0216944068670273,0.022370906447570515,0.6701872722837988,l40s
resnet152,gemm,241,layer3.18.conv3,256,1024,1,1,0,0.7426320016384125,0.02114947718675039,0.48713442311471994,l40s
resnet152,gemm,241,layer3.19.conv1,1024,256,1,1,0,0.8470687985420227,0.019742497880936224,0.5556404378021401,l40s
resnet152,gemm,241,layer3.19.conv2,256,256,3,1,1,1.0256704032421111,0.023967997508149763,0.6727953536702858,l40s
resnet152,gemm,241,layer3.19.conv3,256,1024,1,1,0,0.7482448041439056,0.02192872268657352,0.49081617841820535,l40s
resnet152,gemm,241,layer3.20.conv1,1024,256,1,1,0,0.8444111913442611,0.015625890118239106,0.553897162604881,l40s
resnet152,gemm,241,layer3.20.conv2,256,256,3,1,1,1.0220256060361863,0.03028861042723526,0.6704045245916019,l40s
resnet152,gemm,241,layer3.20.conv3,256,1024,1,1,0,0.738560003042221,0.017430703795015972,0.4844633684298917,l40s
resnet152,gemm,241,layer3.21.conv1,1024,256,1,1,0,0.8554336041212082,0.017690506076071907,0.561127387908375,l40s
resnet152,gemm,241,layer3.21.conv2,256,256,3,1,1,1.0269264042377473,0.02730363707569974,0.6736192359149116,l40s
resnet152,gemm,241,layer3.21.conv3,256,1024,1,1,0,0.7388816058635712,0.020484564028698755,0.4846743259492348,l40s
resnet152,gemm,241,layer3.22.conv1,1024,256,1,1,0,0.8498416006565094,0.016764168553835702,0.5574592758746602,l40s
resnet152,gemm,241,layer3.22.conv2,256,256,3,1,1,1.0319904088974,0.029768721456849754,0.676941003604814,l40s
resnet152,gemm,241,layer3.22.conv3,256,1024,1,1,0,0.7378767997026443,0.014278502495005377,0.4840152166347085,l40s
resnet152,gemm,241,layer3.23.conv1,1024,256,1,1,0,0.8474031984806061,0.0139363147079159,0.5558597896760319,l40s
resnet152,gemm,241,layer3.23.conv2,256,256,3,1,1,1.0294911921024323,0.03014191020630064,0.6753016256504987,l40s
resnet152,gemm,241,layer3.23.conv3,256,1024,1,1,0,0.740259200334549,0.01611942850575653,0.48557796824639576,l40s
resnet152,gemm,241,layer3.24.conv1,1024,256,1,1,0,0.8513551980257035,0.01463504404401387,0.5584521301815627,l40s
resnet152,gemm,241,layer3.24.conv2,256,256,3,1,1,1.0270879924297334,0.026283128655636027,0.6737252307690406,l40s
resnet152,gemm,241,layer3.24.conv3,256,1024,1,1,0,0.7457840055227279,0.024133578849735285,0.4892020011216653,l40s
resnet152,gemm,241,layer3.25.conv1,1024,256,1,1,0,0.8492528080940247,0.01819220576802493,0.5570730534594837,l40s
resnet152,gemm,241,layer3.25.conv2,256,256,3,1,1,1.0292640030384064,0.030951768109086664,0.6751525994660653,l40s
resnet152,gemm,241,layer3.25.conv3,256,1024,1,1,0,0.7451999962329865,0.015647306999010308,0.4888189163262024,l40s
resnet152,gemm,241,layer3.26.conv1,1024,256,1,1,0,0.8509968042373657,0.020933856188494214,0.5582170393816178,l40s
resnet152,gemm,241,layer3.26.conv2,256,256,3,1,1,1.021572795510292,0.025758634338873723,0.670107500501844,l40s
resnet152,gemm,241,layer3.26.conv3,256,1024,1,1,0,0.7487631916999817,0.027184098398064134,0.49115621819904154,l40s
resnet152,gemm,241,layer3.27.conv1,1024,256,1,1,0,0.8409200012683868,0.014564982889076693,0.5516070931494269,l40s
resnet152,gemm,241,layer3.27.conv2,256,256,3,1,1,1.022534403204918,0.023311748194825187,0.6707382734937846,l40s
resnet152,gemm,241,layer3.27.conv3,256,1024,1,1,0,0.7333599954843522,0.012633070201008434,0.4810523887302477,l40s
resnet152,gemm,241,layer3.28.conv1,1024,256,1,1,0,0.8495695978403092,0.018450740184322474,0.5572808538100805,l40s
resnet152,gemm,241,layer3.28.conv2,256,256,3,1,1,1.02573921084404,0.01985904104739528,0.6728404884764853,l40s
resnet152,gemm,241,layer3.28.conv3,256,1024,1,1,0,0.7409312009811402,0.021949539441268928,0.48601877156026824,l40s
resnet152,gemm,241,layer3.29.conv1,1024,256,1,1,0,0.857828801870346,0.02535372644317706,0.562698533874611,l40s
resnet152,gemm,241,layer3.29.conv2,256,256,3,1,1,1.0216880083084106,0.029006538007883834,0.6701830751065244,l40s
resnet152,gemm,241,layer3.29.conv3,256,1024,1,1,0,0.7452847957611084,0.022175019241201247,0.4888745411432328,l40s
resnet152,gemm,241,layer3.30.conv1,1024,256,1,1,0,0.8490240007638932,0.020137024740697968,0.5569229657625865,l40s
resnet152,gemm,241,layer3.30.conv2,256,256,3,1,1,1.0320143967866897,0.027982128969057628,0.6769567386210605,l40s
resnet152,gemm,241,layer3.30.conv3,256,1024,1,1,0,0.7355056017637253,0.01302213254766512,0.482459813504332,l40s
resnet152,gemm,241,layer3.31.conv1,1024,256,1,1,0,0.8487536013126373,0.016388840300978532,0.5567455954359544,l40s
resnet152,gemm,241,layer3.31.conv2,256,256,3,1,1,1.018841603398323,0.02298071652406955,0.6683159567884782,l40s
resnet152,gemm,241,layer3.31.conv3,256,1024,1,1,0,0.744065597653389,0.017308973834542052,0.4880747999988219,l40s
resnet152,gemm,241,layer3.32.conv1,1024,256,1,1,0,0.8463408082723618,0.017113467740102778,0.5551629077209398,l40s
resnet152,gemm,241,layer3.32.conv2,256,256,3,1,1,1.0275552153587342,0.028427183893916075,0.6740317087709078,l40s
resnet152,gemm,241,layer3.32.conv3,256,1024,1,1,0,0.7336640030145645,0.013563986974634564,0.48125180450081206,l40s
resnet152,gemm,241,layer3.33.conv1,1024,256,1,1,0,0.8531904011964798,0.02332645245645445,0.5596559439627116,l40s
resnet152,gemm,241,layer3.33.conv2,256,256,3,1,1,1.0295567959547043,0.03277352282506262,0.6753446589357059,l40s
resnet152,gemm,241,layer3.33.conv3,256,1024,1,1,0,0.7390303999185562,0.01356327890785895,0.48477192840371847,l40s
resnet152,gemm,241,layer3.34.conv1,1024,256,1,1,0,0.8500528067350388,0.021191634155322246,0.5575978179129722,l40s
resnet152,gemm,241,layer3.34.conv2,256,256,3,1,1,1.007387202978134,0.010503062286881245,0.6608023663042231,l40s
resnet152,gemm,241,layer3.34.conv3,256,1024,1,1,0,0.7505872040987015,0.02330474502736694,0.4923526913184925,l40s
resnet152,gemm,241,layer3.35.conv1,1024,256,1,1,0,0.8556416034698486,0.020968983446093273,0.5612638264707918,l40s
resnet152,gemm,241,layer3.35.conv2,256,256,3,1,1,1.016161596775055,0.019099654680486324,0.6665579885384042,l40s
resnet152,gemm,241,layer3.35.conv3,256,1024,1,1,0,0.7446607977151871,0.01991033504966727,0.4884652254559827,l40s
resnet152,gemm,241,layer4.0.conv1,1024,512,1,1,0,0.9958383917808533,0.03560261087585111,0.6532268464399614,l40s
resnet152,gemm,241,layer4.0.conv2,512,512,3,2,1,1.615020787715912,0.02346511017306583,1.0593836759075341,l40s
resnet152,gemm,241,layer4.0.conv3,512,2048,1,1,0,0.9473887979984283,0.016822303261111088,0.6214460116991019,l40s
resnet152,gemm,241,layer4.0.downsample.0,1024,2048,1,2,0,1.384304016828537,0.01771109146839689,0.9080434685893002,l40s
resnet152,gemm,241,layer4.1.conv1,2048,512,1,1,0,1.3924799978733062,0.029242220924912292,0.9134065579806185,l40s
resnet152,gemm,241,layer4.1.conv2,512,512,3,1,1,1.5773807883262634,0.018680463043417434,1.0346934668291992,l40s
resnet152,gemm,241,layer4.1.conv3,512,2048,1,1,0,0.9804719984531403,0.02491695966995326,0.6431471580713822,l40s
resnet152,gemm,241,layer4.2.conv1,2048,512,1,1,0,1.3844336032867433,0.01902789933176665,0.9081284716923479,l40s
resnet152,gemm,241,layer4.2.conv2,512,512,3,1,1,1.578321599960327,0.03243925063596042,1.0353105985062723,l40s
resnet152,gemm,241,layer4.2.conv3,512,2048,1,1,0,0.959878408908844,0.023388636570583973,0.6296386554208236,l40s
resnet152,gemm,244,conv1,3,64,7,2,3,0.898387199640274,0.012462758462625024,0.5903899225910652,l40s
resnet152,gemm,244,layer1.0.conv1,64,64,1,1,0,0.44446720331907275,0.01287618100270688,0.29208893210732145,l40s
resnet152,gemm,244,layer1.0.conv2,64,64,3,1,1,0.5534576028585434,0.007753667290583855,0.36371376555668783,l40s
resnet152,gemm,244,layer1.0.conv3,64,256,1,1,0,1.0909040063619613,0.039443212919319584,0.7169055081463881,l40s
resnet152,gemm,244,layer1.0.downsample.0,64,256,1,1,0,1.134628802537918,0.04204977153614562,0.7456399770256974,l40s
resnet152,gemm,244,layer1.1.conv1,256,64,1,1,0,0.8884016036987304,0.018115638793371792,0.5838277240008425,l40s
resnet152,gemm,244,layer1.1.conv2,64,64,3,1,1,0.5523488044738769,0.009069271326673935,0.3629851004635582,l40s
resnet152,gemm,244,layer1.1.conv3,64,256,1,1,0,1.068886399269104,0.03643296692736106,0.7024362755567013,l40s
resnet152,gemm,244,layer1.2.conv1,256,64,1,1,0,0.9026672035455704,0.02766703061984217,0.5932025975438575,l40s
resnet152,gemm,244,layer1.2.conv2,64,64,3,1,1,0.5519728064537048,0.015698588935132155,0.3627380071811599,l40s
resnet152,gemm,244,layer1.2.conv3,64,256,1,1,0,0.9185103952884675,0.024411396190847652,0.6036142115455149,l40s
resnet152,gemm,244,layer2.0.conv1,256,128,1,1,0,1.1101887941360473,0.01900163795575879,0.7295788235784053,l40s
resnet152,gemm,244,layer2.0.conv2,128,128,3,2,1,0.7286399990320206,0.025172790462447733,0.4788377581487346,l40s
resnet152,gemm,244,layer2.0.conv3,128,512,1,1,0,0.8663904011249542,0.025431214890112703,0.5693627002461948,l40s
resnet152,gemm,244,layer2.0.downsample.0,256,512,1,2,0,1.1830800116062163,0.0467129475128562,0.7774804858650152,l40s
resnet152,gemm,244,layer2.1.conv1,512,128,1,1,0,0.7280431985855103,0.01814409138727513,0.47844556092068125,l40s
resnet152,gemm,244,layer2.1.conv2,128,128,3,1,1,0.48543520271778107,0.008538109318469244,0.31901172664780353,l40s
resnet152,gemm,244,layer2.1.conv3,128,512,1,1,0,0.7691407918930053,0.022499005117924152,0.5054535202295478,l40s
resnet152,gemm,244,layer2.2.conv1,512,128,1,1,0,0.7268176019191742,0.020957636363229674,0.4776401399159566,l40s
resnet152,gemm,244,layer2.2.conv2,128,128,3,1,1,0.4811039999127388,0.010487155190369133,0.31616540549605626,l40s
resnet152,gemm,244,layer2.2.conv3,128,512,1,1,0,0.7655632019042968,0.01918183990923752,0.5031024481335274,l40s
resnet152,gemm,244,layer2.3.conv1,512,128,1,1,0,0.7141472071409225,0.015708651582139615,0.46931358161756864,l40s
resnet152,gemm,244,layer2.3.conv2,128,128,3,1,1,0.47524000108242037,0.005347764229744169,0.31231178222883693,l40s
resnet152,gemm,244,layer2.3.conv3,128,512,1,1,0,0.756656002998352,0.021701850870074695,0.4972489358899317,l40s
resnet152,gemm,244,layer2.4.conv1,512,128,1,1,0,0.7183503955602646,0.01488818632006898,0.4720757760105037,l40s
resnet152,gemm,244,layer2.4.conv2,128,128,3,1,1,0.4763615980744362,0.0061994448945301575,0.3130488581372646,l40s
resnet152,gemm,244,layer2.4.conv3,128,512,1,1,0,0.7627103954553605,0.02203443653014158,0.501227679460032,l40s
resnet152,gemm,244,layer2.5.conv1,512,128,1,1,0,0.7213104009628296,0.026378625403365722,0.4740209922393071,l40s
resnet152,gemm,244,layer2.5.conv2,128,128,3,1,1,0.47315519899129865,0.006005722182930998,0.3109417202492274,l40s
resnet152,gemm,244,layer2.5.conv3,128,512,1,1,0,0.7527935981750489,0.01715474878982515,0.4947106930414601,l40s
resnet152,gemm,244,layer2.6.conv1,512,128,1,1,0,0.717481604218483,0.019647789562204684,0.4715048354926205,l40s
resnet152,gemm,244,layer2.6.conv2,128,128,3,1,1,0.47614880055189135,0.006322954622538336,0.3129090147457813,l40s
resnet152,gemm,244,layer2.6.conv3,128,512,1,1,0,0.7546159952878952,0.015576303341523146,0.49590831127423807,l40s
resnet152,gemm,244,layer2.7.conv1,512,128,1,1,0,0.7263839989900589,0.03649444950681308,0.4773551906203098,l40s
resnet152,gemm,244,layer2.7.conv2,128,128,3,1,1,0.4771055981516838,0.009405499457492689,0.3135377900234155,l40s
resnet152,gemm,244,layer2.7.conv3,128,512,1,1,0,0.7602112084627152,0.019731235456326577,0.4995852976276558,l40s
resnet152,gemm,244,layer3.0.conv1,512,256,1,1,0,0.9141487926244736,0.02162679949390898,0.6007479126265193,l40s
resnet152,gemm,244,layer3.0.conv2,256,256,3,2,1,1.075083190202713,0.023479158175927904,0.7065085986275011,l40s
resnet152,gemm,244,layer3.0.conv3,256,1024,1,1,0,0.7664879977703094,0.014443147221128837,0.5037101929455264,l40s
resnet152,gemm,244,layer3.0.downsample.0,512,1024,1,2,0,1.0738111972808837,0.03483729153124505,0.7056726875604737,l40s
resnet152,gemm,244,layer3.1.conv1,1024,256,1,1,0,0.8601007878780365,0.020812741377159015,0.5652293774657028,l40s
resnet152,gemm,244,layer3.1.conv2,256,256,3,1,1,1.0193472057580948,0.020083447586928566,0.6698807798485038,l40s
resnet152,gemm,244,layer3.1.conv3,256,1024,1,1,0,0.7541712045669555,0.019469103706502077,0.49561600973720604,l40s
resnet152,gemm,244,layer3.2.conv1,1024,256,1,1,0,0.8443471997976303,0.014374625572401871,0.5548766479844205,l40s
resnet152,gemm,244,layer3.2.conv2,256,256,3,1,1,1.0267487943172455,0.015937170931441504,0.6747448554923215,l40s
resnet152,gemm,244,layer3.2.conv3,256,1024,1,1,0,0.7557295948266983,0.025379602129010376,0.49664013152476555,l40s
resnet152,gemm,244,layer3.3.conv1,1024,256,1,1,0,0.8453840017318726,0.018948394553554886,0.5555579994261426,l40s
resnet152,gemm,244,layer3.3.conv2,256,256,3,1,1,1.0236912041902542,0.025731405341133506,0.6727355098570404,l40s
resnet152,gemm,244,layer3.3.conv3,256,1024,1,1,0,0.7453279972076416,0.016626592437720352,0.4898045505908462,l40s
resnet152,gemm,244,layer3.4.conv1,1024,256,1,1,0,0.8533552020788193,0.02044091416981885,0.560796404823811,l40s
resnet152,gemm,244,layer3.4.conv2,256,256,3,1,1,1.0200447916984559,0.02758189879580991,0.6703392099213001,l40s
resnet152,gemm,244,layer3.4.conv3,256,1024,1,1,0,0.7385584026575088,0.016838997777384995,0.48535580020345626,l40s
resnet152,gemm,244,layer3.5.conv1,1024,256,1,1,0,0.847991994023323,0.02365647733086107,0.5572718844499766,l40s
resnet152,gemm,244,layer3.5.conv2,256,256,3,1,1,1.012641605734825,0.01640509157048954,0.6654740845168583,l40s
resnet152,gemm,244,layer3.5.conv3,256,1024,1,1,0,0.7399920046329498,0.016725867023689778,0.48629791531779215,l40s
resnet152,gemm,244,layer3.6.conv1,1024,256,1,1,0,0.8477967977523804,0.02004170220144628,0.5571436080104434,l40s
resnet152,gemm,244,layer3.6.conv2,256,256,3,1,1,1.0257328033447266,0.031179299983919218,0.6740771803163409,l40s
resnet152,gemm,244,layer3.6.conv3,256,1024,1,1,0,0.7470592021942138,0.023644926739745987,0.49094224041815104,l40s
resnet152,gemm,244,layer3.7.conv1,1024,256,1,1,0,0.856676796078682,0.02105127686531975,0.5629792449458019,l40s
resnet152,gemm,244,layer3.7.conv2,256,256,3,1,1,1.022622400522232,0.02195141853828554,0.6720331279496832,l40s
resnet152,gemm,244,layer3.7.conv3,256,1024,1,1,0,0.7474687963724136,0.022177844319167746,0.4912114119682999,l40s
resnet152,gemm,244,layer3.8.conv1,1024,256,1,1,0,0.8495968014001847,0.019912325102913863,0.5583265100093993,l40s
resnet152,gemm,244,layer3.8.conv2,256,256,3,1,1,1.0315344095230103,0.030467486925196765,0.6778898012262028,l40s
resnet152,gemm,244,layer3.8.conv3,256,1024,1,1,0,0.7417568027973175,0.019484332494643933,0.487457681454339,l40s
resnet152,gemm,244,layer3.9.conv1,1024,256,1,1,0,0.846304002404213,0.02504135917015821,0.556162592997761,l40s
resnet152,gemm,244,layer3.9.conv2,256,256,3,1,1,1.02085440158844,0.0255281143769747,0.6708712583748712,l40s
resnet152,gemm,244,layer3.9.conv3,256,1024,1,1,0,0.7420768022537232,0.01610456385907695,0.48766797435963877,l40s
resnet152,gemm,244,layer3.10.conv1,1024,256,1,1,0,0.8537968009710312,0.019563138236289107,0.5610866087981036,l40s
resnet152,gemm,244,layer3.10.conv2,256,256,3,1,1,1.0271007895469666,0.023135778989637926,0.6749761749462393,l40s
resnet152,gemm,244,layer3.10.conv3,256,1024,1,1,0,0.7482639938592911,0.020175844196584254,0.4917339890741516,l40s
resnet152,gemm,244,layer3.11.conv1,1024,256,1,1,0,0.8558064043521881,0.02295034157555641,0.562407252708786,l40s
resnet152,gemm,244,layer3.11.conv2,256,256,3,1,1,1.0249504059553147,0.021538807083290083,0.6735630150050415,l40s
resnet152,gemm,244,layer3.11.conv3,256,1024,1,1,0,0.7384783983230591,0.012969842238707082,0.4853032240393683,l40s
resnet152,gemm,244,layer3.12.conv1,1024,256,1,1,0,0.845414400100708,0.019241519787322615,0.5555779762141365,l40s
resnet152,gemm,244,layer3.12.conv2,256,256,3,1,1,1.0256735920906066,0.02590295799022112,0.6740382686669424,l40s
resnet152,gemm,244,layer3.12.conv3,256,1024,1,1,0,0.7428175985813141,0.016995308482474828,0.48815480084901586,l40s
resnet152,gemm,244,layer3.13.conv1,1024,256,1,1,0,0.8469744056463242,0.017750160667951473,0.5566031595133718,l40s
resnet152,gemm,244,layer3.13.conv2,256,256,3,1,1,1.021835207939148,0.021104157609001955,0.6715158113980033,l40s
resnet152,gemm,244,layer3.13.conv3,256,1024,1,1,0,0.7396911978721619,0.020342881883430183,0.4861002352080493,l40s
resnet152,gemm,244,layer3.14.conv1,1024,256,1,1,0,0.8535840064287186,0.017435957551588634,0.560946767365129,l40s
resnet152,gemm,244,layer3.14.conv2,256,256,3,1,1,1.0311375916004182,0.03238471436143843,0.6776290258025371,l40s
resnet152,gemm,244,layer3.14.conv3,256,1024,1,1,0,0.747420808672905,0.02440342518976592,0.49117987606239033,l40s
resnet152,gemm,244,layer3.15.conv1,1024,256,1,1,0,0.8480783998966217,0.021039371157530292,0.557328667490595,l40s
resnet152,gemm,244,layer3.15.conv2,256,256,3,1,1,1.0237343966960908,0.02582661173157197,0.6727638945225695,l40s
resnet152,gemm,244,layer3.15.conv3,256,1024,1,1,0,0.7449280023574829,0.02163471534494041,0.48954168739698434,l40s
resnet152,gemm,244,layer3.16.conv1,1024,256,1,1,0,0.8561279982328415,0.024571955517087143,0.5626185934162012,l40s
resnet152,gemm,244,layer3.16.conv2,256,256,3,1,1,1.0238608032464982,0.024810556269485116,0.6728469646659775,l40s
resnet152,gemm,244,layer3.16.conv3,256,1024,1,1,0,0.7413552016019821,0.018269024610709707,0.48719376262432723,l40s
resnet152,gemm,244,layer3.17.conv1,1024,256,1,1,0,0.84029920399189,0.01546386501852906,0.5522164409697202,l40s
resnet152,gemm,244,layer3.17.conv2,256,256,3,1,1,1.0179935932159423,0.02134765679541909,0.6689912311057127,l40s
resnet152,gemm,244,layer3.17.conv3,256,1024,1,1,0,0.7449007958173752,0.016777632663576514,0.48952380817172986,l40s
resnet152,gemm,244,layer3.18.conv1,1024,256,1,1,0,0.8460847973823548,0.018283451654240855,0.55601853881273,l40s
resnet152,gemm,244,layer3.18.conv2,256,256,3,1,1,1.0308896034955979,0.029416149210905303,0.677466056341188,l40s
resnet152,gemm,244,layer3.18.conv3,256,1024,1,1,0,0.7381231933832169,0.014736153914158948,0.4850697952716596,l40s
resnet152,gemm,244,layer3.19.conv1,1024,256,1,1,0,0.8473376035690308,0.018675477463311455,0.5568418410012178,l40s
resnet152,gemm,244,layer3.19.conv2,256,256,3,1,1,1.027735996246338,0.029912476760047914,0.6753936114749669,l40s
resnet152,gemm,244,layer3.19.conv3,256,1024,1,1,0,0.7373871982097626,0.014950641461978843,0.4845861239396804,l40s
resnet152,gemm,244,layer3.20.conv1,1024,256,1,1,0,0.8531199991703033,0.021820576419976836,0.560641837364471,l40s
resnet152,gemm,244,layer3.20.conv2,256,256,3,1,1,1.0244912028312683,0.02815775648914405,0.6732612421202899,l40s
resnet152,gemm,244,layer3.20.conv3,256,1024,1,1,0,0.7500752002000809,0.02087935132473123,0.4929242531070358,l40s
resnet152,gemm,244,layer3.21.conv1,1024,256,1,1,0,0.8530832052230835,0.028551852421017366,0.5606176576169638,l40s
resnet152,gemm,244,layer3.21.conv2,256,256,3,1,1,1.024033609032631,0.022077823856979394,0.6729605268301969,l40s
resnet152,gemm,244,layer3.21.conv3,256,1024,1,1,0,0.7538367986679078,0.01941188604494532,0.4953962494012041,l40s
resnet152,gemm,244,layer3.22.conv1,1024,256,1,1,0,0.8546864032745362,0.022852963836892844,0.5616712255817281,l40s
resnet152,gemm,244,layer3.22.conv2,256,256,3,1,1,1.0318816006183624,0.02296183898489834,0.6781179635642138,l40s
resnet152,gemm,244,layer3.22.conv3,256,1024,1,1,0,0.7411071956157684,0.024005865090085832,0.4870307814119264,l40s
resnet152,gemm,244,layer3.23.conv1,1024,256,1,1,0,0.8521952003240585,0.020888130175458267,0.5600340905939633,l40s
resnet152,gemm,244,layer3.23.conv2,256,256,3,1,1,1.030683195590973,0.02754365712472012,0.6773304119922007,l40s
resnet152,gemm,244,layer3.23.conv3,256,1024,1,1,0,0.7507375955581665,0.017456250925360378,0.4933595571099662,l40s
resnet152,gemm,244,layer3.24.conv1,1024,256,1,1,0,0.846231997013092,0.021803992705675856,0.5561152734708276,l40s
resnet152,gemm,244,layer3.24.conv2,256,256,3,1,1,1.022331205010414,0.021132125425347193,0.6718417640302619,l40s
resnet152,gemm,244,layer3.24.conv3,256,1024,1,1,0,0.7441312044858932,0.020020372603255635,0.48901805857200004,l40s
resnet152,gemm,244,layer3.25.conv1,1024,256,1,1,0,0.8505055963993072,0.024351227746419728,0.5589237395885807,l40s
resnet152,gemm,244,layer3.25.conv2,256,256,3,1,1,1.0186655908823012,0.022564822489478435,0.6694328454234387,l40s
resnet152,gemm,244,layer3.25.conv3,256,1024,1,1,0,0.747174397110939,0.019687718509347994,0.49101794265210486,l40s
resnet152,gemm,244,layer3.26.conv1,1024,256,1,1,0,0.8535872042179108,0.021596022208598152,0.5609488688448856,l40s
resnet152,gemm,244,layer3.26.conv2,256,256,3,1,1,1.019748803973198,0.016234545293731202,0.6701446967200068,l40s
resnet152,gemm,244,layer3.26.conv3,256,1024,1,1,0,0.7376560002565384,0.013994483087307585,0.48476277162527953,l40s
resnet152,gemm,244,layer3.27.conv1,1024,256,1,1,0,0.8445311963558197,0.015046645886059674,0.5549975643485339,l40s
resnet152,gemm,244,layer3.27.conv2,256,256,3,1,1,1.0271888107061387,0.03393461916622592,0.6750340194985334,l40s
resnet152,gemm,244,layer3.27.conv3,256,1024,1,1,0,0.7469648003578186,0.026423497572497713,0.4908802026988869,l40s
resnet152,gemm,244,layer3.28.conv1,1024,256,1,1,0,0.8429616034030915,0.01809005989976145,0.553966080527046,l40s
resnet152,gemm,244,layer3.28.conv2,256,256,3,1,1,1.0251199901103973,0.029066101256920714,0.6736744600214353,l40s
resnet152,gemm,244,layer3.28.conv3,256,1024,1,1,0,0.7308496028184891,0.016252143388284443,0.48028983561485655,l40s
resnet152,gemm,244,layer3.29.conv1,1024,256,1,1,0,0.8478592008352279,0.02113464346241936,0.5571846172225811,l40s
resnet152,gemm,244,layer3.29.conv2,256,256,3,1,1,1.0240400016307831,0.021877489919234824,0.6729647278312015,l40s
resnet152,gemm,244,layer3.29.conv3,256,1024,1,1,0,0.744705605506897,0.0189535221862882,0.48939553564921406,l40s
resnet152,gemm,244,layer3.30.conv1,1024,256,1,1,0,0.8515008002519607,0.02074962722519356,0.559577754166889,l40s
resnet152,gemm,244,layer3.30.conv2,256,256,3,1,1,1.0314783930778504,0.0301078874128119,0.6778529890980522,l40s
resnet152,gemm,244,layer3.30.conv3,256,1024,1,1,0,0.748660808801651,0.028170889842276843,0.4919947625393085,l40s
resnet152,gemm,244,layer3.31.conv1,1024,256,1,1,0,0.8534432023763656,0.01971548557764661,0.5608542356665447,l40s
resnet152,gemm,244,layer3.31.conv2,256,256,3,1,1,1.0166800022125244,0.021792793350834862,0.6681279831752716,l40s
resnet152,gemm,244,layer3.31.conv3,256,1024,1,1,0,0.7416592031717301,0.017011619411702743,0.4873935422553181,l40s
resnet152,gemm,244,layer3.32.conv1,1024,256,1,1,0,0.84480000436306,0.02151038331194818,0.5551742159511502,l40s
resnet152,gemm,244,layer3.32.conv2,256,256,3,1,1,1.0255951941013337,0.026742317588013056,0.6739867481390045,l40s
resnet152,gemm,244,layer3.32.conv3,256,1024,1,1,0,0.744689604640007,0.02137888586550038,0.4893850204163964,l40s
resnet152,gemm,244,layer3.33.conv1,1024,256,1,1,0,0.8585743993520737,0.019838317173603775,0.5642262861437786,l40s
resnet152,gemm,244,layer3.33.conv2,256,256,3,1,1,1.018456009030342,0.020664630415395843,0.6692951152627639,l40s
resnet152,gemm,244,layer3.33.conv3,256,1024,1,1,0,0.7456800013780593,0.022144747116163075,0.49003587592028974,l40s
resnet152,gemm,244,layer3.34.conv1,1024,256,1,1,0,0.8517360061407089,0.0241338584298569,0.5597323235847377,l40s
resnet152,gemm,244,layer3.34.conv2,256,256,3,1,1,1.01975519657135,0.022267286902285143,0.6701488977210114,l40s
resnet152,gemm,244,layer3.34.conv3,256,1024,1,1,0,0.7494992077350616,0.026054025051463633,0.4925457301862151,l40s
resnet152,gemm,244,layer3.35.conv1,1024,256,1,1,0,0.8476672023534775,0.025846632064051054,0.5570584422628047,l40s
resnet152,gemm,244,layer3.35.conv2,256,256,3,1,1,1.039420810341835,0.045382977001909054,0.6830724792194025,l40s
resnet152,gemm,244,layer3.35.conv3,256,1024,1,1,0,0.7391583919525146,0.021962271986479823,0.4857500930357404,l40s
resnet152,gemm,244,layer4.0.conv1,1024,512,1,1,0,0.9921743988990783,0.026494021095076994,0.6520237229531024,l40s
resnet152,gemm,244,layer4.0.conv2,512,512,3,2,1,1.6141712069511414,0.03717679731329578,1.060779154358166,l40s
resnet152,gemm,244,layer4.0.conv3,512,2048,1,1,0,0.9648191928863525,0.02964582764074782,0.6340467994542118,l40s
resnet152,gemm,244,layer4.0.downsample.0,1024,2048,1,2,0,1.3821936070919036,0.02412332637046756,0.9083312596435085,l40s
resnet152,gemm,244,layer4.1.conv1,2048,512,1,1,0,1.389631998538971,0.021812596297589366,0.9132195209103593,l40s
resnet152,gemm,244,layer4.1.conv2,512,512,3,1,1,1.5799856007099151,0.028284578073591613,1.0383135210203718,l40s
resnet152,gemm,244,layer4.1.conv3,512,2048,1,1,0,0.9683568030595779,0.02186815646728107,0.636371598157003,l40s
resnet152,gemm,244,layer4.2.conv1,2048,512,1,1,0,1.3925903975963592,0.02613972372836538,0.9151636815030127,l40s
resnet152,gemm,244,layer4.2.conv2,512,512,3,1,1,1.5837392032146453,0.04000647889451626,1.0407802626358942,l40s
resnet152,gemm,244,layer4.2.conv3,512,2048,1,1,0,0.9619599997997283,0.02639615966899853,0.6321678336967289,l40s
resnet152,gemm,247,conv1,3,64,7,2,3,0.9701135993003845,0.1954942032473171,0.6329557578863988,l40s
resnet152,gemm,247,layer1.0.conv1,64,64,1,1,0,0.4687871992588043,0.04261428146060632,0.30586269196544097,l40s
resnet152,gemm,247,layer1.0.conv2,64,64,3,1,1,0.7500832051038742,0.017355451175612987,0.489395761389976,l40s
resnet152,gemm,247,layer1.0.conv3,64,256,1,1,0,0.9337855994701385,0.02855748662388952,0.6092533619178928,l40s
resnet152,gemm,247,layer1.0.downsample.0,64,256,1,1,0,0.9626176059246063,0.019585748455500488,0.6280649572918099,l40s
resnet152,gemm,247,layer1.1.conv1,256,64,1,1,0,0.9131072044372559,0.050770305416363265,0.5957616335168564,l40s
resnet152,gemm,247,layer1.1.conv2,64,64,3,1,1,0.7240496009588242,0.02116707904783868,0.4724099984298154,l40s
resnet152,gemm,247,layer1.1.conv3,64,256,1,1,0,0.9039344012737274,0.01761784166076848,0.5897767894918876,l40s
resnet152,gemm,247,layer1.2.conv1,256,64,1,1,0,0.9102831989526748,0.02210380995791556,0.5939190961758095,l40s
resnet152,gemm,247,layer1.2.conv2,64,64,3,1,1,0.7270207971334457,0.027784056790939107,0.4743485711164502,l40s
resnet152,gemm,247,layer1.2.conv3,64,256,1,1,0,0.8991775900125504,0.02199804437968646,0.5866731827811764,l40s
resnet152,gemm,247,layer2.0.conv1,256,128,1,1,0,1.269158411026001,0.027522601208125802,0.8280691297474752,l40s
resnet152,gemm,247,layer2.0.conv2,128,128,3,2,1,0.7335184007883072,0.016845579478486063,0.4785879670477867,l40s
resnet152,gemm,247,layer2.0.conv3,128,512,1,1,0,0.7865376055240632,0.019409156069773892,0.5131806280931077,l40s
resnet152,gemm,247,layer2.0.downsample.0,256,512,1,2,0,1.1709392011165618,0.03994030699285801,0.7639854858401365,l40s
resnet152,gemm,247,layer2.1.conv1,512,128,1,1,0,0.7339264035224915,0.032532433323917496,0.4788541705934556,l40s
resnet152,gemm,247,layer2.1.conv2,128,128,3,1,1,0.48625279814004896,0.005968143281195803,0.31725821449475144,l40s
resnet152,gemm,247,layer2.1.conv3,128,512,1,1,0,0.7753120005130768,0.028465455998203312,0.505856422626257,l40s
resnet152,gemm,247,layer2.2.conv1,512,128,1,1,0,0.7226464003324509,0.018710207566900176,0.471494472746459,l40s
resnet152,gemm,247,layer2.2.conv2,128,128,3,1,1,0.4800815984606743,0.008555427335679657,0.31323178256663103,l40s
resnet152,gemm,247,layer2.2.conv3,128,512,1,1,0,0.7722656071186066,0.02119245946517702,0.503868787115109,l40s
resnet152,gemm,247,layer2.3.conv1,512,128,1,1,0,0.7155104070901871,0.01339939424485616,0.46683855614639624,l40s
resnet152,gemm,247,layer2.3.conv2,128,128,3,1,1,0.4792927995324135,0.00974618763672676,0.31271712652653705,l40s
resnet152,gemm,247,layer2.3.conv3,128,512,1,1,0,0.7549295961856842,0.017578619761124896,0.49255781492928646,l40s
resnet152,gemm,247,layer2.4.conv1,512,128,1,1,0,0.7230400025844574,0.019645431536482443,0.47175128062123195,l40s
resnet152,gemm,247,layer2.4.conv2,128,128,3,1,1,0.47408320009708405,0.0074138050783077135,0.30931809577255986,l40s
resnet152,gemm,247,layer2.4.conv3,128,512,1,1,0,0.7591424018144608,0.020724064169141656,0.49530648228279367,l40s
resnet152,gemm,247,layer2.5.conv1,512,128,1,1,0,0.717247998714447,0.022947881334424058,0.4679722570080517,l40s
resnet152,gemm,247,layer2.5.conv2,128,128,3,1,1,0.47369759529829025,0.005668378879125202,0.30906650587850915,l40s
resnet152,gemm,247,layer2.5.conv3,128,512,1,1,0,0.7564415961503983,0.02053197492769019,0.4935443273174026,l40s
resnet152,gemm,247,layer2.6.conv1,512,128,1,1,0,0.7231792002916336,0.023029044566620496,0.47184210090280027,l40s
resnet152,gemm,247,layer2.6.conv2,128,128,3,1,1,0.4786543995141983,0.006819279242009534,0.31230059905217167,l40s
resnet152,gemm,247,layer2.6.conv3,128,512,1,1,0,0.7618367999792099,0.020577112457599318,0.49706445664130844,l40s
resnet152,gemm,247,layer2.7.conv1,512,128,1,1,0,0.7172687977552414,0.02491774334069005,0.4679858274524191,l40s
resnet152,gemm,247,layer2.7.conv2,128,128,3,1,1,0.48146879971027373,0.011628412354208075,0.31413686937184065,l40s
resnet152,gemm,247,layer2.7.conv3,128,512,1,1,0,0.7564624011516571,0.012606326305007434,0.49355790165070657,l40s
resnet152,gemm,247,layer3.0.conv1,512,256,1,1,0,0.9153087973594666,0.015101166315168705,0.5971980744838113,l40s
resnet152,gemm,247,layer3.0.conv2,256,256,3,2,1,1.1016080021858214,0.10015493762662186,0.7187499777552824,l40s
resnet152,gemm,247,layer3.0.conv3,256,1024,1,1,0,0.7616351962089538,0.016469517725166607,0.496932919193233,l40s
resnet152,gemm,247,layer3.0.downsample.0,512,1024,1,2,0,1.1941648125648499,0.6029005739797539,0.7791391590875045,l40s
resnet152,gemm,247,layer3.1.conv1,1024,256,1,1,0,0.8541680008172989,0.019242774186487222,0.5573064378331813,l40s
resnet152,gemm,247,layer3.1.conv2,256,256,3,1,1,1.0603424042463303,0.10735207851307994,0.691826019739167,l40s
resnet152,gemm,247,layer3.1.conv3,256,1024,1,1,0,0.7434368044137954,0.01940629132736745,0.48505928204462995,l40s
resnet152,gemm,247,layer3.2.conv1,1024,256,1,1,0,0.8423791944980621,0.01601963066769234,0.5496147686887123,l40s
resnet152,gemm,247,layer3.2.conv2,256,256,3,1,1,1.0453935980796814,0.10151943755850702,0.6820725919513989,l40s
resnet152,gemm,247,layer3.2.conv3,256,1024,1,1,0,0.7538463979959488,0.026695149666655725,0.49185107653120647,l40s
resnet152,gemm,247,layer3.3.conv1,1024,256,1,1,0,0.8624415934085846,0.027691464789337032,0.5627045871559382,l40s
resnet152,gemm,247,layer3.3.conv2,256,256,3,1,1,1.05106720328331,0.1075459281032107,0.685774365727378,l40s
resnet152,gemm,247,layer3.3.conv3,256,1024,1,1,0,0.7451248049736023,0.019930020050441845,0.48616062695353107,l40s
resnet152,gemm,247,layer3.4.conv1,1024,256,1,1,0,0.8477183967828751,0.018451261657313513,0.5530983595085193,l40s
resnet152,gemm,247,layer3.4.conv2,256,256,3,1,1,1.183655995130539,0.5567723352286027,0.772282625472863,l40s
resnet152,gemm,247,layer3.4.conv3,256,1024,1,1,0,0.7484287977218628,0.01912613415059731,0.48831633452791673,l40s
resnet152,gemm,247,layer3.5.conv1,1024,256,1,1,0,0.8551519960165024,0.02294001354497675,0.5579484507144744,l40s
resnet152,gemm,247,layer3.5.conv2,256,256,3,1,1,1.0578464061021804,0.10586810466317705,0.6901974925252894,l40s
resnet152,gemm,247,layer3.5.conv3,256,1024,1,1,0,0.7451872020959854,0.021308678635970277,0.4862013382866331,l40s
resnet152,gemm,247,layer3.6.conv1,1024,256,1,1,0,0.8493952065706253,0.02301834428522189,0.5541924029388992,l40s
resnet152,gemm,247,layer3.6.conv2,256,256,3,1,1,1.0513679891824723,0.11656076899895958,0.6859706150809622,l40s
resnet152,gemm,247,layer3.6.conv3,256,1024,1,1,0,0.7416960000991821,0.018096585722538767,0.48392348504613136,l40s
resnet152,gemm,247,layer3.7.conv1,1024,256,1,1,0,0.854684802889824,0.023302238353628036,0.55764362808361,l40s
resnet152,gemm,247,layer3.7.conv2,256,256,3,1,1,1.043899193406105,0.10737960955667124,0.681097559704212,l40s
resnet152,gemm,247,layer3.7.conv3,256,1024,1,1,0,0.7494208008050919,0.022954906491112828,0.488963572195571,l40s
resnet152,gemm,247,layer3.8.conv1,1024,256,1,1,0,0.8400959998369217,0.0181842822883172,0.5481250862348364,l40s
resnet152,gemm,247,layer3.8.conv2,256,256,3,1,1,1.0485248029232026,0.11088107405893373,0.6841155631418429,l40s
resnet152,gemm,247,layer3.8.conv3,256,1024,1,1,0,0.7395328015089035,0.018594554392058187,0.482512094664473,l40s
resnet152,gemm,247,layer3.9.conv1,1024,256,1,1,0,0.8488864034414292,0.0225076369158707,0.5538604316414268,l40s
resnet152,gemm,247,layer3.9.conv2,256,256,3,1,1,1.0488911896944046,0.11057242139558257,0.6843546141319671,l40s
resnet152,gemm,247,layer3.9.conv3,256,1024,1,1,0,0.7457903981208801,0.02174909283482613,0.4865948967290326,l40s
resnet152,gemm,247,layer3.10.conv1,1024,256,1,1,0,0.8442528009414673,0.012117387947520538,0.5508372131397763,l40s
resnet152,gemm,247,layer3.10.conv2,256,256,3,1,1,1.0497920036315918,0.10295266865935225,0.6849423549581323,l40s
resnet152,gemm,247,layer3.10.conv3,256,1024,1,1,0,0.7515856027603149,0.026412812953741253,0.49037600870118264,l40s
resnet152,gemm,247,layer3.11.conv1,1024,256,1,1,0,0.8466112047433854,0.022224456178893043,0.5523759661960387,l40s
resnet152,gemm,247,layer3.11.conv2,256,256,3,1,1,1.049030414223671,0.09986377668789252,0.6844454519137504,l40s
resnet152,gemm,247,layer3.11.conv3,256,1024,1,1,0,0.7471392005681992,0.02475551070492645,0.4874749300322433,l40s
resnet152,gemm,247,layer3.12.conv1,1024,256,1,1,0,0.8528144001960755,0.03288537505795785,0.5564232739359843,l40s
resnet152,gemm,247,layer3.12.conv2,256,256,3,1,1,1.050160002708435,0.09758328486846218,0.6851824579056147,l40s
resnet152,gemm,247,layer3.12.conv3,256,1024,1,1,0,0.7495552003383636,0.026690869943956034,0.489051261883153,l40s
resnet152,gemm,247,layer3.13.conv1,1024,256,1,1,0,0.8439935982227326,0.014301632626536219,0.5506680949525854,l40s
resnet152,gemm,247,layer3.13.conv2,256,256,3,1,1,1.0487488090991974,0.10060221614759138,0.6842617171582388,l40s
resnet152,gemm,247,layer3.13.conv3,256,1024,1,1,0,0.7441375970840454,0.019258251043031034,0.4855165179353949,l40s
resnet152,gemm,247,layer3.14.conv1,1024,256,1,1,0,0.8469503968954086,0.018811658360096458,0.5525972739127926,l40s
resnet152,gemm,247,layer3.14.conv2,256,256,3,1,1,1.0519376039505004,0.10547456520157744,0.6863422632543932,l40s
resnet152,gemm,247,layer3.14.conv3,256,1024,1,1,0,0.7472128033638,0.025674136587363817,0.4875229525662081,l40s
resnet152,gemm,247,layer3.15.conv1,1024,256,1,1,0,0.8519775986671447,0.020654362400501853,0.5558772983447475,l40s
resnet152,gemm,247,layer3.15.conv2,256,256,3,1,1,1.0318495959043503,0.026263354937119836,0.6732357359709406,l40s
resnet152,gemm,247,layer3.15.conv3,256,1024,1,1,0,0.7441007971763611,0.01810166096227012,0.48549250764064666,l40s
resnet152,gemm,247,layer3.16.conv1,1024,256,1,1,0,0.847364804148674,0.02092647326374689,0.5528676561208694,l40s
resnet152,gemm,247,layer3.16.conv2,256,256,3,1,1,1.0434768050909042,0.10279550595681416,0.6808219702099888,l40s
resnet152,gemm,247,layer3.16.conv3,256,1024,1,1,0,0.7354960024356842,0.016711376209632936,0.47987826372068737,l40s
resnet152,gemm,247,layer3.17.conv1,1024,256,1,1,0,0.8496944010257721,0.01833905537489597,0.5543876139464032,l40s
resnet152,gemm,247,layer3.17.conv2,256,256,3,1,1,1.045448011159897,0.10130637448165127,0.6821080940538863,l40s
resnet152,gemm,247,layer3.17.conv3,256,1024,1,1,0,0.7444048047065734,0.023630742940254194,0.4856908589644787,l40s
resnet152,gemm,247,layer3.18.conv1,1024,256,1,1,0,0.849414399266243,0.023820465986074537,0.5542049253148449,l40s
resnet152,gemm,247,layer3.18.conv2,256,256,3,1,1,1.050689622759819,0.11799645257312896,0.6855280113142643,l40s
resnet152,gemm,247,layer3.18.conv3,256,1024,1,1,0,0.7448559999465942,0.016266384243370187,0.4859852436894306,l40s
resnet152,gemm,247,layer3.19.conv1,1024,256,1,1,0,0.8543055981397629,0.018625321670031086,0.5573962139352648,l40s
resnet152,gemm,247,layer3.19.conv2,256,256,3,1,1,1.0492928206920624,0.11758441628328573,0.6846166604043794,l40s
resnet152,gemm,247,layer3.19.conv3,256,1024,1,1,0,0.7472719997167587,0.025538677803357758,0.4875615755403403,l40s
resnet152,gemm,247,layer3.20.conv1,1024,256,1,1,0,0.8535583972930908,0.023557720091954098,0.5569086987839055,l40s
resnet152,gemm,247,layer3.20.conv2,256,256,3,1,1,1.0510336071252824,0.11276183270091188,0.6857524457360681,l40s
resnet152,gemm,247,layer3.20.conv3,256,1024,1,1,0,0.7447023898363113,0.019146148533972604,0.48588501995909295,l40s
resnet152,gemm,247,layer3.21.conv1,1024,256,1,1,0,0.8408559948205948,0.01559494608008022,0.5486209489886701,l40s
resnet152,gemm,247,layer3.21.conv2,256,256,3,1,1,1.0486751973628998,0.1130465537071007,0.6842136887908691,l40s
resnet152,gemm,247,layer3.21.conv3,256,1024,1,1,0,0.7465743988752365,0.021687276711362388,0.4871064221751402,l40s
resnet152,gemm,247,layer3.22.conv1,1024,256,1,1,0,0.8520047962665558,0.025178528401549164,0.5558950435625862,l40s
resnet152,gemm,247,layer3.22.conv2,256,256,3,1,1,1.050812801718712,0.11175044133570235,0.685608380078642,l40s
resnet152,gemm,247,layer3.22.conv3,256,1024,1,1,0,0.752401602268219,0.023634654862749117,0.4909084119035837,l40s
resnet152,gemm,247,layer3.23.conv1,1024,256,1,1,0,0.8564175963401794,0.025746476970147453,0.558774198351279,l40s
resnet152,gemm,247,layer3.23.conv2,256,256,3,1,1,1.025315198302269,0.022817377038185482,0.6689723336337924,l40s
resnet152,gemm,247,layer3.23.conv3,256,1024,1,1,0,0.7478080064058303,0.017751017232814328,0.48791129594458793,l40s
resnet152,gemm,247,layer3.24.conv1,1024,256,1,1,0,0.8491424024105072,0.016528985812858315,0.5540274595251795,l40s
resnet152,gemm,247,layer3.24.conv2,256,256,3,1,1,1.0403663903474807,0.09578727335295749,0.6787925636305072,l40s
resnet152,gemm,247,layer3.24.conv3,256,1024,1,1,0,0.745224004983902,0.024437183171212087,0.4862253505258496,l40s
resnet152,gemm,247,layer3.25.conv1,1024,256,1,1,0,0.8451328039169311,0.01925786012140559,0.5514113757437009,l40s
resnet152,gemm,247,layer3.25.conv2,256,256,3,1,1,1.0357600033283234,0.09879700278937237,0.6757871020135054,l40s
resnet152,gemm,247,layer3.25.conv3,256,1024,1,1,0,0.7443311989307404,0.019777782008458863,0.48564283448604567,l40s
resnet152,gemm,247,layer3.26.conv1,1024,256,1,1,0,0.8504560023546219,0.01751505953495886,0.5548845247686585,l40s
resnet152,gemm,247,layer3.26.conv2,256,256,3,1,1,1.0472368061542512,0.11364274821156324,0.6832752028256543,l40s
resnet152,gemm,247,layer3.26.conv3,256,1024,1,1,0,0.7412560015916825,0.02008207676843122,0.4836364056886374,l40s
resnet152,gemm,247,layer3.27.conv1,1024,256,1,1,0,0.8491328001022339,0.017659039012654122,0.55402119444827,l40s
resnet152,gemm,247,layer3.27.conv2,256,256,3,1,1,1.0497680008411407,0.10066983154122622,0.6849266942103268,l40s
resnet152,gemm,247,layer3.27.conv3,256,1024,1,1,0,0.7386863976716995,0.016270685585072452,0.48195985399632674,l40s
resnet152,gemm,247,layer3.28.conv1,1024,256,1,1,0,0.8467535942792892,0.019313186817202448,0.5524688690031719,l40s
resnet152,gemm,247,layer3.28.conv2,256,256,3,1,1,1.0435088008642197,0.10458973574992955,0.680842846021814,l40s
resnet152,gemm,247,layer3.28.conv3,256,1024,1,1,0,0.7417680084705353,0.013955847075210385,0.4839704672895479,l40s
resnet152,gemm,247,layer3.29.conv1,1024,256,1,1,0,0.8477439999580383,0.016089715125548933,0.5531150644358096,l40s
resnet152,gemm,247,layer3.29.conv2,256,256,3,1,1,1.050468811392784,0.10838625655620715,0.6853839417679016,l40s
resnet152,gemm,247,layer3.29.conv3,256,1024,1,1,0,0.7354048013687133,0.012878234328471965,0.47981875910132504,l40s
resnet152,gemm,247,layer3.30.conv1,1024,256,1,1,0,0.8457632005214691,0.015678899026048073,0.5518226813484075,l40s
resnet152,gemm,247,layer3.30.conv2,256,256,3,1,1,1.0590175956487655,0.11146799535845772,0.690961641350357,l40s
resnet152,gemm,247,layer3.30.conv3,256,1024,1,1,0,0.7422992050647735,0.01723664672918287,0.4843170493219359,l40s
resnet152,gemm,247,layer3.31.conv1,1024,256,1,1,0,0.8489231884479522,0.02442535927424523,0.5538844322138333,l40s
resnet152,gemm,247,layer3.31.conv2,256,256,3,1,1,1.0369327902793883,0.036987911696468735,0.6765522930735896,l40s
resnet152,gemm,247,layer3.31.conv3,256,1024,1,1,0,0.7429647952318191,0.013816088704971554,0.4847513171529692,l40s
resnet152,gemm,247,layer3.32.conv1,1024,256,1,1,0,0.8550879985094071,0.025183532118987197,0.5579066952018875,l40s
resnet152,gemm,247,layer3.32.conv2,256,256,3,1,1,1.0526736080646515,0.10761932983734811,0.6868224730382948,l40s
resnet152,gemm,247,layer3.32.conv3,256,1024,1,1,0,0.7440367966890336,0.02195313674014652,0.4854507501835914,l40s
resnet152,gemm,247,layer3.33.conv1,1024,256,1,1,0,0.8496111959218979,0.023261544244567472,0.5543333263355289,l40s
resnet152,gemm,247,layer3.33.conv2,256,256,3,1,1,1.0466256052255631,0.11092119380622413,0.6828764215413619,l40s
resnet152,gemm,247,layer3.33.conv3,256,1024,1,1,0,0.749262398481369,0.020545895335546023,0.48886022176018357,l40s
resnet152,gemm,247,layer3.34.conv1,1024,256,1,1,0,0.845472002029419,0.015147399679938531,0.5516326873493914,l40s
resnet152,gemm,247,layer3.34.conv2,256,256,3,1,1,1.04271040558815,0.10544970769254004,0.6803219287937469,l40s
resnet152,gemm,247,layer3.34.conv3,256,1024,1,1,0,0.745931202173233,0.027173507775073057,0.4866867650790226,l40s
resnet152,gemm,247,layer3.35.conv1,1024,256,1,1,0,0.8483472019433975,0.01807617238086005,0.5535086267671459,l40s
resnet152,gemm,247,layer3.35.conv2,256,256,3,1,1,1.044249591231346,0.10673353677612263,0.6813261786218285,l40s
resnet152,gemm,247,layer3.35.conv3,256,1024,1,1,0,0.7485632002353668,0.021727230135109844,0.488404026159967,l40s
resnet152,gemm,247,layer4.0.conv1,1024,512,1,1,0,0.9939712017774582,0.029351616111383375,0.6485217770290218,l40s
resnet152,gemm,247,layer4.0.conv2,512,512,3,2,1,1.7139456033706666,0.406189544975287,1.1182728900408183,l40s
resnet152,gemm,247,layer4.0.conv3,512,2048,1,1,0,0.9736224055290222,0.09267953743849704,0.6352450971012346,l40s
resnet152,gemm,247,layer4.0.downsample.0,1024,2048,1,2,0,1.4125840067863464,0.08816419206156453,0.9216479196234926,l40s
resnet152,gemm,247,layer4.1.conv1,2048,512,1,1,0,1.4180847823619842,0.08779293188835512,0.9252369297929735,l40s
resnet152,gemm,247,layer4.1.conv2,512,512,3,1,1,1.6207376062870025,0.13537729359304781,1.057458838492927,l40s
resnet152,gemm,247,layer4.1.conv3,512,2048,1,1,0,0.995983999967575,0.08771437970614146,0.6498350378727172,l40s
resnet152,gemm,247,layer4.2.conv1,2048,512,1,1,0,1.4043200016021729,0.08857831217070587,0.9162560256553036,l40s
resnet152,gemm,247,layer4.2.conv2,512,512,3,1,1,1.5869471907615662,0.053146766191721595,1.03541210284916,l40s
resnet152,gemm,247,layer4.2.conv3,512,2048,1,1,0,0.9836063981056213,0.09540343478293056,0.6417592059567447,l40s
resnet152,gemm,250,conv1,3,64,7,2,3,0.9481183975934983,0.035288950913873386,0.6152399426730262,l40s
resnet152,gemm,250,layer1.0.conv1,64,64,1,1,0,0.45394239872694014,0.009650366653319807,0.29456605428023797,l40s
resnet152,gemm,250,layer1.0.conv2,64,64,3,1,1,0.7238768011331558,0.020344373092959646,0.4697281718843322,l40s
resnet152,gemm,250,layer1.0.conv3,64,256,1,1,0,1.0603648006916047,0.027793691889113938,0.6880773338497144,l40s
resnet152,gemm,250,layer1.0.downsample.0,64,256,1,1,0,1.1808847963809967,0.021365812087485246,0.766283510870536,l40s
resnet152,gemm,250,layer1.1.conv1,256,64,1,1,0,0.880923193693161,0.019544863002247802,0.5716365556904748,l40s
resnet152,gemm,250,layer1.1.conv2,64,64,3,1,1,0.6969888001680374,0.024988621314574334,0.4522803803275395,l40s
resnet152,gemm,250,layer1.1.conv3,64,256,1,1,0,1.1130335986614228,0.04144326294788485,0.722254445406515,l40s
resnet152,gemm,250,layer1.2.conv1,256,64,1,1,0,0.8997455984354019,0.022437407078511166,0.5838505315440999,l40s
resnet152,gemm,250,layer1.2.conv2,64,64,3,1,1,0.6965439945459366,0.02566295283471597,0.45199174318460816,l40s
resnet152,gemm,250,layer1.2.conv3,64,256,1,1,0,1.081356805562973,0.03299082674364057,0.7016991767613523,l40s
resnet152,gemm,250,layer2.0.conv1,256,128,1,1,0,1.31148961186409,0.03729730362892796,0.8510337903657881,l40s
resnet152,gemm,250,layer2.0.conv2,128,128,3,2,1,0.7493760049343109,0.029315265146921805,0.48627476429794825,l40s
resnet152,gemm,250,layer2.0.conv3,128,512,1,1,0,0.8318511962890625,0.026621372992655136,0.5397934304580365,l40s
resnet152,gemm,250,layer2.0.downsample.0,256,512,1,2,0,1.2147216022014617,0.06041270262777304,0.7882404252454291,l40s
resnet152,gemm,250,layer2.1.conv1,512,128,1,1,0,0.745937603712082,0.024181751301131302,0.4840435642956908,l40s
resnet152,gemm,250,layer2.1.conv2,128,128,3,1,1,0.48972480148077013,0.028649419860599188,0.3177854786420551,l40s
resnet152,gemm,250,layer2.1.conv3,128,512,1,1,0,0.790793600678444,0.023640066357180974,0.5131509005441729,l40s
resnet152,gemm,250,layer2.2.conv1,512,128,1,1,0,0.7453504055738449,0.02478841506298267,0.48366252776077745,l40s
resnet152,gemm,250,layer2.2.conv2,128,128,3,1,1,0.48511199802160265,0.025337195002020186,0.31479220170218825,l40s
resnet152,gemm,250,layer2.2.conv3,128,512,1,1,0,0.7760592043399811,0.03367115238550568,0.5035896588452388,l40s
resnet152,gemm,250,layer2.3.conv1,512,128,1,1,0,0.7478879928588867,0.023578530341394684,0.4853091839798104,l40s
resnet152,gemm,250,layer2.3.conv2,128,128,3,1,1,0.4834080025553703,0.027494171328323776,0.313686468414425,l40s
resnet152,gemm,250,layer2.3.conv3,128,512,1,1,0,0.7788320034742355,0.02017041774830778,0.5053889455005052,l40s
resnet152,gemm,250,layer2.4.conv1,512,128,1,1,0,0.7522144079208374,0.03133943263934675,0.48811662170219855,l40s
resnet152,gemm,250,layer2.4.conv2,128,128,3,1,1,0.4832048013806343,0.02729645600249717,0.3135546099045458,l40s
resnet152,gemm,250,layer2.4.conv3,128,512,1,1,0,0.7807792067527771,0.022241639055436233,0.5066524978548349,l40s
resnet152,gemm,250,layer2.5.conv1,512,128,1,1,0,0.7483472049236297,0.03214318720720826,0.4856071695532413,l40s
resnet152,gemm,250,layer2.5.conv2,128,128,3,1,1,0.47836639285087584,0.026774049804673548,0.3104149364270214,l40s
resnet152,gemm,250,layer2.5.conv3,128,512,1,1,0,0.77882239818573,0.03162512266534273,0.505382712568875,l40s
resnet152,gemm,250,layer2.6.conv1,512,128,1,1,0,0.7382512003183365,0.019123854999714095,0.47905580918479673,l40s
resnet152,gemm,250,layer2.6.conv2,128,128,3,1,1,0.47573760598897935,0.011581923872553078,0.30870910023365367,l40s
resnet152,gemm,250,layer2.6.conv3,128,512,1,1,0,0.7733296006917953,0.019585658547958074,0.501818402010341,l40s
resnet152,gemm,250,layer2.7.conv1,512,128,1,1,0,0.7422975987195969,0.022381559536028522,0.4816815423492859,l40s
resnet152,gemm,250,layer2.7.conv2,128,128,3,1,1,0.4721791982650757,0.009018386143990831,0.30640002726384474,l40s
resnet152,gemm,250,layer2.7.conv3,128,512,1,1,0,0.7742527991533279,0.02439572893890943,0.5024174712510505,l40s
resnet152,gemm,250,layer3.0.conv1,512,256,1,1,0,0.9384143978357316,0.0215615666135632,0.6089429566955141,l40s
resnet152,gemm,250,layer3.0.conv2,256,256,3,2,1,1.075852817296982,0.02767880879434762,0.6981276044410214,l40s
resnet152,gemm,250,layer3.0.conv3,256,1024,1,1,0,0.7546095937490463,0.01984679651920119,0.48967087272757565,l40s
resnet152,gemm,250,layer3.0.downsample.0,512,1024,1,2,0,1.077400004863739,0.040089559595898404,0.6991315841046291,l40s
resnet152,gemm,250,layer3.1.conv1,1024,256,1,1,0,0.8490752071142197,0.014285168019886758,0.550970198527896,l40s
resnet152,gemm,250,layer3.1.conv2,256,256,3,1,1,1.0400704145431519,0.030100248180552756,0.6749081800792043,l40s
resnet152,gemm,250,layer3.1.conv3,256,1024,1,1,0,0.7424880027770996,0.020965634141341533,0.48180509672996247,l40s
resnet152,gemm,250,layer3.2.conv1,1024,256,1,1,0,0.8536335974931717,0.01696106007237194,0.5539281664805759,l40s
resnet152,gemm,250,layer3.2.conv2,256,256,3,1,1,1.030519998073578,0.028916756141430265,0.6687108552554712,l40s
resnet152,gemm,250,layer3.2.conv3,256,1024,1,1,0,0.7413136094808579,0.020417044055092124,0.48104302559402706,l40s
resnet152,gemm,250,layer3.3.conv1,1024,256,1,1,0,0.8523344069719314,0.01892225218397987,0.553085113646839,l40s
resnet152,gemm,250,layer3.3.conv2,256,256,3,1,1,1.0257791936397553,0.038781582463193666,0.6656345176846654,l40s
resnet152,gemm,250,layer3.3.conv3,256,1024,1,1,0,0.7493295997381211,0.028467631725696683,0.4862446516766597,l40s
resnet152,gemm,250,layer3.4.conv1,1024,256,1,1,0,0.8482639938592911,0.0214137665704606,0.5504437971863286,l40s
resnet152,gemm,250,layer3.4.conv2,256,256,3,1,1,1.0301040023565293,0.025105210395826257,0.6684409130396479,l40s
resnet152,gemm,250,layer3.4.conv3,256,1024,1,1,0,0.7501168012619018,0.02047659151118589,0.48675547165609706,l40s
resnet152,gemm,250,layer3.5.conv1,1024,256,1,1,0,0.8527743965387344,0.02936313377432323,0.5533706256214443,l40s
resnet152,gemm,250,layer3.5.conv2,256,256,3,1,1,1.0291231989860534,0.03130117667628861,0.6678044636141788,l40s
resnet152,gemm,250,layer3.5.conv3,256,1024,1,1,0,0.7524463981389999,0.02572123009207519,0.4882671616019467,l40s
resnet152,gemm,250,layer3.6.conv1,1024,256,1,1,0,0.8549151986837387,0.024769876137052463,0.5547598054879144,l40s
resnet152,gemm,250,layer3.6.conv2,256,256,3,1,1,1.022153601050377,0.024213352066805794,0.6632818480365428,l40s
resnet152,gemm,250,layer3.6.conv3,256,1024,1,1,0,0.739489597082138,0.014179037080735774,0.47985941257009285,l40s
resnet152,gemm,250,layer3.7.conv1,1024,256,1,1,0,0.8557311981916428,0.01919950631038373,0.5552893126588947,l40s
resnet152,gemm,250,layer3.7.conv2,256,256,3,1,1,1.02849440574646,0.02965360559794736,0.6673964357585201,l40s
resnet152,gemm,250,layer3.7.conv3,256,1024,1,1,0,0.7464272022247315,0.028917217250810413,0.48436126782472244,l40s
resnet152,gemm,250,layer3.8.conv1,1024,256,1,1,0,0.8546896010637284,0.02777662765719607,0.5546134137849851,l40s
resnet152,gemm,250,layer3.8.conv2,256,256,3,1,1,1.0203232020139694,0.02473141634001108,0.6620940906835724,l40s
resnet152,gemm,250,layer3.8.conv3,256,1024,1,1,0,0.743423992395401,0.0210268278421133,0.4824124662320921,l40s
resnet152,gemm,250,layer3.9.conv1,1024,256,1,1,0,0.845206406712532,0.014994360799472027,0.5484597098132068,l40s
resnet152,gemm,250,layer3.9.conv2,256,256,3,1,1,1.0308879911899567,0.03306523418747422,0.668949648284274,l40s
resnet152,gemm,250,layer3.9.conv3,256,1024,1,1,0,0.7394720017910004,0.015713761039062087,0.4798479948759121,l40s
resnet152,gemm,250,layer3.10.conv1,1024,256,1,1,0,0.8489248037338257,0.025250199749598884,0.5508726008361242,l40s
resnet152,gemm,250,layer3.10.conv2,256,256,3,1,1,1.0195280015468597,0.029175656985727456,0.6615780801399105,l40s
resnet152,gemm,250,layer3.10.conv3,256,1024,1,1,0,0.7427680015563964,0.017575608630697414,0.48198678968451364,l40s
resnet152,gemm,250,layer3.11.conv1,1024,256,1,1,0,0.8487440079450608,0.01731767163204544,0.5507552813209692,l40s
resnet152,gemm,250,layer3.11.conv2,256,256,3,1,1,1.02671679854393,0.03096619289171692,0.6662429353558745,l40s
resnet152,gemm,250,layer3.11.conv3,256,1024,1,1,0,0.7401904046535492,0.016237547026163694,0.48031417097490203,l40s
resnet152,gemm,250,layer3.12.conv1,1024,256,1,1,0,0.8509967982769012,0.020538880973259187,0.5522171310204728,l40s
resnet152,gemm,250,layer3.12.conv2,256,256,3,1,1,1.025527998805046,0.02463970040320767,0.6654715157894395,l40s
resnet152,gemm,250,layer3.12.conv3,256,1024,1,1,0,0.7441520005464554,0.02559525043285141,0.4828848752627121,l40s
resnet152,gemm,250,layer3.13.conv1,1024,256,1,1,0,0.8428335905075073,0.01579088707934636,0.5469199745758584,l40s
resnet152,gemm,250,layer3.13.conv2,256,256,3,1,1,1.0247231990098953,0.02539920958441031,0.6649492761819299,l40s
resnet152,gemm,250,layer3.13.conv3,256,1024,1,1,0,0.7385759979486466,0.016212595771002626,0.4792665723932309,l40s
resnet152,gemm,250,layer3.14.conv1,1024,256,1,1,0,0.8476240009069442,0.018637799480637523,0.5500285017671991,l40s
resnet152,gemm,250,layer3.14.conv2,256,256,3,1,1,1.0143071919679643,0.019376709373819436,0.6581902642361381,l40s
resnet152,gemm,250,layer3.14.conv3,256,1024,1,1,0,0.7478816032409668,0.02469665930253035,0.48530503771688294,l40s
resnet152,gemm,250,layer3.15.conv1,1024,256,1,1,0,0.8565887987613678,0.02402213228740215,0.555845815018403,l40s
resnet152,gemm,250,layer3.15.conv2,256,256,3,1,1,1.0201759934425354,0.0240743559372289,0.6619985661232645,l40s
resnet152,gemm,250,layer3.15.conv3,256,1024,1,1,0,0.7449792116880417,0.019703431537765197,0.4834216577327284,l40s
resnet152,gemm,250,layer3.16.conv1,1024,256,1,1,0,0.8545168071985245,0.027075162122197655,0.5545012867679457,l40s
resnet152,gemm,250,layer3.16.conv2,256,256,3,1,1,1.0396752029657363,0.029454873027466542,0.6746517248212428,l40s
resnet152,gemm,250,layer3.16.conv3,256,1024,1,1,0,0.7499551981687546,0.026407494550616528,0.4866506064008546,l40s
resnet152,gemm,250,layer3.17.conv1,1024,256,1,1,0,0.8544448107481003,0.019846799602756045,0.5544545678221431,l40s
resnet152,gemm,250,layer3.17.conv2,256,256,3,1,1,1.030592006444931,0.019078546000967655,0.668757581936839,l40s
resnet152,gemm,250,layer3.17.conv3,256,1024,1,1,0,0.7347887992858887,0.011107571102827694,0.4768090355559745,l40s
resnet152,gemm,250,layer3.18.conv1,1024,256,1,1,0,0.8517408013343811,0.02251316203301175,0.5526999192456505,l40s
resnet152,gemm,250,layer3.18.conv2,256,256,3,1,1,1.0178351938724517,0.027917363523907744,0.6604796066800528,l40s
resnet152,gemm,250,layer3.18.conv3,256,1024,1,1,0,0.7431584060192108,0.02016157614770651,0.4822401255758231,l40s
resnet152,gemm,250,layer3.19.conv1,1024,256,1,1,0,0.8476496040821075,0.02002085780161861,0.5500451158272782,l40s
resnet152,gemm,250,layer3.19.conv2,256,256,3,1,1,1.0157392114400863,0.025713075617180985,0.6591195106047049,l40s
resnet152,gemm,250,layer3.19.conv3,256,1024,1,1,0,0.7447535991668701,0.020750924994102988,0.48327525636034263,l40s
resnet152,gemm,250,layer3.20.conv1,1024,256,1,1,0,0.8481600016355515,0.020119933419228755,0.5503763159836282,l40s
resnet152,gemm,250,layer3.20.conv2,256,256,3,1,1,1.0237119942903519,0.020538652853422584,0.6642930991314037,l40s
resnet152,gemm,250,layer3.20.conv3,256,1024,1,1,0,0.7393360018730164,0.021929398980202436,0.47975974368074875,l40s
resnet152,gemm,250,layer3.21.conv1,1024,256,1,1,0,0.8476975977420806,0.019392165113887565,0.5500762592126249,l40s
resnet152,gemm,250,layer3.21.conv2,256,256,3,1,1,1.028219187259674,0.03127825633674375,0.6672178447655992,l40s
resnet152,gemm,250,layer3.21.conv3,256,1024,1,1,0,0.740491196513176,0.018930119518898208,0.480509356688989,l40s
resnet152,gemm,250,layer3.22.conv1,1024,256,1,1,0,0.8436848044395446,0.018526987508281526,0.5474723326063304,l40s
resnet152,gemm,250,layer3.22.conv2,256,256,3,1,1,1.0211231976747512,0.022386634069513755,0.6626132128583212,l40s
resnet152,gemm,250,layer3.22.conv3,256,1024,1,1,0,0.7448239982128143,0.01586719487034096,0.4833209387404134,l40s
resnet152,gemm,250,layer3.23.conv1,1024,256,1,1,0,0.8449007987976074,0.02063322885601594,0.5482613989307938,l40s
resnet152,gemm,250,layer3.23.conv2,256,256,3,1,1,1.0144175916910172,0.02415601619146709,0.6582619033051137,l40s
resnet152,gemm,250,layer3.23.conv3,256,1024,1,1,0,0.7412736058235169,0.016764187119084343,0.481017066971231,l40s
resnet152,gemm,250,layer3.24.conv1,1024,256,1,1,0,0.8484959930181504,0.01681749764780599,0.5505943428877507,l40s
resnet152,gemm,250,layer3.24.conv2,256,256,3,1,1,1.0225072115659715,0.029137262720515825,0.6635113081059762,l40s
resnet152,gemm,250,layer3.24.conv3,256,1024,1,1,0,0.7473024040460586,0.025583348630570792,0.48492919174619403,l40s
resnet152,gemm,250,layer3.25.conv1,1024,256,1,1,0,0.8541152000427246,0.024604894585185465,0.5542406813792743,l40s
resnet152,gemm,250,layer3.25.conv2,256,256,3,1,1,1.0122623860836029,0.022869054095462825,0.6568633769420353,l40s
resnet152,gemm,250,layer3.25.conv3,256,1024,1,1,0,0.739868801832199,0.022847565415551864,0.4801054808979315,l40s
resnet152,gemm,250,layer3.26.conv1,1024,256,1,1,0,0.8523519992828369,0.02039654832890562,0.5530965294071284,l40s
resnet152,gemm,250,layer3.26.conv2,256,256,3,1,1,1.018899205327034,0.027309972969655746,0.6611700503503605,l40s
resnet152,gemm,250,layer3.26.conv3,256,1024,1,1,0,0.7377232044935227,0.017258316072591918,0.4787131894003747,l40s
resnet152,gemm,250,layer3.27.conv1,1024,256,1,1,0,0.8485791951417923,0.018369119638966473,0.5506483332648064,l40s
resnet152,gemm,250,layer3.27.conv2,256,256,3,1,1,1.0201151937246322,0.025384896554079696,0.6619591128070413,l40s
resnet152,gemm,250,layer3.27.conv3,256,1024,1,1,0,0.7428272068500519,0.019793670092343903,0.48202520836889634,l40s
resnet152,gemm,250,layer3.28.conv1,1024,256,1,1,0,0.8486816018819809,0.021260365859588123,0.5507147856373403,l40s
resnet152,gemm,250,layer3.28.conv2,256,256,3,1,1,1.0291039973497391,0.026875151844725952,0.6677920035525924,l40s
resnet152,gemm,250,layer3.28.conv3,256,1024,1,1,0,0.7506368070840835,0.02787836405587244,0.48709290667796856,l40s
resnet152,gemm,250,layer3.29.conv1,1024,256,1,1,0,0.8543456017971038,0.019254302736814406,0.5543901905149643,l40s
resnet152,gemm,250,layer3.29.conv2,256,256,3,1,1,1.0221520066261292,0.025393211749190802,0.6632808134047022,l40s
resnet152,gemm,250,layer3.29.conv3,256,1024,1,1,0,0.73402079641819,0.014971336194821126,0.4763106737042322,l40s
resnet152,gemm,250,layer3.30.conv1,1024,256,1,1,0,0.8442176043987274,0.015068438377731941,0.5478180698235133,l40s
resnet152,gemm,250,layer3.30.conv2,256,256,3,1,1,1.0268960028886795,0.020533039418997485,0.6663592221730804,l40s
resnet152,gemm,250,layer3.30.conv3,256,1024,1,1,0,0.7359119981527329,0.015564793159311606,0.47753788630731697,l40s
resnet152,gemm,250,layer3.31.conv1,1024,256,1,1,0,0.8586431950330734,0.026105507072780292,0.5571789255746794,l40s
resnet152,gemm,250,layer3.31.conv2,256,256,3,1,1,1.0104320049285889,0.019827967714651958,0.6556756311924128,l40s
resnet152,gemm,250,layer3.31.conv3,256,1024,1,1,0,0.7477311998605728,0.02852814575948755,0.48520744002511124,l40s
resnet152,gemm,250,layer3.32.conv1,1024,256,1,1,0,0.8457791984081269,0.01854757030580568,0.5488313979176205,l40s
resnet152,gemm,250,layer3.32.conv2,256,256,3,1,1,1.0193583965301514,0.018803345322113755,0.6614680223865523,l40s
resnet152,gemm,250,layer3.32.conv3,256,1024,1,1,0,0.7447519958019256,0.026388542378980934,0.4832742159268281,l40s
resnet152,gemm,250,layer3.33.conv1,1024,256,1,1,0,0.8445056051015853,0.02020618508419233,0.5480049552761802,l40s
resnet152,gemm,250,layer3.33.conv2,256,256,3,1,1,1.0297951996326447,0.029653254832524695,0.6682405290257712,l40s
resnet152,gemm,250,layer3.33.conv3,256,1024,1,1,0,0.7419503927230835,0.021598747097685344,0.4814562382122364,l40s
resnet152,gemm,250,layer3.34.conv1,1024,256,1,1,0,0.8451472073793411,0.016975336575038462,0.5484212949966067,l40s
resnet152,gemm,250,layer3.34.conv2,256,256,3,1,1,1.0313600063323975,0.02907950299138879,0.6692559418546901,l40s
resnet152,gemm,250,layer3.34.conv3,256,1024,1,1,0,0.7418879926204681,0.02061801787544536,0.48141574639639007,l40s
resnet152,gemm,250,layer3.35.conv1,1024,256,1,1,0,0.8479248017072678,0.01578170981990455,0.5502236932829601,l40s
resnet152,gemm,250,layer3.35.conv2,256,256,3,1,1,1.020414412021637,0.03327600813988936,0.6621532774265267,l40s
resnet152,gemm,250,layer3.35.conv3,256,1024,1,1,0,0.7394448041915893,0.019687453471232467,0.47983034618399245,l40s
resnet152,gemm,250,layer4.0.conv1,1024,512,1,1,0,0.968382403254509,0.03216965296556278,0.628389382355718,l40s
resnet152,gemm,250,layer4.0.conv2,512,512,3,2,1,1.6490079879760742,0.17002009388939712,1.07005157010437,l40s
resnet152,gemm,250,layer4.0.conv3,512,2048,1,1,0,0.9534703969955445,0.02848036702449896,0.6187128884714187,l40s
resnet152,gemm,250,layer4.0.downsample.0,1024,2048,1,2,0,1.3797471821308136,0.029177370589227977,0.8953265535106545,l40s
resnet152,gemm,250,layer4.1.conv1,2048,512,1,1,0,1.3826384007930757,0.01737609489974787,0.89720268333636,l40s
resnet152,gemm,250,layer4.1.conv2,512,512,3,1,1,1.5807887971401215,0.021899238552359788,1.0257837116115462,l40s
resnet152,gemm,250,layer4.1.conv3,512,2048,1,1,0,0.9804608076810837,0.026065967286780727,0.6362271343346364,l40s
resnet152,gemm,250,layer4.2.conv1,2048,512,1,1,0,1.3816831886768342,0.023969408482515237,0.8965828402354048,l40s
resnet152,gemm,250,layer4.2.conv2,512,512,3,1,1,1.5713743925094605,0.018172349744999133,1.0196746457185417,l40s
resnet152,gemm,250,layer4.2.conv3,512,2048,1,1,0,0.9641215980052948,0.0226684175273852,0.6256245192500963,l40s
resnet152,gemm,253,conv1,3,64,7,2,3,1.0030240088701248,0.1645507541044875,0.6516081159008381,l40s
resnet152,gemm,253,layer1.0.conv1,64,64,1,1,0,0.6420367956161499,0.02338093482120023,0.41709508748620716,l40s
resnet152,gemm,253,layer1.0.conv2,64,64,3,1,1,0.7095296055078506,0.013088221377360685,0.4609413586636293,l40s
resnet152,gemm,253,layer1.0.conv3,64,256,1,1,0,1.0737743973731995,0.027734146835690993,0.6975706521353124,l40s
resnet152,gemm,253,layer1.0.downsample.0,64,256,1,1,0,1.000864002108574,0.02723731295647671,0.6502048813583143,l40s
resnet152,gemm,253,layer1.1.conv1,256,64,1,1,0,0.8994064033031464,0.023057409792087525,0.5842936028477438,l40s
resnet152,gemm,253,layer1.1.conv2,64,64,3,1,1,0.6946224004030228,0.025686970236306398,0.45125698845334256,l40s
resnet152,gemm,253,layer1.1.conv3,64,256,1,1,0,0.9417536050081253,0.02327746485976644,0.6118041909020991,l40s
resnet152,gemm,253,layer1.2.conv1,256,64,1,1,0,0.9041536003351212,0.02744827758412304,0.5873775889601995,l40s
resnet152,gemm,253,layer1.2.conv2,64,64,3,1,1,0.6934047967195511,0.019522643233602748,0.4504659800277371,l40s
resnet152,gemm,253,layer1.2.conv3,64,256,1,1,0,0.9363135993480682,0.017618149598780056,0.6082701261067482,l40s
resnet152,gemm,253,layer2.0.conv1,256,128,1,1,0,1.3282159984111785,0.03586886149444074,0.8628670067519029,l40s
resnet152,gemm,253,layer2.0.conv2,128,128,3,2,1,0.7438559979200363,0.017209780240147847,0.483241279390924,l40s
resnet152,gemm,253,layer2.0.conv3,128,512,1,1,0,0.8119695961475373,0.031916789896219995,0.5274908417301596,l40s
resnet152,gemm,253,layer2.0.downsample.0,256,512,1,2,0,1.2466640055179596,0.0459142081379282,0.8098872774860308,l40s
resnet152,gemm,253,layer2.1.conv1,512,128,1,1,0,0.7410271972417831,0.016280740203648027,0.4814035671687689,l40s
resnet152,gemm,253,layer2.1.conv2,128,128,3,1,1,0.48752799779176714,0.011766878634624982,0.31671943770105243,l40s
resnet152,gemm,253,layer2.1.conv3,128,512,1,1,0,0.7830976009368896,0.023454296843055757,0.5087343351708593,l40s
resnet152,gemm,253,layer2.2.conv1,512,128,1,1,0,0.7447151958942413,0.021070174310443685,0.48379945184562745,l40s
resnet152,gemm,253,layer2.2.conv2,128,128,3,1,1,0.47436320036649704,0.00701661028939061,0.3081670114673478,l40s
resnet152,gemm,253,layer2.2.conv3,128,512,1,1,0,0.7842863976955414,0.03380690546561817,0.5095066293624677,l40s
resnet152,gemm,253,layer2.3.conv1,512,128,1,1,0,0.7466687947511673,0.02683567314556666,0.48506859481641396,l40s
resnet152,gemm,253,layer2.3.conv2,128,128,3,1,1,0.4739568024873734,0.006445957070091005,0.30790299769102736,l40s
resnet152,gemm,253,layer2.3.conv3,128,512,1,1,0,0.7777792066335678,0.025780478402474796,0.5052792744136307,l40s
resnet152,gemm,253,layer2.4.conv1,512,128,1,1,0,0.7526479959487915,0.02166021080588533,0.488952944535385,l40s
resnet152,gemm,253,layer2.4.conv2,128,128,3,1,1,0.47693919837474824,0.00836240697833118,0.3098404920559248,l40s
resnet152,gemm,253,layer2.4.conv3,128,512,1,1,0,0.7872000008821487,0.0261141224689193,0.5113994329904152,l40s
resnet152,gemm,253,layer2.5.conv1,512,128,1,1,0,0.7476080030202865,0.01946560106791179,0.4856787454461766,l40s
resnet152,gemm,253,layer2.5.conv2,128,128,3,1,1,0.47614399790763856,0.01817135041709178,0.3093238951713493,l40s
resnet152,gemm,253,layer2.5.conv3,128,512,1,1,0,0.777182400226593,0.026922453705622542,0.5048915629581049,l40s
resnet152,gemm,253,layer2.6.conv1,512,128,1,1,0,0.7435359954833984,0.015050954369113407,0.48303339185984073,l40s
resnet152,gemm,253,layer2.6.conv2,128,128,3,1,1,0.4767343983054161,0.014468113938647314,0.3097074450040759,l40s
resnet152,gemm,253,layer2.6.conv3,128,512,1,1,0,0.776609605550766,0.029300471864633783,0.5045194505697542,l40s
resnet152,gemm,253,layer2.7.conv1,512,128,1,1,0,0.7354112029075622,0.022388108895160887,0.4777551724596995,l40s
resnet152,gemm,253,layer2.7.conv2,128,128,3,1,1,0.47300320118665695,0.010352497521678846,0.30728349672057664,l40s
resnet152,gemm,253,layer2.7.conv3,128,512,1,1,0,0.7791647970676422,0.025521933566410835,0.5061794143546222,l40s
resnet152,gemm,253,layer3.0.conv1,512,256,1,1,0,0.9395199984312057,0.01917164229951086,0.6103531427114484,l40s
resnet152,gemm,253,layer3.0.conv2,256,256,3,2,1,1.1166288018226624,0.10238775786318671,0.7254107412004016,l40s
resnet152,gemm,253,layer3.0.conv3,256,1024,1,1,0,0.7486959993839264,0.018720117028397938,0.4863855553075049,l40s
resnet152,gemm,253,layer3.0.downsample.0,512,1024,1,2,0,1.0729568004608154,0.03407586709827364,0.697039505543672,l40s
resnet152,gemm,253,layer3.1.conv1,1024,256,1,1,0,0.8653327971696854,0.026774208887894238,0.5621579031055389,l40s
resnet152,gemm,253,layer3.1.conv2,256,256,3,1,1,1.0590335994958877,0.10468526127087052,0.6879943873133665,l40s
resnet152,gemm,253,layer3.1.conv3,256,1024,1,1,0,0.7409951984882355,0.016439301850221973,0.48138277938370505,l40s
resnet152,gemm,253,layer3.2.conv1,1024,256,1,1,0,0.8397423982620239,0.009152200493937673,0.5455332645426436,l40s
resnet152,gemm,253,layer3.2.conv2,256,256,3,1,1,1.0607247978448868,0.10273297862364024,0.6890930634767091,l40s
resnet152,gemm,253,layer3.2.conv3,256,1024,1,1,0,0.747500804066658,0.02013244220639841,0.4856091043333192,l40s
resnet152,gemm,253,layer3.3.conv1,1024,256,1,1,0,0.8471104025840759,0.020241273316213275,0.5503198413062942,l40s
resnet152,gemm,253,layer3.3.conv2,256,256,3,1,1,1.0563440084457398,0.09781267430324332,0.686247111733488,l40s
resnet152,gemm,253,layer3.3.conv3,256,1024,1,1,0,0.747150394320488,0.022119087039425635,0.48538146288857226,l40s
resnet152,gemm,253,layer3.4.conv1,1024,256,1,1,0,0.8485071986913681,0.022271478371119386,0.5512272609410401,l40s
resnet152,gemm,253,layer3.4.conv2,256,256,3,1,1,1.0422959953546524,0.10014680048302771,0.6771209101057272,l40s
resnet152,gemm,253,layer3.4.conv3,256,1024,1,1,0,0.7451487988233566,0.022916022888594866,0.48408113920823426,l40s
resnet152,gemm,253,layer3.5.conv1,1024,256,1,1,0,0.8521871984004974,0.02153184502610009,0.5536179491556549,l40s
resnet152,gemm,253,layer3.5.conv2,256,256,3,1,1,1.055422407388687,0.10033607771105688,0.6856483995161455,l40s
resnet152,gemm,253,layer3.5.conv3,256,1024,1,1,0,0.7422432035207749,0.02252135936052791,0.4821935378507968,l40s
resnet152,gemm,253,layer3.6.conv1,1024,256,1,1,0,0.8453935980796814,0.022203420224531548,0.5492045302682875,l40s
resnet152,gemm,253,layer3.6.conv2,256,256,3,1,1,1.0539920032024384,0.10791712290703555,0.6847191466084029,l40s
resnet152,gemm,253,layer3.6.conv3,256,1024,1,1,0,0.7382063925266266,0.024459484047698918,0.4795710494727689,l40s
resnet152,gemm,253,layer3.7.conv1,1024,256,1,1,0,0.8532671988010406,0.026642816117406206,0.554319564490828,l40s
resnet152,gemm,253,layer3.7.conv2,256,256,3,1,1,1.0482416093349456,0.10374129090317019,0.6809834401043227,l40s
resnet152,gemm,253,layer3.7.conv3,256,1024,1,1,0,0.7516800045967102,0.02597523675756799,0.4883240951603352,l40s
resnet152,gemm,253,layer3.8.conv1,1024,256,1,1,0,0.8538815975189209,0.015988096122407463,0.5547187046783304,l40s
resnet152,gemm,253,layer3.8.conv2,256,256,3,1,1,1.0598655968904496,0.10769601766898335,0.6885348890859168,l40s
resnet152,gemm,253,layer3.8.conv3,256,1024,1,1,0,0.747035202383995,0.02576590182613093,0.4853066291856485,l40s
resnet152,gemm,253,layer3.9.conv1,1024,256,1,1,0,0.8536847978830338,0.025581174360295545,0.5545908550567696,l40s
resnet152,gemm,253,layer3.9.conv2,256,256,3,1,1,1.049950397014618,0.09746162694756579,0.6820935430635532,l40s
resnet152,gemm,253,layer3.9.conv3,256,1024,1,1,0,0.7397552043199539,0.01981928482257429,0.48057722512321216,l40s
resnet152,gemm,253,layer3.10.conv1,1024,256,1,1,0,0.933611199259758,0.3898439385164563,0.6065145292173599,l40s
resnet152,gemm,253,layer3.10.conv2,256,256,3,1,1,1.0510767906904221,0.11715765458503682,0.6828252974925225,l40s
resnet152,gemm,253,layer3.10.conv3,256,1024,1,1,0,0.7427696079015732,0.015101702398536618,0.48253551308143994,l40s
resnet152,gemm,253,layer3.11.conv1,1024,256,1,1,0,0.8527583986520767,0.021929651076704842,0.5539890257365165,l40s
resnet152,gemm,253,layer3.11.conv2,256,256,3,1,1,1.0463520020246506,0.11134786510922895,0.6797558688314868,l40s
resnet152,gemm,253,layer3.11.conv3,256,1024,1,1,0,0.7466256022453308,0.01730180726318064,0.48504053508195066,l40s
resnet152,gemm,253,layer3.12.conv1,1024,256,1,1,0,0.856329596042633,0.024058659754369258,0.5563090312225185,l40s
resnet152,gemm,253,layer3.12.conv2,256,256,3,1,1,1.0369823962450027,0.10613336076797435,0.6736689645153204,l40s
resnet152,gemm,253,layer3.12.conv3,256,1024,1,1,0,0.7443823963403702,0.01871336129044375,0.48358325074938957,l40s
resnet152,gemm,253,layer3.13.conv1,1024,256,1,1,0,0.8480272054672241,0.01859742901269439,0.5509154364207258,l40s
resnet152,gemm,253,layer3.13.conv2,256,256,3,1,1,1.0541839987039565,0.10439291384741595,0.6848438752548752,l40s
resnet152,gemm,253,layer3.13.conv3,256,1024,1,1,0,0.7419583976268769,0.01961153446296605,0.48200851552802165,l40s
resnet152,gemm,253,layer3.14.conv1,1024,256,1,1,0,0.8488560020923615,0.0250551899894975,0.5514538588339432,l40s
resnet152,gemm,253,layer3.14.conv2,256,256,3,1,1,1.0510688066482543,0.10767209598900267,0.6828201107107225,l40s
resnet152,gemm,253,layer3.14.conv3,256,1024,1,1,0,0.7449055999517441,0.020898078052818972,0.4839231466206997,l40s
resnet152,gemm,253,layer3.15.conv1,1024,256,1,1,0,0.8476848036050797,0.015538787580133903,0.550692997246489,l40s
resnet152,gemm,253,layer3.15.conv2,256,256,3,1,1,1.033580806851387,0.027928202401136068,0.6714591437769923,l40s
resnet152,gemm,253,layer3.15.conv3,256,1024,1,1,0,0.7495695978403092,0.024286530974824774,0.48695308294311823,l40s
resnet152,gemm,253,layer3.16.conv1,1024,256,1,1,0,0.8518511980772019,0.02053193434527852,0.5533996687000841,l40s
resnet152,gemm,253,layer3.16.conv2,256,256,3,1,1,1.0498431891202926,0.10000013482413889,0.6820238961424294,l40s
resnet152,gemm,253,layer3.16.conv3,256,1024,1,1,0,0.7431247979402542,0.024806857678670722,0.4827662600125651,l40s
resnet152,gemm,253,layer3.17.conv1,1024,256,1,1,0,0.8563919991254807,0.022430061792085756,0.5563495709851574,l40s
resnet152,gemm,253,layer3.17.conv2,256,256,3,1,1,1.0460048079490663,0.11144318923941586,0.6795303164265165,l40s
resnet152,gemm,253,layer3.17.conv3,256,1024,1,1,0,0.7381456017494201,0.01920033776986122,0.47953155713415163,l40s
resnet152,gemm,253,layer3.18.conv1,1024,256,1,1,0,0.8509407967329026,0.01599483723613344,0.5528082323043184,l40s
resnet152,gemm,253,layer3.18.conv2,256,256,3,1,1,1.04620481133461,0.10266591169658526,0.6796602473434992,l40s
resnet152,gemm,253,layer3.18.conv3,256,1024,1,1,0,0.7428192049264908,0.01845445556109829,0.48256773347065796,l40s
resnet152,gemm,253,layer3.19.conv1,1024,256,1,1,0,0.8538767993450165,0.019592483416836705,0.5547155875754196,l40s
resnet152,gemm,253,layer3.19.conv2,256,256,3,1,1,1.051254403591156,0.09677480434127836,0.6829406825746177,l40s
resnet152,gemm,253,layer3.19.conv3,256,1024,1,1,0,0.7492720067501069,0.0204484481436642,0.4867597547995436,l40s
resnet152,gemm,253,layer3.20.conv1,1024,256,1,1,0,0.8565424025058747,0.026226126357003166,0.5564472795768332,l40s
resnet152,gemm,253,layer3.20.conv2,256,256,3,1,1,1.0519616037607193,0.09864589941420332,0.6834001106301565,l40s
resnet152,gemm,253,layer3.20.conv3,256,1024,1,1,0,0.7446736067533493,0.026345162861349962,0.4837724337269195,l40s
resnet152,gemm,253,layer3.21.conv1,1024,256,1,1,0,0.8545664042234421,0.02692512657964447,0.5551635849628931,l40s
resnet152,gemm,253,layer3.21.conv2,256,256,3,1,1,1.0472000002861024,0.10127217871212196,0.6803067654646134,l40s
resnet152,gemm,253,layer3.21.conv3,256,1024,1,1,0,0.7422304004430771,0.02416263329977288,0.4821852204134646,l40s
resnet152,gemm,253,layer3.22.conv1,1024,256,1,1,0,0.8416736006736756,0.022913775154406745,0.5467878578063652,l40s
resnet152,gemm,253,layer3.22.conv2,256,256,3,1,1,1.0505248069763184,0.10925523619002162,0.6824667048120141,l40s
resnet152,gemm,253,layer3.22.conv3,256,1024,1,1,0,0.7416543990373612,0.0198136339441452,0.4818110247936035,l40s
resnet152,gemm,253,layer3.23.conv1,1024,256,1,1,0,0.8425904035568237,0.017728902173961662,0.5473834529207967,l40s
resnet152,gemm,253,layer3.23.conv2,256,256,3,1,1,1.0236752092838288,0.03310704714699157,0.6650240358326277,l40s
resnet152,gemm,253,layer3.23.conv3,256,1024,1,1,0,0.7399663984775543,0.021691058041351383,0.48071442605350523,l40s
resnet152,gemm,253,layer3.24.conv1,1024,256,1,1,0,0.8500368028879166,0.018942188532711717,0.5522209584993965,l40s
resnet152,gemm,253,layer3.24.conv2,256,256,3,1,1,1.048391991853714,0.10120975708329068,0.6810811351433771,l40s
resnet152,gemm,253,layer3.24.conv3,256,1024,1,1,0,0.7456784069538116,0.02450613754154733,0.48442519573429915,l40s
resnet152,gemm,253,layer3.25.conv1,1024,256,1,1,0,0.8459760010242462,0.019885352533111626,0.5495828846068148,l40s
resnet152,gemm,253,layer3.25.conv2,256,256,3,1,1,1.0544624000787735,0.10155066539958574,0.6850247369228956,l40s
resnet152,gemm,253,layer3.25.conv3,256,1024,1,1,0,0.7461120009422302,0.019844347721816005,0.4847068772886396,l40s
resnet152,gemm,253,layer3.26.conv1,1024,256,1,1,0,0.8430831968784332,0.01374015911538017,0.5477035929423544,l40s
resnet152,gemm,253,layer3.26.conv2,256,256,3,1,1,1.0653631925582885,0.11072736287111118,0.6921063668605519,l40s
resnet152,gemm,253,layer3.26.conv3,256,1024,1,1,0,0.7332255959510803,0.016726046674031075,0.476335306914689,l40s
resnet152,gemm,253,layer3.27.conv1,1024,256,1,1,0,0.8429695934057235,0.01507865023898815,0.5476297911747421,l40s
resnet152,gemm,253,layer3.27.conv2,256,256,3,1,1,1.0439904063940049,0.09870457309223847,0.6782216733727576,l40s
resnet152,gemm,253,layer3.27.conv3,256,1024,1,1,0,0.7451616019010544,0.018698634854438595,0.48408945664556635,l40s
resnet152,gemm,253,layer3.28.conv1,1024,256,1,1,0,0.8517903983592987,0.02486084109246575,0.5533601705532003,l40s
resnet152,gemm,253,layer3.28.conv2,256,256,3,1,1,1.0484560072422027,0.10437701635957905,0.6811227223300376,l40s
resnet152,gemm,253,layer3.28.conv3,256,1024,1,1,0,0.7414496034383774,0.020933609648069264,0.48167798064588774,l40s
resnet152,gemm,253,layer3.29.conv1,1024,256,1,1,0,0.8531247973442078,0.022828573945070756,0.5542270542974849,l40s
resnet152,gemm,253,layer3.29.conv2,256,256,3,1,1,1.043180799484253,0.10005036992923266,0.6776957174350948,l40s
resnet152,gemm,253,layer3.29.conv3,256,1024,1,1,0,0.7440784066915512,0.02032310665036659,0.4833857658232377,l40s
resnet152,gemm,253,layer3.30.conv1,1024,256,1,1,0,0.8458288013935089,0.01643638601742227,0.5494872573105608,l40s
resnet152,gemm,253,layer3.30.conv2,256,256,3,1,1,1.048859205842018,0.10189493082892546,0.6813846577150695,l40s
resnet152,gemm,253,layer3.30.conv3,256,1024,1,1,0,0.7380368053913117,0.02401931107046299,0.4794608782777165,l40s
resnet152,gemm,253,layer3.31.conv1,1024,256,1,1,0,0.8514000028371811,0.022770272003159262,0.5531065526055006,l40s
resnet152,gemm,253,layer3.31.conv2,256,256,3,1,1,1.0204111993312837,0.029314260062879068,0.662903592696022,l40s
resnet152,gemm,253,layer3.31.conv3,256,1024,1,1,0,0.7406320035457611,0.01933968491288138,0.4811468321181585,l40s
resnet152,gemm,253,layer3.32.conv1,1024,256,1,1,0,0.8497791945934295,0.017869400635096865,0.5520536049226857,l40s
resnet152,gemm,253,layer3.32.conv2,256,256,3,1,1,1.0421680092811585,0.1135863283956091,0.6770377647737376,l40s
resnet152,gemm,253,layer3.32.conv3,256,1024,1,1,0,0.7486544072628021,0.030268131558802924,0.48635853525270817,l40s
resnet152,gemm,253,layer3.33.conv1,1024,256,1,1,0,0.8457568049430847,0.019262185964994263,0.5494404852781891,l40s
resnet152,gemm,253,layer3.33.conv2,256,256,3,1,1,1.0695135980844497,0.09520263318320338,0.6948026511979257,l40s
resnet152,gemm,253,layer3.33.conv3,256,1024,1,1,0,0.7456111937761307,0.020929782192149433,0.4843815311243944,l40s
resnet152,gemm,253,layer3.34.conv1,1024,256,1,1,0,0.8504239946603775,0.019806181778573514,0.5524724951516744,l40s
resnet152,gemm,253,layer3.34.conv2,256,256,3,1,1,1.0442048072814942,0.1057934837430418,0.6783609575345614,l40s
resnet152,gemm,253,layer3.34.conv3,256,1024,1,1,0,0.7424895942211152,0.02005680724951743,0.482353603989398,l40s
resnet152,gemm,253,layer3.35.conv1,1024,256,1,1,0,0.8484688013792038,0.025779621242303576,0.551202316373399,l40s
resnet152,gemm,253,layer3.35.conv2,256,256,3,1,1,1.042958414554596,0.1059595115188245,0.6775512464914912,l40s
resnet152,gemm,253,layer3.35.conv3,256,1024,1,1,0,0.736036804318428,0.01631481263229011,0.4781615904048674,l40s
resnet152,gemm,253,layer4.0.conv1,1024,512,1,1,0,0.9645648032426835,0.02000671986677232,0.6266233395681463,l40s
resnet152,gemm,253,layer4.0.conv2,512,512,3,2,1,1.6311631977558136,0.057510914741347105,1.059674712287049,l40s
resnet152,gemm,253,layer4.0.conv3,512,2048,1,1,0,0.9693311959505081,0.09573675419554818,0.6297197960283338,l40s
resnet152,gemm,253,layer4.0.downsample.0,1024,2048,1,2,0,1.3987696051597596,0.09219248912715541,0.9087017049813492,l40s
resnet152,gemm,253,layer4.1.conv1,2048,512,1,1,0,1.4100623965263366,0.08807188505312205,0.9160379944824604,l40s
resnet152,gemm,253,layer4.1.conv2,512,512,3,1,1,1.6131376147270202,0.13778892933389403,1.04796450785372,l40s
resnet152,gemm,253,layer4.1.conv3,512,2048,1,1,0,0.9937023937702179,0.0961575780622097,0.6455523884220459,l40s
resnet152,gemm,253,layer4.2.conv1,2048,512,1,1,0,1.4038128018379212,0.08810981687272923,0.9119779853659792,l40s
resnet152,gemm,253,layer4.2.conv2,512,512,3,1,1,1.5895648002624512,0.04955269342406922,1.0326505800873842,l40s
resnet152,gemm,253,layer4.2.conv3,512,2048,1,1,0,0.9903456091880798,0.08691025212349504,0.6433716748422026,l40s
resnet152,gemm,256,conv1,3,64,7,2,3,0.9614927977323532,0.02044973350273826,0.6252426319370633,l40s
resnet152,gemm,256,layer1.0.conv1,64,64,1,1,0,0.6361279994249344,0.022656545103712556,0.41366336341504284,l40s
resnet152,gemm,256,layer1.0.conv2,64,64,3,1,1,0.7079087972640992,0.012940457800037938,0.4603412117248279,l40s
resnet152,gemm,256,layer1.0.conv3,64,256,1,1,0,1.0591599941253662,0.03392788390854561,0.6887539708370559,l40s
resnet152,gemm,256,layer1.0.downsample.0,64,256,1,1,0,0.9909936040639877,0.026624972208838384,0.6444265112532257,l40s
resnet152,gemm,256,layer1.1.conv1,256,64,1,1,0,0.9024063944816589,0.021741051123166537,0.5868197354085731,l40s
resnet152,gemm,256,layer1.1.conv2,64,64,3,1,1,0.6987631976604461,0.024283413985075834,0.4543939817712424,l40s
resnet152,gemm,256,layer1.1.conv3,64,256,1,1,0,0.9436559945344924,0.02300893865433759,0.6136436581297959,l40s
resnet152,gemm,256,layer1.2.conv1,256,64,1,1,0,0.8972543984651565,0.03251846227662831,0.583469478852638,l40s
resnet152,gemm,256,layer1.2.conv2,64,64,3,1,1,0.6969664007425308,0.02467824789166421,0.45322555488685656,l40s
resnet152,gemm,256,layer1.2.conv3,64,256,1,1,0,0.9416079998016358,0.01754807225471462,0.6123118815216043,l40s
resnet152,gemm,256,layer2.0.conv1,256,128,1,1,0,1.3009919941425323,0.03073335207164439,0.8460132623615951,l40s
resnet152,gemm,256,layer2.0.conv2,128,128,3,2,1,0.7646031975746155,0.053752014993203034,0.4972086288805705,l40s
resnet152,gemm,256,layer2.0.conv3,128,512,1,1,0,0.8059280008077622,0.021851281770636864,0.5240814549679962,l40s
resnet152,gemm,256,layer2.0.downsample.0,256,512,1,2,0,1.2006447970867158,0.034246365334813574,0.7807591640026067,l40s
resnet152,gemm,256,layer2.1.conv1,512,128,1,1,0,0.7463823974132537,0.020177078538985257,0.48535994829163864,l40s
resnet152,gemm,256,layer2.1.conv2,128,128,3,1,1,0.48620319962501524,0.011493591696412427,0.3161697819336009,l40s
resnet152,gemm,256,layer2.1.conv3,128,512,1,1,0,0.7783056050539017,0.020133660394205312,0.5061190745296994,l40s
resnet152,gemm,256,layer2.2.conv1,512,128,1,1,0,0.7414672076702118,0.01290396562888566,0.482163682881583,l40s
resnet152,gemm,256,layer2.2.conv2,128,128,3,1,1,0.4748960003256798,0.008516744602808206,0.308816899970858,l40s
resnet152,gemm,256,layer2.2.conv3,128,512,1,1,0,0.7553120076656341,0.024363676695250157,0.491166723994523,l40s
resnet152,gemm,256,layer2.3.conv1,512,128,1,1,0,0.7424864023923874,0.022438339184860486,0.48282644810671244,l40s
resnet152,gemm,256,layer2.3.conv2,128,128,3,1,1,0.47666879892349245,0.007926816061690609,0.3099697211503873,l40s
resnet152,gemm,256,layer2.3.conv3,128,512,1,1,0,0.7727679967880249,0.013983173549837025,0.5025180607988019,l40s
resnet152,gemm,256,layer2.4.conv1,512,128,1,1,0,0.7409472048282624,0.026123536596091075,0.4818255337594241,l40s
resnet152,gemm,256,layer2.4.conv2,128,128,3,1,1,0.47471359819173814,0.008989565401656322,0.30869828692397344,l40s
resnet152,gemm,256,layer2.4.conv3,128,512,1,1,0,0.7774671971797943,0.017566962932680626,0.5055738719581564,l40s
resnet152,gemm,256,layer2.5.conv1,512,128,1,1,0,0.7380447953939437,0.01523525788145067,0.47993814560846526,l40s
resnet152,gemm,256,layer2.5.conv2,128,128,3,1,1,0.4726240009069443,0.016409523425110876,0.3073394568743731,l40s
resnet152,gemm,256,layer2.5.conv3,128,512,1,1,0,0.7691807985305786,0.013523137108099575,0.500185365967332,l40s
resnet152,gemm,256,layer2.6.conv1,512,128,1,1,0,0.7506160020828248,0.023869767490805754,0.48811299036582423,l40s
resnet152,gemm,256,layer2.6.conv2,128,128,3,1,1,0.47535200268030164,0.009518595950363822,0.3091134306500744,l40s
resnet152,gemm,256,layer2.6.conv3,128,512,1,1,0,0.7743615984916687,0.01737358544807631,0.503554353245085,l40s
resnet152,gemm,256,layer2.7.conv1,512,128,1,1,0,0.7417232036590576,0.015198234813542981,0.4823301527773626,l40s
resnet152,gemm,256,layer2.7.conv2,128,128,3,1,1,0.4742223992943764,0.008668410990762269,0.30837886852363244,l40s
resnet152,gemm,256,layer2.7.conv3,128,512,1,1,0,0.7789920002222062,0.022331347880311343,0.5065654257895233,l40s
resnet152,gemm,256,layer3.0.conv1,512,256,1,1,0,0.9510704070329666,0.02551674015220348,0.618465126159246,l40s
resnet152,gemm,256,layer3.0.conv2,256,256,3,2,1,1.0817264020442963,0.02500379334894567,0.7034285272288188,l40s
resnet152,gemm,256,layer3.0.conv3,256,1024,1,1,0,0.7424176007509231,0.01724959391442233,0.4827817075538011,l40s
resnet152,gemm,256,layer3.0.downsample.0,512,1024,1,2,0,1.0845135927200318,0.029287344557086002,0.7052409905545112,l40s
resnet152,gemm,256,layer3.1.conv1,1024,256,1,1,0,0.8645776033401489,0.021343772876847234,0.5622203073191501,l40s
resnet152,gemm,256,layer3.1.conv2,256,256,3,1,1,1.0353567898273468,0.03995344691406269,0.6732751465141595,l40s
resnet152,gemm,256,layer3.1.conv3,256,1024,1,1,0,0.7470880061388016,0.026410454840522943,0.48581879380532295,l40s
resnet152,gemm,256,layer3.2.conv1,1024,256,1,1,0,0.8524960041046142,0.02096569595218438,0.5543638460727943,l40s
resnet152,gemm,256,layer3.2.conv2,256,256,3,1,1,1.0390704095363616,0.03645834046991988,0.6756900510941564,l40s
resnet152,gemm,256,layer3.2.conv3,256,1024,1,1,0,0.7425120025873184,0.018281187975035737,0.4828430954838894,l40s
resnet152,gemm,256,layer3.3.conv1,1024,256,1,1,0,0.83855200111866,0.010232770917621023,0.5452962949197974,l40s
resnet152,gemm,256,layer3.3.conv2,256,256,3,1,1,1.0312752038240434,0.028208298197051968,0.6706209596276829,l40s
resnet152,gemm,256,layer3.3.conv3,256,1024,1,1,0,0.7526224017143249,0.03036118866261389,0.4894177183775945,l40s
resnet152,gemm,256,layer3.4.conv1,1024,256,1,1,0,0.8503728002309799,0.023430762227011306,0.5529831622224097,l40s
resnet152,gemm,256,layer3.4.conv2,256,256,3,1,1,1.0232159972190857,0.019781955862621582,0.6653801928108202,l40s
resnet152,gemm,256,layer3.4.conv3,256,1024,1,1,0,0.7426832050085068,0.02099083538097627,0.4829544255455084,l40s
resnet152,gemm,256,layer3.5.conv1,1024,256,1,1,0,0.8503839910030365,0.017624971322041636,0.5529904393936903,l40s
resnet152,gemm,256,layer3.5.conv2,256,256,3,1,1,1.0295888036489487,0.02962797073159889,0.6695243218926296,l40s
resnet152,gemm,256,layer3.5.conv3,256,1024,1,1,0,0.7370287954807282,0.017163267130820354,0.47927745791399173,l40s
resnet152,gemm,256,layer3.6.conv1,1024,256,1,1,0,0.846723198890686,0.022559349417178257,0.5506098877133254,l40s
resnet152,gemm,256,layer3.6.conv2,256,256,3,1,1,1.024102395772934,0.02273057354957296,0.665956602916086,l40s
resnet152,gemm,256,layer3.6.conv3,256,1024,1,1,0,0.743487998843193,0.018748314392058766,0.48347776947127963,l40s
resnet152,gemm,256,layer3.7.conv1,1024,256,1,1,0,0.8412879943847656,0.016720791701956037,0.5470754654291308,l40s
resnet152,gemm,256,layer3.7.conv2,256,256,3,1,1,1.0271408051252364,0.025340120655461835,0.6679324295315492,l40s
resnet152,gemm,256,layer3.7.conv3,256,1024,1,1,0,0.7369215935468674,0.01690571627554078,0.47920774629531504,l40s
resnet152,gemm,256,layer3.8.conv1,1024,256,1,1,0,0.8421168029308319,0.01719314384840806,0.547614425718731,l40s
resnet152,gemm,256,layer3.8.conv2,256,256,3,1,1,1.0270335972309113,0.02640979329547491,0.6678627140368826,l40s
resnet152,gemm,256,layer3.8.conv3,256,1024,1,1,0,0.7418000042438507,0.023359043609567587,0.4823800949088934,l40s
resnet152,gemm,256,layer3.9.conv1,1024,256,1,1,0,0.8461567968130111,0.020112959860871183,0.5502415659467814,l40s
resnet152,gemm,256,layer3.9.conv2,256,256,3,1,1,1.0372784078121184,0.02901783897205582,0.6745247424437493,l40s
resnet152,gemm,256,layer3.9.conv3,256,1024,1,1,0,0.7427712053060531,0.023125368443194246,0.4830116506623048,l40s
resnet152,gemm,256,layer3.10.conv1,1024,256,1,1,0,0.8454192012548447,0.016381266586588925,0.5497619199326035,l40s
resnet152,gemm,256,layer3.10.conv2,256,256,3,1,1,1.0305376023054122,0.029565384612558993,0.6701413097375148,l40s
resnet152,gemm,256,layer3.10.conv3,256,1024,1,1,0,0.7413312017917633,0.014895339742114542,0.48207524054108847,l40s
resnet152,gemm,256,layer3.11.conv1,1024,256,1,1,0,0.8488720029592514,0.019889409003371772,0.5520072189408869,l40s
resnet152,gemm,256,layer3.11.conv2,256,256,3,1,1,1.0263375967741013,0.029632483806173546,0.667410116619126,l40s
resnet152,gemm,256,layer3.11.conv3,256,1024,1,1,0,0.7409056037664413,0.024132316561374594,0.4817984812870128,l40s
resnet152,gemm,256,layer3.12.conv1,1024,256,1,1,0,0.8433472007513046,0.017691420127798858,0.548414532774568,l40s
resnet152,gemm,256,layer3.12.conv2,256,256,3,1,1,1.0176912009716035,0.024519193664421162,0.6617875105204912,l40s
resnet152,gemm,256,layer3.12.conv3,256,1024,1,1,0,0.7448159962892532,0.02002215447199382,0.4843413439258554,l40s
resnet152,gemm,256,layer3.13.conv1,1024,256,1,1,0,0.8554384022951126,0.025871289479172912,0.5562772382408614,l40s
resnet152,gemm,256,layer3.13.conv2,256,256,3,1,1,1.0396863907575606,0.03367434735039816,0.6760906133457661,l40s
resnet152,gemm,256,layer3.13.conv3,256,1024,1,1,0,0.7499119967222214,0.020887561981042607,0.48765518749345793,l40s
resnet152,gemm,256,layer3.14.conv1,1024,256,1,1,0,0.8463232040405273,0.027454827287989092,0.5503497777744216,l40s
resnet152,gemm,256,layer3.14.conv2,256,256,3,1,1,1.0333424031734466,0.04897740051963497,0.6719652246757496,l40s
resnet152,gemm,256,layer3.14.conv3,256,1024,1,1,0,0.7573279947042465,0.03719070484473278,0.4924776865362558,l40s
resnet152,gemm,256,layer3.15.conv1,1024,256,1,1,0,0.8608640044927597,0.03227914763843656,0.5598054163051184,l40s
resnet152,gemm,256,layer3.15.conv2,256,256,3,1,1,1.031076791882515,0.04323883543298742,0.6704919356715789,l40s
resnet152,gemm,256,layer3.15.conv3,256,1024,1,1,0,0.7467712044715882,0.026102958647299154,0.4856127829972569,l40s
resnet152,gemm,256,layer3.16.conv1,1024,256,1,1,0,0.858977597951889,0.030280448969848148,0.5585787177866282,l40s
resnet152,gemm,256,layer3.16.conv2,256,256,3,1,1,1.0310080081224442,0.03563963334877166,0.6704472067466377,l40s
resnet152,gemm,256,layer3.16.conv3,256,1024,1,1,0,0.750668802857399,0.027657503113131213,0.4881473258235011,l40s
resnet152,gemm,256,layer3.17.conv1,1024,256,1,1,0,0.8569344013929368,0.028855061802705625,0.5572500613504106,l40s
resnet152,gemm,256,layer3.17.conv2,256,256,3,1,1,1.0318368077278137,0.03156546623991299,0.670986161222253,l40s
resnet152,gemm,256,layer3.17.conv3,256,1024,1,1,0,0.7563616037368774,0.03835744263697289,0.4918492587067982,l40s
resnet152,gemm,256,layer3.18.conv1,1024,256,1,1,0,0.8492223978042602,0.02698607521908042,0.5522350748287596,l40s
resnet152,gemm,256,layer3.18.conv2,256,256,3,1,1,1.0226080030202866,0.036180162020373795,0.6649848243858499,l40s
resnet152,gemm,256,layer3.18.conv3,256,1024,1,1,0,0.7459935992956161,0.03673460654443985,0.48510711940000556,l40s
resnet152,gemm,256,layer3.19.conv1,1024,256,1,1,0,0.8618815958499908,0.03430230618597584,0.5604671388889299,l40s
resnet152,gemm,256,layer3.19.conv2,256,256,3,1,1,1.0195440024137497,0.029109784567329024,0.6629923562071947,l40s
resnet152,gemm,256,layer3.19.conv3,256,1024,1,1,0,0.7487983971834182,0.028084534974584255,0.48693103240024527,l40s
resnet152,gemm,256,layer3.20.conv1,1024,256,1,1,0,0.8575648009777069,0.03793096039483232,0.5576599996219017,l40s
resnet152,gemm,256,layer3.20.conv2,256,256,3,1,1,1.0361456125974655,0.04211490726406181,0.6737881047246465,l40s
resnet152,gemm,256,layer3.20.conv3,256,1024,1,1,0,0.7480031967163085,0.02899816142683894,0.4864139268804266,l40s
resnet152,gemm,256,layer3.21.conv1,1024,256,1,1,0,0.8517455995082855,0.0380873477696661,0.5538758705560428,l40s
resnet152,gemm,256,layer3.21.conv2,256,256,3,1,1,1.0244624048471451,0.02866923811211127,0.6661907107758763,l40s
resnet152,gemm,256,layer3.21.conv3,256,1024,1,1,0,0.7437872081995011,0.028010208334751367,0.48367234029477346,l40s
resnet152,gemm,256,layer3.22.conv1,1024,256,1,1,0,0.8585183978080749,0.030101168962748105,0.5582801076387609,l40s
resnet152,gemm,256,layer3.22.conv2,256,256,3,1,1,1.032407996058464,0.04510900161612041,0.6713575954087906,l40s
resnet152,gemm,256,layer3.22.conv3,256,1024,1,1,0,0.7511311948299408,0.029579035688421094,0.4884480115640293,l40s
resnet152,gemm,256,layer3.23.conv1,1024,256,1,1,0,0.8505744010210037,0.01680999466701447,0.5531142598331795,l40s
resnet152,gemm,256,layer3.23.conv2,256,256,3,1,1,1.0321776211261748,0.02902221711448256,0.6712077864561531,l40s
resnet152,gemm,256,layer3.23.conv3,256,1024,1,1,0,0.7376768112182617,0.020499970233177487,0.4796988516740154,l40s
resnet152,gemm,256,layer3.24.conv1,1024,256,1,1,0,0.8473279982805252,0.016895719168618054,0.5510031786076398,l40s
resnet152,gemm,256,layer3.24.conv2,256,256,3,1,1,1.0187519997358323,0.02456806624368761,0.6624773301560271,l40s
resnet152,gemm,256,layer3.24.conv3,256,1024,1,1,0,0.7414271980524063,0.020782049390333557,0.48213766529850954,l40s
resnet152,gemm,256,layer3.25.conv1,1024,256,1,1,0,0.8523551940917968,0.021561698958365332,0.5542722796843359,l40s
resnet152,gemm,256,layer3.25.conv2,256,256,3,1,1,1.0187168061733245,0.020677043612654607,0.6624544443728974,l40s
resnet152,gemm,256,layer3.25.conv3,256,1024,1,1,0,0.7422240018844605,0.01623536003110412,0.48265581345964614,l40s
resnet152,gemm,256,layer3.26.conv1,1024,256,1,1,0,0.8459279984235764,0.015912272845910187,0.5500927821935068,l40s
resnet152,gemm,256,layer3.26.conv2,256,256,3,1,1,1.033905604481697,0.030167140054513455,0.6723314650356477,l40s
resnet152,gemm,256,layer3.26.conv3,256,1024,1,1,0,0.7398496031761169,0.024896412797806747,0.4811117818234508,l40s
resnet152,gemm,256,layer3.27.conv1,1024,256,1,1,0,0.8508560001850128,0.018863121360986987,0.553297379044131,l40s
resnet152,gemm,256,layer3.27.conv2,256,256,3,1,1,1.023183998465538,0.024457801454435497,0.6653593845583463,l40s
resnet152,gemm,256,layer3.27.conv3,256,1024,1,1,0,0.7438943982124329,0.0206271932722229,0.4837420441614701,l40s
resnet152,gemm,256,layer3.28.conv1,1024,256,1,1,0,0.8405135989189148,0.01171171805939476,0.5465718890525103,l40s
resnet152,gemm,256,layer3.28.conv2,256,256,3,1,1,1.0300768077373506,0.032648572220141524,0.6698416627623147,l40s
resnet152,gemm,256,layer3.28.conv3,256,1024,1,1,0,0.7424160033464432,0.02355543401311096,0.4827806687884733,l40s
resnet152,gemm,256,layer3.29.conv1,1024,256,1,1,0,0.8490255951881409,0.022443832043666914,0.5521070973899637,l40s
resnet152,gemm,256,layer3.29.conv2,256,256,3,1,1,1.0174719899892808,0.020695809362964373,0.6616449612971791,l40s
resnet152,gemm,256,layer3.29.conv3,256,1024,1,1,0,0.7448368012905121,0.026016224210906734,0.4843548730690537,l40s
resnet152,gemm,256,layer3.30.conv1,1024,256,1,1,0,0.8537440031766892,0.022756777146156565,0.5551753989271885,l40s
resnet152,gemm,256,layer3.30.conv2,256,256,3,1,1,1.0246287912130356,0.028560064434687397,0.6662989090375515,l40s
resnet152,gemm,256,layer3.30.conv3,256,1024,1,1,0,0.7388992011547089,0.0203016497302476,0.48049375133724753,l40s
resnet152,gemm,256,layer3.31.conv1,1024,256,1,1,0,0.8476879984140396,0.014347319293753272,0.5512372806534451,l40s
resnet152,gemm,256,layer3.31.conv2,256,256,3,1,1,1.0107344090938568,0.01757903717251149,0.6572636255015506,l40s
resnet152,gemm,256,layer3.31.conv3,256,1024,1,1,0,0.7457743942737579,0.020701624563386273,0.4849645740526834,l40s
resnet152,gemm,256,layer3.32.conv1,1024,256,1,1,0,0.8537599980831146,0.024832785401535287,0.5551858001464327,l40s
resnet152,gemm,256,layer3.32.conv2,256,256,3,1,1,1.0191343933343888,0.028403738649306554,0.6627259942963734,l40s
resnet152,gemm,256,layer3.32.conv3,256,1024,1,1,0,0.7415616035461425,0.02101527488492732,0.48222506693568107,l40s
resnet152,gemm,256,layer3.33.conv1,1024,256,1,1,0,0.8462144017219544,0.016370881428088346,0.5502790254524221,l40s
resnet152,gemm,256,layer3.33.conv2,256,256,3,1,1,1.0185984045267105,0.024978612167499317,0.6623774497689552,l40s
resnet152,gemm,256,layer3.33.conv3,256,1024,1,1,0,0.7442160010337829,0.02191895129147445,0.48395117707950497,l40s
resnet152,gemm,256,layer3.34.conv1,1024,256,1,1,0,0.8509903967380523,0.01741450784679711,0.5533847748673175,l40s
resnet152,gemm,256,layer3.34.conv2,256,256,3,1,1,1.0343679994344712,0.027083639340805616,0.6726321527141709,l40s
resnet152,gemm,256,layer3.34.conv3,256,1024,1,1,0,0.7410303920507431,0.025891819658381526,0.48187962901427167,l40s
resnet152,gemm,256,layer3.35.conv1,1024,256,1,1,0,0.8437520086765289,0.01768940248611624,0.5486777725754204,l40s
resnet152,gemm,256,layer3.35.conv2,256,256,3,1,1,1.0338239967823029,0.030537372443465268,0.672278396918158,l40s
resnet152,gemm,256,layer3.35.conv3,256,1024,1,1,0,0.7413631975650787,0.016865260129240035,0.4820960468555672,l40s
resnet152,gemm,256,layer4.0.conv1,1024,512,1,1,0,0.9723727971315383,0.03040627947571475,0.6323177129734101,l40s
resnet152,gemm,256,layer4.0.conv2,512,512,3,2,1,1.6171888053417205,0.029835362094941212,1.051630742711479,l40s
resnet152,gemm,256,layer4.0.conv3,512,2048,1,1,0,0.9494816035032272,0.016853244623357008,0.6174319538849367,l40s
resnet152,gemm,256,layer4.0.downsample.0,1024,2048,1,2,0,1.3908207952976226,0.029322644159065377,0.9044274243713599,l40s
resnet152,gemm,256,layer4.1.conv1,2048,512,1,1,0,1.3864815950393676,0.02505396018259367,0.9016057152578107,l40s
resnet152,gemm,256,layer4.1.conv2,512,512,3,1,1,1.5736016154289245,0.020386886139036314,1.0232867245304886,l40s
resnet152,gemm,256,layer4.1.conv3,512,2048,1,1,0,0.961166399717331,0.018102163437831456,0.6250303807850497,l40s
resnet152,gemm,256,layer4.2.conv1,2048,512,1,1,0,1.3892320036888122,0.02792459966315022,0.9033942598490308,l40s
resnet152,gemm,256,layer4.2.conv2,512,512,3,1,1,1.587640005350113,0.022781462462483127,1.032415653923599,l40s
resnet152,gemm,256,layer4.2.conv3,512,2048,1,1,0,0.965924796462059,0.019380673392892848,0.6281246863393828,l40s
resnet152,gemm,258,conv1,3,64,7,2,3,0.9791840016841888,0.020217297756032013,0.6161386641010882,l40s
resnet152,gemm,258,layer1.0.conv1,64,64,1,1,0,0.6600479990243912,0.016051606381889124,0.4153265286830631,l40s
resnet152,gemm,258,layer1.0.conv2,64,64,3,1,1,0.7675520002841949,0.01903947270903842,0.48297200860084094,l40s
resnet152,gemm,258,layer1.0.conv3,64,256,1,1,0,1.1685103952884675,0.02622081236263647,0.7352698090480826,l40s
resnet152,gemm,258,layer1.0.downsample.0,64,256,1,1,0,0.9975600004196167,0.017713635652218795,0.6277015197981745,l40s
resnet152,gemm,258,layer1.1.conv1,256,64,1,1,0,0.9152911961078644,0.02113228394057202,0.575934955905533,l40s
resnet152,gemm,258,layer1.1.conv2,64,64,3,1,1,0.7519919961690903,0.017287678565881738,0.47318108050928903,l40s
resnet152,gemm,258,layer1.1.conv3,64,256,1,1,0,0.9583167970180512,0.02687378253932773,0.6030082498128605,l40s
resnet152,gemm,258,layer1.2.conv1,256,64,1,1,0,0.9086287975311279,0.018925220792947083,0.5717427291619191,l40s
resnet152,gemm,258,layer1.2.conv2,64,64,3,1,1,0.7427200049161911,0.01974862593258085,0.4673468018708592,l40s
resnet152,gemm,258,layer1.2.conv3,64,256,1,1,0,0.9601760059595108,0.02223125411777674,0.6041781326045579,l40s
resnet152,gemm,258,layer2.0.conv1,256,128,1,1,0,1.49232320189476,0.025071013063773687,0.9390247618843864,l40s
resnet152,gemm,258,layer2.0.conv2,128,128,3,2,1,0.8088815957307816,0.017975250938384483,0.5089781133600069,l40s
resnet152,gemm,258,layer2.0.conv3,128,512,1,1,0,0.8521664023399353,0.0190687094528333,0.5362145090467898,l40s
resnet152,gemm,258,layer2.0.downsample.0,256,512,1,2,0,1.4293567955493927,0.05086756202150719,0.899403978229678,l40s
resnet152,gemm,258,layer2.1.conv1,512,128,1,1,0,0.7917216032743454,0.02215046519143825,0.4981804136325726,l40s
resnet152,gemm,258,layer2.1.conv2,128,128,3,1,1,0.505548806488514,0.006130964516941659,0.3181099422906985,l40s
resnet152,gemm,258,layer2.1.conv3,128,512,1,1,0,0.9110239982604981,0.013354537626137142,0.5732498777418691,l40s
resnet152,gemm,258,layer2.2.conv1,512,128,1,1,0,0.7877663969993591,0.019542160487487692,0.49569165206546906,l40s
resnet152,gemm,258,layer2.2.conv2,128,128,3,1,1,0.4980432018637657,0.00817177449859269,0.313387139223237,l40s
resnet152,gemm,258,layer2.2.conv3,128,512,1,1,0,0.8868816018104553,0.02880729779425379,0.5580585920679373,l40s
resnet152,gemm,258,layer2.3.conv1,512,128,1,1,0,0.7868080049753189,0.025577122226451764,0.49508859648004117,l40s
resnet152,gemm,258,layer2.3.conv2,128,128,3,1,1,0.4933423981070518,0.009228251478949004,0.3104292202397963,l40s
resnet152,gemm,258,layer2.3.conv3,128,512,1,1,0,0.8984735935926438,0.02082143757626846,0.5653527005487374,l40s
resnet152,gemm,258,layer2.4.conv1,512,128,1,1,0,0.7913263976573944,0.024162782705083558,0.49793173569210936,l40s
resnet152,gemm,258,layer2.4.conv2,128,128,3,1,1,0.49299840331077577,0.006010311327607511,0.3102127660352028,l40s
resnet152,gemm,258,layer2.4.conv3,128,512,1,1,0,0.882142397761345,0.023688008058147733,0.5550765102051833,l40s
resnet152,gemm,258,layer2.5.conv1,512,128,1,1,0,0.7862719923257828,0.018726494038973484,0.49475131756488494,l40s
resnet152,gemm,258,layer2.5.conv2,128,128,3,1,1,0.4943951994180679,0.009585261942567005,0.31109168162827655,l40s
resnet152,gemm,258,layer2.5.conv3,128,512,1,1,0,0.9066944062709809,0.028385377326989623,0.5705255388842738,l40s
resnet152,gemm,258,layer2.6.conv1,512,128,1,1,0,0.7858607947826386,0.021886890789807396,0.49449257691503895,l40s
resnet152,gemm,258,layer2.6.conv2,128,128,3,1,1,0.4908943995833397,0.006139708658862561,0.30888884934165345,l40s
resnet152,gemm,258,layer2.6.conv3,128,512,1,1,0,0.8801632016897202,0.019660402282423117,0.5538311270887644,l40s
resnet152,gemm,258,layer2.7.conv1,512,128,1,1,0,0.7886271983385086,0.02111443086581618,0.4962332999950183,l40s
resnet152,gemm,258,layer2.7.conv2,128,128,3,1,1,0.4931984022259712,0.011309215103941518,0.310338612724097,l40s
resnet152,gemm,258,layer2.7.conv3,128,512,1,1,0,0.9013999968767166,0.022612009589759847,0.5671941013548866,l40s
resnet152,gemm,258,layer3.0.conv1,512,256,1,1,0,1.0288847923278808,0.023674811599479748,0.6474122334193182,l40s
resnet152,gemm,258,layer3.0.conv2,256,256,3,2,1,1.097718393802643,0.027446128278475434,0.6907248724993889,l40s
resnet152,gemm,258,layer3.0.conv3,256,1024,1,1,0,0.8203215956687927,0.017886039240451283,0.5161765829704164,l40s
resnet152,gemm,258,layer3.0.downsample.0,512,1024,1,2,0,1.1620143949985504,0.037863558871592935,0.7311822862395546,l40s
resnet152,gemm,258,layer3.1.conv1,1024,256,1,1,0,0.8409263968467713,0.01673225501255804,0.5291418833123667,l40s
resnet152,gemm,258,layer3.1.conv2,256,256,3,1,1,1.035376000404358,0.023735198326687714,0.6514967407905209,l40s
resnet152,gemm,258,layer3.1.conv3,256,1024,1,1,0,0.8116159975528717,0.02754375081659038,0.5106986997695893,l40s
resnet152,gemm,258,layer3.2.conv1,1024,256,1,1,0,0.8398655951023102,0.025409526681490425,0.5284743877562871,l40s
resnet152,gemm,258,layer3.2.conv2,256,256,3,1,1,1.0263999998569489,0.021633413368975406,0.6458487104134529,l40s
resnet152,gemm,258,layer3.2.conv3,256,1024,1,1,0,0.8035503983497619,0.021778320638518995,0.5056235274734412,l40s
resnet152,gemm,258,layer3.3.conv1,1024,256,1,1,0,0.8384464085102081,0.023205244877611473,0.5275813832449144,l40s
resnet152,gemm,258,layer3.3.conv2,256,256,3,1,1,1.0356959998607635,0.027462723669391034,0.6516980962428605,l40s
resnet152,gemm,258,layer3.3.conv3,256,1024,1,1,0,0.8023984014987946,0.020171877913727113,0.5048986485951275,l40s
resnet152,gemm,258,layer3.4.conv1,1024,256,1,1,0,0.8317216008901596,0.013303986728599363,0.5233498864310093,l40s
resnet152,gemm,258,layer3.4.conv2,256,256,3,1,1,1.0331775963306427,0.025538701916630317,0.650113423919735,l40s
resnet152,gemm,258,layer3.4.conv3,256,1024,1,1,0,0.8049807995557785,0.022009226267802207,0.5065235886332312,l40s
resnet152,gemm,258,layer3.5.conv1,1024,256,1,1,0,0.8345615923404693,0.01849423890500462,0.5251369137264335,l40s
resnet152,gemm,258,layer3.5.conv2,256,256,3,1,1,1.0404144167900085,0.03600476134013652,0.6546670980836345,l40s
resnet152,gemm,258,layer3.5.conv3,256,1024,1,1,0,0.8014687985181809,0.026626662910278254,0.5043137081369147,l40s
resnet152,gemm,258,layer3.6.conv1,1024,256,1,1,0,0.8368975967168808,0.019817909965568575,0.5266068137792743,l40s
resnet152,gemm,258,layer3.6.conv2,256,256,3,1,1,1.0244575917720795,0.017974560020370508,0.6446264756542124,l40s
resnet152,gemm,258,layer3.6.conv3,256,1024,1,1,0,0.8079600006341934,0.025225378397505376,0.5083982117575734,l40s
resnet152,gemm,258,layer3.7.conv1,1024,256,1,1,0,0.8367296010255814,0.020091854073172682,0.526501104698413,l40s
resnet152,gemm,258,layer3.7.conv2,256,256,3,1,1,1.0363776087760925,0.026727973682004424,0.6521269896947631,l40s
resnet152,gemm,258,layer3.7.conv3,256,1024,1,1,0,0.7974447965621948,0.017705562677848296,0.5017816577916915,l40s
resnet152,gemm,258,layer3.8.conv1,1024,256,1,1,0,0.8359167963266373,0.01691593705516741,0.5259896580239157,l40s
resnet152,gemm,258,layer3.8.conv2,256,256,3,1,1,1.0407855987548829,0.031540855459174316,0.6549006594567603,l40s
resnet152,gemm,258,layer3.8.conv3,256,1024,1,1,0,0.7940464019775391,0.0163702836335293,0.4996432626628121,l40s
resnet152,gemm,258,layer3.9.conv1,1024,256,1,1,0,0.8371551960706711,0.015470050002914456,0.5267689047871387,l40s
resnet152,gemm,258,layer3.9.conv2,256,256,3,1,1,1.0317792117595672,0.023862665529395886,0.649233508806702,l40s
resnet152,gemm,258,layer3.9.conv3,256,1024,1,1,0,0.7949951976537705,0.018923328093361665,0.5002402798725016,l40s
resnet152,gemm,258,layer3.10.conv1,1024,256,1,1,0,0.8355088025331497,0.014652498438331253,0.5257329332914358,l40s
resnet152,gemm,258,layer3.10.conv2,256,256,3,1,1,1.0393679916858674,0.0273646059385809,0.6540086488395309,l40s
resnet152,gemm,258,layer3.10.conv3,256,1024,1,1,0,0.7982768028974533,0.018915763234539872,0.5023051868434817,l40s
resnet152,gemm,258,layer3.11.conv1,1024,256,1,1,0,0.8377023994922638,0.02230378549483296,0.5271132253485364,l40s
resnet152,gemm,258,layer3.11.conv2,256,256,3,1,1,1.026612800359726,0.027821423503320716,0.6459826123330875,l40s
resnet152,gemm,258,layer3.11.conv3,256,1024,1,1,0,0.7941055953502655,0.01694312982360088,0.4996805093146493,l40s
resnet152,gemm,258,layer3.12.conv1,1024,256,1,1,0,0.8343503981828689,0.017317103665218662,0.5250040225783897,l40s
resnet152,gemm,258,layer3.12.conv2,256,256,3,1,1,1.0287600040435791,0.02161711795184902,0.6473337120314555,l40s
resnet152,gemm,258,layer3.12.conv3,256,1024,1,1,0,0.8036544024944305,0.0149757930851665,0.505688970714596,l40s
resnet152,gemm,258,layer3.13.conv1,1024,256,1,1,0,0.8327024012804032,0.014901390787936447,0.5239670421863679,l40s
resnet152,gemm,258,layer3.13.conv2,256,256,3,1,1,1.0295024007558822,0.018544780877129893,0.6478008554056984,l40s
resnet152,gemm,258,layer3.13.conv3,256,1024,1,1,0,0.8014303922653199,0.024964574564974102,0.5042895415070574,l40s
resnet152,gemm,258,layer3.14.conv1,1024,256,1,1,0,0.8341839998960495,0.018134118522594226,0.5248993186433037,l40s
resnet152,gemm,258,layer3.14.conv2,256,256,3,1,1,1.038299199938774,0.028965230150406814,0.653336125679304,l40s
resnet152,gemm,258,layer3.14.conv3,256,1024,1,1,0,0.7961263954639435,0.018828766517609022,0.5009520712277478,l40s
resnet152,gemm,258,layer3.15.conv1,1024,256,1,1,0,0.8379743963479995,0.01794164746934856,0.5272843757952803,l40s
resnet152,gemm,258,layer3.15.conv2,256,256,3,1,1,1.0250511944293976,0.02037794557825783,0.6449999923248869,l40s
resnet152,gemm,258,layer3.15.conv3,256,1024,1,1,0,0.7968656033277511,0.018763891267241175,0.5014172080609844,l40s
resnet152,gemm,258,layer3.16.conv1,1024,256,1,1,0,0.8405615985393524,0.021438849146660614,0.5289123387717973,l40s
resnet152,gemm,258,layer3.16.conv2,256,256,3,1,1,1.034217607975006,0.024039909564126966,0.6507678375785626,l40s
resnet152,gemm,258,layer3.16.conv3,256,1024,1,1,0,0.8011712014675141,0.023563171117426496,0.5041264491039619,l40s
resnet152,gemm,258,layer3.17.conv1,1024,256,1,1,0,0.8371919989585876,0.02033630296099927,0.526792062520677,l40s
resnet152,gemm,258,layer3.17.conv2,256,256,3,1,1,1.0349135994911194,0.02885829217018878,0.651205781092985,l40s
resnet152,gemm,258,layer3.17.conv3,256,1024,1,1,0,0.8003216058015823,0.02311431766365864,0.503591852197014,l40s
resnet152,gemm,258,layer3.18.conv1,1024,256,1,1,0,0.8390032052993774,0.01805139261684256,0.5279317403067786,l40s
resnet152,gemm,258,layer3.18.conv2,256,256,3,1,1,1.0383824020624162,0.029089249827178063,0.653388479522119,l40s
resnet152,gemm,258,layer3.18.conv3,256,1024,1,1,0,0.7966688007116318,0.01762091583395397,0.5012933726012764,l40s
resnet152,gemm,258,layer3.19.conv1,1024,256,1,1,0,0.8354831993579864,0.0114758074654604,0.5257168228299549,l40s
resnet152,gemm,258,layer3.19.conv2,256,256,3,1,1,1.0258912056684495,0.03004572867708565,0.6455285583571844,l40s
resnet152,gemm,258,layer3.19.conv3,256,1024,1,1,0,0.8068767994642257,0.021463422223753602,0.5077166216573791,l40s
resnet152,gemm,258,layer3.20.conv1,1024,256,1,1,0,0.8313984006643296,0.016835195403739525,0.5231465169365755,l40s
resnet152,gemm,258,layer3.20.conv2,256,256,3,1,1,1.03508320748806,0.026117538169110745,0.6513125046959811,l40s
resnet152,gemm,258,layer3.20.conv3,256,1024,1,1,0,0.8058352023363113,0.019920610469787173,0.5070612103538642,l40s
resnet152,gemm,258,layer3.21.conv1,1024,256,1,1,0,0.831515195965767,0.016296695844621942,0.5232200088450188,l40s
resnet152,gemm,258,layer3.21.conv2,256,256,3,1,1,1.0412336051464082,0.020578650331991855,0.6551825615906886,l40s
resnet152,gemm,258,layer3.21.conv3,256,1024,1,1,0,0.8013696044683456,0.022979134566312672,0.5042512915847169,l40s
resnet152,gemm,258,layer3.22.conv1,1024,256,1,1,0,0.8376079976558686,0.019996403067296803,0.5270538242336641,l40s
resnet152,gemm,258,layer3.22.conv2,256,256,3,1,1,1.0318448007106782,0.02602347878798899,0.6492747797921836,l40s
resnet152,gemm,258,layer3.22.conv3,256,1024,1,1,0,0.798539200425148,0.018944398554526738,0.5024702970392153,l40s
resnet152,gemm,258,layer3.23.conv1,1024,256,1,1,0,0.831224000453949,0.011165084662779044,0.5230367778962541,l40s
resnet152,gemm,258,layer3.23.conv2,256,256,3,1,1,1.0345136135816575,0.028573001632326803,0.6509540952162843,l40s
resnet152,gemm,258,layer3.23.conv3,256,1024,1,1,0,0.797367998957634,0.012493476622872621,0.5017333339083367,l40s
resnet152,gemm,258,layer3.24.conv1,1024,256,1,1,0,0.8380751967430115,0.025603288643312072,0.527347803119069,l40s
resnet152,gemm,258,layer3.24.conv2,256,256,3,1,1,1.0389136016368865,0.027672366167179635,0.6537227298730461,l40s
resnet152,gemm,258,layer3.24.conv3,256,1024,1,1,0,0.796980795264244,0.02488491911969742,0.5014896910731087,l40s
resnet152,gemm,258,layer3.25.conv1,1024,256,1,1,0,0.8360448002815246,0.016826660095263565,0.5260702028302322,l40s
resnet152,gemm,258,layer3.25.conv2,256,256,3,1,1,1.0259728014469147,0.018917019912585726,0.6455799014284084,l40s
resnet152,gemm,258,layer3.25.conv3,256,1024,1,1,0,0.7998160004615784,0.020181777961445217,0.5032737066817516,l40s
resnet152,gemm,258,layer3.26.conv1,1024,256,1,1,0,0.8374543935060501,0.01713844905297214,0.5269571708411385,l40s
resnet152,gemm,258,layer3.26.conv2,256,256,3,1,1,1.031646391749382,0.021818499377461335,0.6491499335608845,l40s
resnet152,gemm,258,layer3.26.conv3,256,1024,1,1,0,0.8254608035087585,0.10317665922500782,0.5194103619615029,l40s
resnet152,gemm,258,layer3.27.conv1,1024,256,1,1,0,0.8563215970993042,0.07145992707063124,0.5388291107393356,l40s
resnet152,gemm,258,layer3.27.conv2,256,256,3,1,1,1.0282496124505998,0.024704796703100978,0.647012554829412,l40s
resnet152,gemm,258,layer3.27.conv3,256,1024,1,1,0,0.7975151985883713,0.01818092562302943,0.5018259573414021,l40s
resnet152,gemm,258,layer3.28.conv1,1024,256,1,1,0,0.82986079454422,0.014097871240833025,0.5221789984935368,l40s
resnet152,gemm,258,layer3.28.conv2,256,256,3,1,1,1.0379631847143174,0.03192490468174059,0.653124692515406,l40s
resnet152,gemm,258,layer3.28.conv3,256,1024,1,1,0,0.8058480024337769,0.028683225145505878,0.5070692646469687,l40s
resnet152,gemm,258,layer3.29.conv1,1024,256,1,1,0,0.8337007969617843,0.01990616947056584,0.5245952695474282,l40s
resnet152,gemm,258,layer3.29.conv2,256,256,3,1,1,1.0268223941326142,0.023156931820363748,0.6461144964600843,l40s
resnet152,gemm,258,layer3.29.conv3,256,1024,1,1,0,0.8045663982629776,0.022603927512396076,0.5062628320660192,l40s
resnet152,gemm,258,layer3.30.conv1,1024,256,1,1,0,0.8380912065505981,0.01947524027696872,0.5273578770800835,l40s
resnet152,gemm,258,layer3.30.conv2,256,256,3,1,1,1.032201600074768,0.023376502750687905,0.6494992911027895,l40s
resnet152,gemm,258,layer3.30.conv3,256,1024,1,1,0,0.7961136013269424,0.019293137339591086,0.5009440206851872,l40s
resnet152,gemm,258,layer3.31.conv1,1024,256,1,1,0,0.8407231956720352,0.02050402299415657,0.5290140216437422,l40s
resnet152,gemm,258,layer3.31.conv2,256,256,3,1,1,1.027019202709198,0.027325527349636867,0.6462383356703363,l40s
resnet152,gemm,258,layer3.31.conv3,256,1024,1,1,0,0.799062404036522,0.01714731349648697,0.5027995160354513,l40s
resnet152,gemm,258,layer3.32.conv1,1024,256,1,1,0,0.8338783949613571,0.02138936919199043,0.5247070207545717,l40s
resnet152,gemm,258,layer3.32.conv2,256,256,3,1,1,1.0322495937347411,0.026658999628513928,0.6495294904825694,l40s
resnet152,gemm,258,layer3.32.conv3,256,1024,1,1,0,0.802875205874443,0.029073762078824138,0.5051986714820867,l40s
resnet152,gemm,258,layer3.33.conv1,1024,256,1,1,0,0.8356159925460815,0.023932359229412628,0.5258003811983247,l40s
resnet152,gemm,258,layer3.33.conv2,256,256,3,1,1,1.0258368015289308,0.020430565248069396,0.6454943252674005,l40s
resnet152,gemm,258,layer3.33.conv3,256,1024,1,1,0,0.7994143962860107,0.02704997815493077,0.503021002532372,l40s
resnet152,gemm,258,layer3.34.conv1,1024,256,1,1,0,0.8343728005886077,0.01921166464450973,0.5250181189977765,l40s
resnet152,gemm,258,layer3.34.conv2,256,256,3,1,1,1.0324144035577774,0.027630104175766196,0.6496331948976962,l40s
resnet152,gemm,258,layer3.34.conv3,256,1024,1,1,0,0.7994544029235839,0.02082501029050916,0.5030461761832764,l40s
resnet152,gemm,258,layer3.35.conv1,1024,256,1,1,0,0.8390255987644195,0.020001690113588537,0.5279458311003494,l40s
resnet152,gemm,258,layer3.35.conv2,256,256,3,1,1,1.0260144144296646,0.022617595746426314,0.6456060858509037,l40s
resnet152,gemm,258,layer3.35.conv3,256,1024,1,1,0,0.7987935990095139,0.022070539169812307,0.5026303740049854,l40s
resnet152,gemm,258,layer4.0.conv1,1024,512,1,1,0,0.9775424003601074,0.02475304227458439,0.6151057080427107,l40s
resnet152,gemm,258,layer4.0.conv2,512,512,3,2,1,1.7557903945446014,0.031243319060723057,1.1048080302328551,l40s
resnet152,gemm,258,layer4.0.conv3,512,2048,1,1,0,0.9703696012496948,0.030289985301810207,0.6105923184712372,l40s
resnet152,gemm,258,layer4.0.downsample.0,1024,2048,1,2,0,1.5603871881961822,0.03403813852426965,0.9818531307313262,l40s
resnet152,gemm,258,layer4.1.conv1,2048,512,1,1,0,1.032502406835556,0.030813590160217317,0.6496885698036523,l40s
resnet152,gemm,258,layer4.1.conv2,512,512,3,1,1,1.5975216031074524,0.025990392284306742,1.0052194732739457,l40s
resnet152,gemm,258,layer4.1.conv3,512,2048,1,1,0,0.9673648029565811,0.026260907320830053,0.608701588635958,l40s
resnet152,gemm,258,layer4.2.conv1,2048,512,1,1,0,1.0263312041759491,0.020482351365986962,0.6458054216353333,l40s
resnet152,gemm,258,layer4.2.conv2,512,512,3,1,1,1.5887023866176606,0.025488818676115466,0.9996700972045935,l40s
resnet152,gemm,258,layer4.2.conv3,512,2048,1,1,0,0.9428895980119705,0.02399591288307391,0.5933008875907663,l40s
resnet152,gemm,261,conv1,3,64,7,2,3,1.0272112011909484,0.09561699930983698,0.6495282215871921,l40s
resnet152,gemm,261,layer1.0.conv1,64,64,1,1,0,0.6599487990140915,0.018249927993413757,0.41730013191565984,l40s
resnet152,gemm,261,layer1.0.conv2,64,64,3,1,1,0.8175184011459351,0.02685866211950358,0.5169348548725727,l40s
resnet152,gemm,261,layer1.0.conv3,64,256,1,1,0,1.2299488067626954,0.06616017362692028,0.7777236659546098,l40s
resnet152,gemm,261,layer1.0.downsample.0,64,256,1,1,0,1.0493136048316956,0.053958855600064685,0.663504057240982,l40s
resnet152,gemm,261,layer1.1.conv1,256,64,1,1,0,0.9514975935220719,0.03686180816027981,0.6016528432014243,l40s
resnet152,gemm,261,layer1.1.conv2,64,64,3,1,1,0.7902144014835357,0.020144675160533705,0.4996699357182898,l40s
resnet152,gemm,261,layer1.1.conv3,64,256,1,1,0,0.9723440051078797,0.018462527028989133,0.6148344874709822,l40s
resnet152,gemm,261,layer1.2.conv1,256,64,1,1,0,0.9695888012647629,0.03898217626822563,0.613092311518992,l40s
resnet152,gemm,261,layer1.2.conv2,64,64,3,1,1,0.7869167983531952,0.01780005896653523,0.49758478877453843,l40s
resnet152,gemm,261,layer1.2.conv3,64,256,1,1,0,0.9736688017845154,0.022187632329874734,0.6156721855299035,l40s
resnet152,gemm,261,layer2.0.conv1,256,128,1,1,0,1.5052959978580476,0.03302515771182097,0.9518317472759963,l40s
resnet152,gemm,261,layer2.0.conv2,128,128,3,2,1,0.8013775974512101,0.015561775091927256,0.5067286699062603,l40s
resnet152,gemm,261,layer2.0.conv3,128,512,1,1,0,0.8663391977548599,0.02116278642366168,0.5478053176956998,l40s
resnet152,gemm,261,layer2.0.downsample.0,256,512,1,2,0,1.4224671959877013,0.04115830758448698,0.8994572751979383,l40s
resnet152,gemm,261,layer2.1.conv1,512,128,1,1,0,0.7893776029348374,0.02008068708306689,0.499140809602324,l40s
resnet152,gemm,261,layer2.1.conv2,128,128,3,1,1,0.5038031950592995,0.007282018447831034,0.3185658343069241,l40s
resnet152,gemm,261,layer2.1.conv3,128,512,1,1,0,0.9097536027431488,0.0332916823911817,0.5752572002594954,l40s
resnet152,gemm,261,layer2.2.conv1,512,128,1,1,0,0.7888959974050522,0.02250539437538447,0.4988362798396956,l40s
resnet152,gemm,261,layer2.2.conv2,128,128,3,1,1,0.4892416030168533,0.010192355546468655,0.309358219580914,l40s
resnet152,gemm,261,layer2.2.conv3,128,512,1,1,0,0.9016912013292313,0.02003450267126327,0.5701591666262638,l40s
resnet152,gemm,261,layer2.3.conv1,512,128,1,1,0,0.795744001865387,0.02033939331126488,0.5031664235855828,l40s
resnet152,gemm,261,layer2.3.conv2,128,128,3,1,1,0.49145280122756957,0.0133545494822239,0.31075640881377875,l40s
resnet152,gemm,261,layer2.3.conv3,128,512,1,1,0,0.8851583927869797,0.02678839101791494,0.5597051083782228,l40s
resnet152,gemm,261,layer2.4.conv1,512,128,1,1,0,0.7940544009208679,0.02879438362446366,0.502098051769336,l40s
resnet152,gemm,261,layer2.4.conv2,128,128,3,1,1,0.48783200085163114,0.006884704821595248,0.3084668971474546,l40s
resnet152,gemm,261,layer2.4.conv3,128,512,1,1,0,0.8918127954006195,0.024475835124778775,0.5639128334208932,l40s
resnet152,gemm,261,layer2.5.conv1,512,128,1,1,0,0.784400001168251,0.017163426070249246,0.49599336259291477,l40s
resnet152,gemm,261,layer2.5.conv2,128,128,3,1,1,0.48270559757947923,0.00603155823160765,0.3052253596752784,l40s
resnet152,gemm,261,layer2.5.conv3,128,512,1,1,0,0.8727439999580383,0.020170129761420907,0.5518552149123822,l40s
resnet152,gemm,261,layer2.6.conv1,512,128,1,1,0,0.7865855991840363,0.021622413820725998,0.49737536425980816,l40s
resnet152,gemm,261,layer2.6.conv2,128,128,3,1,1,0.49025920033454895,0.009063800941295462,0.3100016687326448,l40s
resnet152,gemm,261,layer2.6.conv3,128,512,1,1,0,0.8962559938430786,0.027080087082226954,0.566722365461766,l40s
resnet152,gemm,261,layer2.7.conv1,512,128,1,1,0,0.7853599995374679,0.025736036595356608,0.4966003906634431,l40s
resnet152,gemm,261,layer2.7.conv2,128,128,3,1,1,0.4863168001174927,0.008088117061774624,0.30750880241771306,l40s
resnet152,gemm,261,layer2.7.conv3,128,512,1,1,0,0.8779759973287582,0.02862841847352906,0.5551635218541412,l40s
resnet152,gemm,261,layer3.0.conv1,512,256,1,1,0,1.1171520084142685,0.390215719769067,0.7063997709785428,l40s
resnet152,gemm,261,layer3.0.conv2,256,256,3,2,1,1.1167151987552644,0.1265104083890257,0.7061235666296649,l40s
resnet152,gemm,261,layer3.0.conv3,256,1024,1,1,0,0.8277487993240357,0.022539624294617547,0.5234037605144177,l40s
resnet152,gemm,261,layer3.0.downsample.0,512,1024,1,2,0,1.1911424100399017,0.11028581802560018,0.7531855283054685,l40s
resnet152,gemm,261,layer3.1.conv1,1024,256,1,1,0,0.8406288087368011,0.01759500793043695,0.5315480735809034,l40s
resnet152,gemm,261,layer3.1.conv2,256,256,3,1,1,1.0592800080776215,0.11004756519440127,0.6698060330843547,l40s
resnet152,gemm,261,layer3.1.conv3,256,1024,1,1,0,0.8083088010549545,0.024839802159811096,0.5111114222993215,l40s
resnet152,gemm,261,layer3.2.conv1,1024,256,1,1,0,0.8376703947782517,0.02280763414419821,0.5296774034061744,l40s
resnet152,gemm,261,layer3.2.conv2,256,256,3,1,1,1.0629264056682586,0.11040955387008167,0.6721117304321838,l40s
resnet152,gemm,261,layer3.2.conv3,256,1024,1,1,0,0.8170224040746689,0.026943983490800915,0.5166212250219261,l40s
resnet152,gemm,261,layer3.3.conv1,1024,256,1,1,0,0.8331727921962738,0.022891446868723974,0.5268334704320294,l40s
resnet152,gemm,261,layer3.3.conv2,256,256,3,1,1,1.0533712089061738,0.10428228843368137,0.6660697694872515,l40s
resnet152,gemm,261,layer3.3.conv3,256,1024,1,1,0,0.8132671982049942,0.025720684196892094,0.5142467258075526,l40s
resnet152,gemm,261,layer3.4.conv1,1024,256,1,1,0,0.8358192026615143,0.020601152540395712,0.5285068539398071,l40s
resnet152,gemm,261,layer3.4.conv2,256,256,3,1,1,1.06460480093956,0.12089151441433806,0.6731730166549438,l40s
resnet152,gemm,261,layer3.4.conv3,256,1024,1,1,0,0.8041279971599579,0.02006529635461634,0.5084678080984897,l40s
resnet152,gemm,261,layer3.5.conv1,1024,256,1,1,0,0.8391375988721848,0.02438768636343469,0.5306051488053026,l40s
resnet152,gemm,261,layer3.5.conv2,256,256,3,1,1,1.0556703984737397,0.11398837628426699,0.6675235975891857,l40s
resnet152,gemm,261,layer3.5.conv3,256,1024,1,1,0,0.8015312016010284,0.01947226371006855,0.5068257971865551,l40s
resnet152,gemm,261,layer3.6.conv1,1024,256,1,1,0,0.8365727990865708,0.020718440438869334,0.5289833695241328,l40s
resnet152,gemm,261,layer3.6.conv2,256,256,3,1,1,1.0575408041477203,0.10561759011670355,0.6687062962101301,l40s
resnet152,gemm,261,layer3.6.conv3,256,1024,1,1,0,0.7948992043733597,0.01701812031138512,0.5026322395619258,l40s
resnet152,gemm,261,layer3.7.conv1,1024,256,1,1,0,0.8372047990560532,0.01591450629198108,0.5293829969967938,l40s
resnet152,gemm,261,layer3.7.conv2,256,256,3,1,1,1.0576559901237488,0.11181287793743369,0.6687791308346697,l40s
resnet152,gemm,261,layer3.7.conv3,256,1024,1,1,0,0.8010976046323777,0.017363633352894058,0.5065516242924055,l40s
resnet152,gemm,261,layer3.8.conv1,1024,256,1,1,0,0.8380288004875183,0.019177702674145918,0.5299040312142403,l40s
resnet152,gemm,261,layer3.8.conv2,256,256,3,1,1,1.0628432154655456,0.1018015925841516,0.672059127438409,l40s
resnet152,gemm,261,layer3.8.conv3,256,1024,1,1,0,0.8052944064140319,0.020864967686495414,0.5092053543086198,l40s
resnet152,gemm,261,layer3.9.conv1,1024,256,1,1,0,0.8292463988065719,0.012591138327693829,0.524350725585879,l40s
resnet152,gemm,261,layer3.9.conv2,256,256,3,1,1,1.0597839921712875,0.10167116939649473,0.6701247133048269,l40s
resnet152,gemm,261,layer3.9.conv3,256,1024,1,1,0,0.805918401479721,0.026995585028508334,0.5095999201046569,l40s
resnet152,gemm,261,layer3.10.conv1,1024,256,1,1,0,0.8388959974050522,0.02473687451168253,0.5304523788870058,l40s
resnet152,gemm,261,layer3.10.conv2,256,256,3,1,1,1.0456655859947204,0.1020669989292088,0.6611973347434569,l40s
resnet152,gemm,261,layer3.10.conv3,256,1024,1,1,0,0.795291206240654,0.018845325758452318,0.5028801109591879,l40s
resnet152,gemm,261,layer3.11.conv1,1024,256,1,1,0,0.8344799935817718,0.021450364747360236,0.5276600426016032,l40s
resnet152,gemm,261,layer3.11.conv2,256,256,3,1,1,1.054457601904869,0.11540430471958121,0.6667567196602726,l40s
resnet152,gemm,261,layer3.11.conv3,256,1024,1,1,0,0.7988688051700592,0.018565721360686103,0.5051423054012605,l40s
resnet152,gemm,261,layer3.12.conv1,1024,256,1,1,0,0.8311200022697449,0.01909535680713632,0.5255354462392203,l40s
resnet152,gemm,261,layer3.12.conv2,256,256,3,1,1,1.0587119966745377,0.10813429890209691,0.6694468669887567,l40s
resnet152,gemm,261,layer3.12.conv3,256,1024,1,1,0,0.7967567950487137,0.021328668110388666,0.5038068349775529,l40s
resnet152,gemm,261,layer3.13.conv1,1024,256,1,1,0,0.8326991945505142,0.017404023704121828,0.5265340042304912,l40s
resnet152,gemm,261,layer3.13.conv2,256,256,3,1,1,1.0474255979061127,0.09841564216662001,0.6623102289617574,l40s
resnet152,gemm,261,layer3.13.conv3,256,1024,1,1,0,0.7935056000947952,0.020413815281140946,0.5017510329438488,l40s
resnet152,gemm,261,layer3.14.conv1,1024,256,1,1,0,0.8425135999917984,0.025278408519214677,0.5327398685209334,l40s
resnet152,gemm,261,layer3.14.conv2,256,256,3,1,1,1.0644335985183715,0.096642255585963,0.6730647616008352,l40s
resnet152,gemm,261,layer3.14.conv3,256,1024,1,1,0,0.8027536004781723,0.021743210631461948,0.5075987468660571,l40s
resnet152,gemm,261,layer3.15.conv1,1024,256,1,1,0,0.8338608026504517,0.023509048662415863,0.5272685145653269,l40s
resnet152,gemm,261,layer3.15.conv2,256,256,3,1,1,1.028608000278473,0.02966931563744887,0.6504114483531995,l40s
resnet152,gemm,261,layer3.15.conv3,256,1024,1,1,0,0.8040111988782883,0.022761128324076427,0.5083939539776533,l40s
resnet152,gemm,261,layer3.16.conv1,1024,256,1,1,0,0.8331663966178894,0.024146162508906856,0.5268294263672362,l40s
resnet152,gemm,261,layer3.16.conv2,256,256,3,1,1,1.0427728116512298,0.10201341134736273,0.6593681699401505,l40s
resnet152,gemm,261,layer3.16.conv3,256,1024,1,1,0,0.8084992051124573,0.021390364367603176,0.5112318189701419,l40s
resnet152,gemm,261,layer3.17.conv1,1024,256,1,1,0,0.8318127989768982,0.020866355377978065,0.5259735168254804,l40s
resnet152,gemm,261,layer3.17.conv2,256,256,3,1,1,1.0576784014701843,0.10137874306668548,0.6687933020216434,l40s
resnet152,gemm,261,layer3.17.conv3,256,1024,1,1,0,0.7972592055797577,0.018558080312034136,0.5041245201997908,l40s
resnet152,gemm,261,layer3.18.conv1,1024,256,1,1,0,0.8312240034341812,0.019666189663830224,0.5256012084615374,l40s
resnet152,gemm,261,layer3.18.conv2,256,256,3,1,1,1.0583376079797744,0.1071170632013851,0.6692101327876401,l40s
resnet152,gemm,261,layer3.18.conv3,256,1024,1,1,0,0.7947504043579101,0.01707910954944459,0.5025381500413919,l40s
resnet152,gemm,261,layer3.19.conv1,1024,256,1,1,0,0.831766402721405,0.024364151750205645,0.5259441794532984,l40s
resnet152,gemm,261,layer3.19.conv2,256,256,3,1,1,1.0506175965070725,0.10709897705126956,0.6643285998402938,l40s
resnet152,gemm,261,layer3.19.conv3,256,1024,1,1,0,0.7977247983217239,0.019513228533755478,0.5044189247247051,l40s
resnet152,gemm,261,layer3.20.conv1,1024,256,1,1,0,0.8356895953416824,0.02123062053191919,0.5284249003825858,l40s
resnet152,gemm,261,layer3.20.conv2,256,256,3,1,1,1.0537232041358948,0.10309700705451987,0.6662923438081924,l40s
resnet152,gemm,261,layer3.20.conv3,256,1024,1,1,0,0.8067743897438049,0.01905324289810949,0.5101411802994691,l40s
resnet152,gemm,261,layer3.21.conv1,1024,256,1,1,0,0.8350959926843643,0.022403048131515047,0.5280495523744155,l40s
resnet152,gemm,261,layer3.21.conv2,256,256,3,1,1,1.053052794933319,0.10132324676557432,0.6658684293331751,l40s
resnet152,gemm,261,layer3.21.conv3,256,1024,1,1,0,0.797800001502037,0.01765957781425123,0.5044664773486541,l40s
resnet152,gemm,261,layer3.22.conv1,1024,256,1,1,0,0.8491648018360138,0.021379738277415097,0.5369455696467407,l40s
resnet152,gemm,261,layer3.22.conv2,256,256,3,1,1,1.0509663999080658,0.10218517614502831,0.6645491558977706,l40s
resnet152,gemm,261,layer3.22.conv3,256,1024,1,1,0,0.7957951992750167,0.02019757074725577,0.5031987968330592,l40s
resnet152,gemm,261,layer3.23.conv1,1024,256,1,1,0,0.8319552004337311,0.019888031642329915,0.5260635603967546,l40s
resnet152,gemm,261,layer3.23.conv2,256,256,3,1,1,1.0258703976869583,0.03331533038722816,0.6486804020594895,l40s
resnet152,gemm,261,layer3.23.conv3,256,1024,1,1,0,0.8065584033727646,0.019532130474666527,0.5100046073694755,l40s
resnet152,gemm,261,layer3.24.conv1,1024,256,1,1,0,0.8345583975315094,0.021370452027408754,0.5277096191424153,l40s
resnet152,gemm,261,layer3.24.conv2,256,256,3,1,1,1.0474511921405791,0.09650863489714782,0.662326412758796,l40s
resnet152,gemm,261,layer3.24.conv3,256,1024,1,1,0,0.8018144011497498,0.015482551477268054,0.5070048704862056,l40s
resnet152,gemm,261,layer3.25.conv1,1024,256,1,1,0,0.8282032012939453,0.02344071798941046,0.5236910888681768,l40s
resnet152,gemm,261,layer3.25.conv2,256,256,3,1,1,1.0601008027791976,0.11582009110116288,0.6703250396160054,l40s
resnet152,gemm,261,layer3.25.conv3,256,1024,1,1,0,0.7903487920761109,0.017165509763758937,0.4997549138440074,l40s
resnet152,gemm,261,layer3.26.conv1,1024,256,1,1,0,0.8279423981904983,0.018077911390728448,0.5235261773331683,l40s
resnet152,gemm,261,layer3.26.conv2,256,256,3,1,1,1.0412672013044357,0.10624877727178735,0.6584161394231326,l40s
resnet152,gemm,261,layer3.26.conv3,256,1024,1,1,0,0.7984320044517517,0.015960153205340614,0.5048661067057816,l40s
resnet152,gemm,261,layer3.27.conv1,1024,256,1,1,0,0.833668801188469,0.020410258883136995,0.5271471078205414,l40s
resnet152,gemm,261,layer3.27.conv2,256,256,3,1,1,1.0389391899108886,0.096558366292705,0.6569440866470996,l40s
resnet152,gemm,261,layer3.27.conv3,256,1024,1,1,0,0.7925967961549759,0.017929825626753552,0.5011763762363305,l40s
resnet152,gemm,261,layer3.28.conv1,1024,256,1,1,0,0.8325711995363235,0.018541950890224857,0.526453070169567,l40s
resnet152,gemm,261,layer3.28.conv2,256,256,3,1,1,1.0551136016845704,0.10748233928416323,0.6671715227404736,l40s
resnet152,gemm,261,layer3.28.conv3,256,1024,1,1,0,0.8045599937438965,0.025612404461320883,0.5087409690342077,l40s
resnet152,gemm,261,layer3.29.conv1,1024,256,1,1,0,0.829601600766182,0.021170769563257388,0.5245753275926157,l40s
resnet152,gemm,261,layer3.29.conv2,256,256,3,1,1,1.0481552064418793,0.11193882855864629,0.6627715764764086,l40s
resnet152,gemm,261,layer3.29.conv3,256,1024,1,1,0,0.7998255997896194,0.015614856442035653,0.5057473076704595,l40s
resnet152,gemm,261,layer3.30.conv1,1024,256,1,1,0,0.8263359993696213,0.010106626830156873,0.5225104160485617,l40s
resnet152,gemm,261,layer3.30.conv2,256,256,3,1,1,1.0493632048368453,0.09597772415789464,0.6635354204144933,l40s
resnet152,gemm,261,layer3.30.conv3,256,1024,1,1,0,0.7978687971830368,0.018493883698854567,0.5045099783699445,l40s
resnet152,gemm,261,layer3.31.conv1,1024,256,1,1,0,0.8298400044441223,0.018111163728909627,0.5247260754785157,l40s
resnet152,gemm,261,layer3.31.conv2,256,256,3,1,1,1.0207359969615937,0.02833750811501486,0.6454338076218553,l40s
resnet152,gemm,261,layer3.31.conv3,256,1024,1,1,0,0.794172802567482,0.020963389349957708,0.5021729197330703,l40s
resnet152,gemm,261,layer3.32.conv1,1024,256,1,1,0,0.8314512073993683,0.021306840771833785,0.5257448745228833,l40s
resnet152,gemm,261,layer3.32.conv2,256,256,3,1,1,1.0504047989845275,0.10271794417917976,0.6641940432892978,l40s
resnet152,gemm,261,layer3.32.conv3,256,1024,1,1,0,0.8050240069627762,0.020059583229276763,0.5090343747919549,l40s
resnet152,gemm,261,layer3.33.conv1,1024,256,1,1,0,0.8380096048116684,0.025753734666798346,0.5298918933664614,l40s
resnet152,gemm,261,layer3.33.conv2,256,256,3,1,1,1.0517808109521867,0.09809137191889356,0.6650641259024935,l40s
resnet152,gemm,261,layer3.33.conv3,256,1024,1,1,0,0.8000415980815887,0.01814491907423384,0.5058838881383185,l40s
resnet152,gemm,261,layer3.34.conv1,1024,256,1,1,0,0.831566396355629,0.019631434872161006,0.5258177110318892,l40s
resnet152,gemm,261,layer3.34.conv2,256,256,3,1,1,1.0630895912647247,0.11080207409292206,0.6722149162718031,l40s
resnet152,gemm,261,layer3.34.conv3,256,1024,1,1,0,0.8068207949399948,0.024527156883374864,0.5101705233250501,l40s
resnet152,gemm,261,layer3.35.conv1,1024,256,1,1,0,0.8320895940065384,0.017884712979768118,0.5261485404069386,l40s
resnet152,gemm,261,layer3.35.conv2,256,256,3,1,1,1.0564640015363693,0.10797184910006508,0.6680254102498326,l40s
resnet152,gemm,261,layer3.35.conv3,256,1024,1,1,0,0.7929839938879013,0.01716166613062907,0.5014212098738319,l40s
resnet152,gemm,261,layer4.0.conv1,1024,512,1,1,0,1.0203248113393784,0.0225947272831146,0.6451738059146795,l40s
resnet152,gemm,261,layer4.0.conv2,512,512,3,2,1,1.7614480078220367,0.05457286675256932,1.1138022936397782,l40s
resnet152,gemm,261,layer4.0.conv3,512,2048,1,1,0,0.9476768016815186,0.09095180489616486,0.5992368725360225,l40s
resnet152,gemm,261,layer4.0.downsample.0,1024,2048,1,2,0,1.5911183774471283,0.10032827717628158,1.0060991243472812,l40s
resnet152,gemm,261,layer4.1.conv1,2048,512,1,1,0,1.0625407993793488,0.08926229329372116,0.671867903099715,l40s
resnet152,gemm,261,layer4.1.conv2,512,512,3,1,1,1.6202128052711486,0.1267474125866413,1.024496170583462,l40s
resnet152,gemm,261,layer4.1.conv3,512,2048,1,1,0,0.9863968074321747,0.08896093116236872,0.623720383274526,l40s
resnet152,gemm,261,layer4.2.conv1,2048,512,1,1,0,1.0403680086135865,0.0901823807902138,0.6578475601196024,l40s
resnet152,gemm,261,layer4.2.conv2,512,512,3,1,1,1.5904831826686858,0.046453507535876556,1.0056974767266897,l40s
resnet152,gemm,261,layer4.2.conv3,512,2048,1,1,0,0.966583999991417,0.09811444468732446,0.6111923096254803,l40s
resnet152,gemm,264,conv1,3,64,7,2,3,0.9991039991378784,0.027052991466631773,0.6315924568474113,l40s
resnet152,gemm,264,layer1.0.conv1,64,64,1,1,0,0.6719392091035843,0.04085973207559604,0.4247723323057906,l40s
resnet152,gemm,264,layer1.0.conv2,64,64,3,1,1,0.8197840034961701,0.025497418012761328,0.5182337307218602,l40s
resnet152,gemm,264,layer1.0.conv3,64,256,1,1,0,1.0091327995061874,0.04125400823550656,0.6379322519731622,l40s
resnet152,gemm,264,layer1.0.downsample.0,64,256,1,1,0,1.0360704034566879,0.049509616750476534,0.6549610972939297,l40s
resnet152,gemm,264,layer1.1.conv1,256,64,1,1,0,0.9593695938587189,0.03750625509082372,0.6064740000368188,l40s
resnet152,gemm,264,layer1.1.conv2,64,64,3,1,1,0.8079887986183166,0.036888008410058695,0.5107772873143166,l40s
resnet152,gemm,264,layer1.1.conv3,64,256,1,1,0,0.9837519973516464,0.034600315025119656,0.6218875527192536,l40s
resnet152,gemm,264,layer1.2.conv1,256,64,1,1,0,0.9630720019340515,0.04045242176751913,0.6088145101484476,l40s
resnet152,gemm,264,layer1.2.conv2,64,64,3,1,1,0.7928543984889984,0.039641976035337416,0.5012099420040825,l40s
resnet152,gemm,264,layer1.2.conv3,64,256,1,1,0,1.1442704021930694,0.06441465307064129,0.7233606864175511,l40s
resnet152,gemm,264,layer2.0.conv1,256,128,1,1,0,1.4926799893379212,0.03349489826111585,0.9436108979309589,l40s
resnet152,gemm,264,layer2.0.conv2,128,128,3,2,1,0.8100400030612945,0.013191545046446242,0.5120739744007006,l40s
resnet152,gemm,264,layer2.0.conv3,128,512,1,1,0,0.8610047966241836,0.017418562755851928,0.5442918207979546,l40s
resnet152,gemm,264,layer2.0.downsample.0,256,512,1,2,0,1.427287995815277,0.040462260138961814,0.9022727690847573,l40s
resnet152,gemm,264,layer2.1.conv1,512,128,1,1,0,0.8009471982717514,0.023459080365183255,0.5063258771839775,l40s
resnet152,gemm,264,layer2.1.conv2,128,128,3,1,1,0.5023215994238853,0.00903409836261988,0.3175470555431838,l40s
resnet152,gemm,264,layer2.1.conv3,128,512,1,1,0,0.897374403476715,0.015410361521256155,0.5672831904315324,l40s
resnet152,gemm,264,layer2.2.conv1,512,128,1,1,0,0.7915903985500335,0.022221048067364725,0.5004108932287852,l40s
resnet152,gemm,264,layer2.2.conv2,128,128,3,1,1,0.4901520058512688,0.009968825851819641,0.309853939000766,l40s
resnet152,gemm,264,layer2.2.conv3,128,512,1,1,0,0.9116272002458572,0.03461796735848277,0.576293222356274,l40s
resnet152,gemm,264,layer2.3.conv1,512,128,1,1,0,0.7852751970291137,0.015448222002455885,0.4964186825605004,l40s
resnet152,gemm,264,layer2.3.conv2,128,128,3,1,1,0.4913056015968323,0.015526010878815966,0.31058319478572727,l40s
resnet152,gemm,264,layer2.3.conv3,128,512,1,1,0,0.8912463963031769,0.03011744678024971,0.5634093163306848,l40s
resnet152,gemm,264,layer2.4.conv1,512,128,1,1,0,0.7842128038406372,0.01925748636215954,0.49574708128112727,l40s
resnet152,gemm,264,layer2.4.conv2,128,128,3,1,1,0.48982240110635755,0.009865597470687854,0.30964557643710233,l40s
resnet152,gemm,264,layer2.4.conv3,128,512,1,1,0,0.8999583959579468,0.02481761232948923,0.5689166842030563,l40s
resnet152,gemm,264,layer2.5.conv1,512,128,1,1,0,0.7945759952068329,0.031005883967256623,0.5022982646428227,l40s
resnet152,gemm,264,layer2.5.conv2,128,128,3,1,1,0.48951520025730133,0.008532023433145053,0.30945137669496486,l40s
resnet152,gemm,264,layer2.5.conv3,128,512,1,1,0,0.8831872045993805,0.03160391476249732,0.5583146267960644,l40s
resnet152,gemm,264,layer2.6.conv1,512,128,1,1,0,0.7796079993247986,0.01828340031650134,0.49283611325380466,l40s
resnet152,gemm,264,layer2.6.conv2,128,128,3,1,1,0.48543999791145326,0.008374477478901188,0.3068752013778953,l40s
resnet152,gemm,264,layer2.6.conv3,128,512,1,1,0,0.9012480080127716,0.027212801506411952,0.5697319239046186,l40s
resnet152,gemm,264,layer2.7.conv1,512,128,1,1,0,0.7807487964630127,0.013917791463162573,0.49355727828558393,l40s
resnet152,gemm,264,layer2.7.conv2,128,128,3,1,1,0.48734880089759824,0.007824396880429081,0.30808186811999355,l40s
resnet152,gemm,264,layer2.7.conv3,128,512,1,1,0,0.8858399987220764,0.028942680549863604,0.5599916141356304,l40s
resnet152,gemm,264,layer3.0.conv1,512,256,1,1,0,1.039158397912979,0.03320465526891699,0.6569132003853627,l40s
resnet152,gemm,264,layer3.0.conv2,256,256,3,2,1,1.0987279951572417,0.028019982762076352,0.6945706497693908,l40s
resnet152,gemm,264,layer3.0.conv3,256,1024,1,1,0,0.8219471991062164,0.019687742995177754,0.5196012140180631,l40s
resnet152,gemm,264,layer3.0.downsample.0,512,1024,1,2,0,1.1633888006210327,0.03279456270020679,0.7354465515972767,l40s
resnet152,gemm,264,layer3.1.conv1,1024,256,1,1,0,0.8420432031154632,0.026094290591364498,0.5323050812390611,l40s
resnet152,gemm,264,layer3.1.conv2,256,256,3,1,1,1.0323183953762054,0.0222337447270699,0.6525892320990069,l40s
resnet152,gemm,264,layer3.1.conv3,256,1024,1,1,0,0.8059680014848709,0.01999871489459749,0.5094998224784191,l40s
resnet152,gemm,264,layer3.2.conv1,1024,256,1,1,0,0.8237759947776795,0.0125380967706789,0.520757303426381,l40s
resnet152,gemm,264,layer3.2.conv2,256,256,3,1,1,1.0327679961919785,0.022734586688122237,0.65287345124344,l40s
resnet152,gemm,264,layer3.2.conv3,256,1024,1,1,0,0.8067903995513916,0.021983970259126143,0.5100197087122732,l40s
resnet152,gemm,264,layer3.3.conv1,1024,256,1,1,0,0.8312192022800445,0.01674518759582393,0.5254625930832139,l40s
resnet152,gemm,264,layer3.3.conv2,256,256,3,1,1,1.0304864019155502,0.02980353137616686,0.6514311211798813,l40s
resnet152,gemm,264,layer3.3.conv3,256,1024,1,1,0,0.8013103991746903,0.019124208139567455,0.5065554778569948,l40s
resnet152,gemm,264,layer3.4.conv1,1024,256,1,1,0,0.8286560028791428,0.01645363216239436,0.5238422438418914,l40s
resnet152,gemm,264,layer3.4.conv2,256,256,3,1,1,1.0489311993122101,0.02759624013517512,0.6630911634916542,l40s
resnet152,gemm,264,layer3.4.conv3,256,1024,1,1,0,0.7971615940332413,0.01751128682007309,0.5039327738797011,l40s
resnet152,gemm,264,layer3.5.conv1,1024,256,1,1,0,0.8301871985197067,0.01611583358975249,0.5248102027504458,l40s
resnet152,gemm,264,layer3.5.conv2,256,256,3,1,1,1.0332719922065734,0.0267964466036765,0.6531920567953885,l40s
resnet152,gemm,264,layer3.5.conv3,256,1024,1,1,0,0.8001839935779571,0.015204532964447999,0.5058434105658406,l40s
resnet152,gemm,264,layer3.6.conv1,1024,256,1,1,0,0.8248879998922348,0.019594932161184086,0.5214602673249691,l40s
resnet152,gemm,264,layer3.6.conv2,256,256,3,1,1,1.026955211162567,0.02627528426677247,0.6491988476175715,l40s
resnet152,gemm,264,layer3.6.conv3,256,1024,1,1,0,0.8083055973052978,0.02272348310527536,0.5109775544148478,l40s
resnet152,gemm,264,layer3.7.conv1,1024,256,1,1,0,0.8336159944534302,0.016869174796583022,0.5269777465193402,l40s
resnet152,gemm,264,layer3.7.conv2,256,256,3,1,1,1.0236623972654342,0.02185527982580352,0.6471172660995053,l40s
resnet152,gemm,264,layer3.7.conv3,256,1024,1,1,0,0.8098479986190796,0.021847631172170034,0.5119525970891406,l40s
resnet152,gemm,264,layer3.8.conv1,1024,256,1,1,0,0.8337664008140564,0.023907269622500053,0.5270728272345764,l40s
resnet152,gemm,264,layer3.8.conv2,256,256,3,1,1,1.0359504103660584,0.028074042863225235,0.6548852425971405,l40s
resnet152,gemm,264,layer3.8.conv3,256,1024,1,1,0,0.8032687962055206,0.020346402507297814,0.5077934959144265,l40s
resnet152,gemm,264,layer3.9.conv1,1024,256,1,1,0,0.8299183994531631,0.01755257572032857,0.5246402790358144,l40s
resnet152,gemm,264,layer3.9.conv2,256,256,3,1,1,1.0353663951158523,0.024122672226421477,0.6545160521754905,l40s
resnet152,gemm,264,layer3.9.conv3,256,1024,1,1,0,0.8026688069105148,0.018477169177322714,0.5074142073586385,l40s
resnet152,gemm,264,layer3.10.conv1,1024,256,1,1,0,0.8349839955568313,0.019972787945203078,0.5278425405534074,l40s
resnet152,gemm,264,layer3.10.conv2,256,256,3,1,1,1.035524806380272,0.02337764824817467,0.6546161932616771,l40s
resnet152,gemm,264,layer3.10.conv3,256,1024,1,1,0,0.8009072065353393,0.015861146519970306,0.5063005960530083,l40s
resnet152,gemm,264,layer3.11.conv1,1024,256,1,1,0,0.8371232002973557,0.020395996444140238,0.5291948578086012,l40s
resnet152,gemm,264,layer3.11.conv2,256,256,3,1,1,1.0267984032630921,0.03285104839680943,0.6490997201127593,l40s
resnet152,gemm,264,layer3.11.conv3,256,1024,1,1,0,0.8055423945188522,0.022110326975283992,0.5092307712589754,l40s
resnet152,gemm,264,layer3.12.conv1,1024,256,1,1,0,0.8356880009174347,0.018959738823704254,0.5282875837878663,l40s
resnet152,gemm,264,layer3.12.conv2,256,256,3,1,1,1.0381536066532135,0.02610288945605266,0.6562780126762536,l40s
resnet152,gemm,264,layer3.12.conv3,256,1024,1,1,0,0.8091008067131042,0.021010437914785088,0.5114802530968849,l40s
resnet152,gemm,264,layer3.13.conv1,1024,256,1,1,0,0.8345023959875106,0.020086487058685678,0.5275380931130345,l40s
resnet152,gemm,264,layer3.13.conv2,256,256,3,1,1,1.0263520002365112,0.027200984832447428,0.6488175224791339,l40s
resnet152,gemm,264,layer3.13.conv3,256,1024,1,1,0,0.7939647972583771,0.019392856006555517,0.5019118904373161,l40s
resnet152,gemm,264,layer3.14.conv1,1024,256,1,1,0,0.833006402850151,0.020486873365056158,0.5265923877791882,l40s
resnet152,gemm,264,layer3.14.conv2,256,256,3,1,1,1.0313183963298798,0.026320054524667742,0.6519570738301391,l40s
resnet152,gemm,264,layer3.14.conv3,256,1024,1,1,0,0.7951487958431244,0.011920068590437552,0.5026603656467935,l40s
resnet152,gemm,264,layer3.15.conv1,1024,256,1,1,0,0.837404802441597,0.018438098117598892,0.5293728751023848,l40s
resnet152,gemm,264,layer3.15.conv2,256,256,3,1,1,1.0267759948968886,0.024788575856398196,0.6490855544652625,l40s
resnet152,gemm,264,layer3.15.conv3,256,1024,1,1,0,0.799617600440979,0.019678686901666412,0.5054853601194064,l40s
resnet152,gemm,264,layer3.16.conv1,1024,256,1,1,0,0.8362352013587951,0.023169001493380557,0.5286335014014932,l40s
resnet152,gemm,264,layer3.16.conv2,256,256,3,1,1,1.0341551959514619,0.026435377615228,0.6537503818782752,l40s
resnet152,gemm,264,layer3.16.conv3,256,1024,1,1,0,0.8020719975233078,0.017358307417842476,0.507036929009777,l40s
resnet152,gemm,264,layer3.17.conv1,1024,256,1,1,0,0.8384511917829514,0.019725809169330345,0.5300343594078178,l40s
resnet152,gemm,264,layer3.17.conv2,256,256,3,1,1,1.0235968023538589,0.028187401504675032,0.6470757996942119,l40s
resnet152,gemm,264,layer3.17.conv3,256,1024,1,1,0,0.8003680020570755,0.017169870259758458,0.5059597331583909,l40s
resnet152,gemm,264,layer3.18.conv1,1024,256,1,1,0,0.8232944071292877,0.010784423382308627,0.520452863521929,l40s
resnet152,gemm,264,layer3.18.conv2,256,256,3,1,1,1.040993595123291,0.027169716375301304,0.6580733365832566,l40s
resnet152,gemm,264,layer3.18.conv3,256,1024,1,1,0,0.8018831998109818,0.021214049223216236,0.5069175788609657,l40s
resnet152,gemm,264,layer3.19.conv1,1024,256,1,1,0,0.8385712057352066,0.018049612494973857,0.5301102272924687,l40s
resnet152,gemm,264,layer3.19.conv2,256,256,3,1,1,1.033588808774948,0.02807321286646327,0.6533923351998013,l40s
resnet152,gemm,264,layer3.19.conv3,256,1024,1,1,0,0.8067520022392273,0.02462580509453925,0.5099954355107376,l40s
resnet152,gemm,264,layer3.20.conv1,1024,256,1,1,0,0.8320383965969086,0.01887944415497967,0.5259804540382997,l40s
resnet152,gemm,264,layer3.20.conv2,256,256,3,1,1,1.0376800090074538,0.03514925311160432,0.6559786237228507,l40s
resnet152,gemm,264,layer3.20.conv3,256,1024,1,1,0,0.7977599978446961,0.01423879188924695,0.5043110601579962,l40s
resnet152,gemm,264,layer3.21.conv1,1024,256,1,1,0,0.8382015973329544,0.024657724662785516,0.5298765760619149,l40s
resnet152,gemm,264,layer3.21.conv2,256,256,3,1,1,1.0344560027122498,0.024397314315440198,0.653940539540787,l40s
resnet152,gemm,264,layer3.21.conv3,256,1024,1,1,0,0.8014335960149765,0.01906942167288443,0.5066333578325523,l40s
resnet152,gemm,264,layer3.22.conv1,1024,256,1,1,0,0.8389119982719422,0.020013082618435214,0.5303256623179894,l40s
resnet152,gemm,264,layer3.22.conv2,256,256,3,1,1,1.0323184043169022,0.025759906480463703,0.6525892377509477,l40s
resnet152,gemm,264,layer3.22.conv3,256,1024,1,1,0,0.7954943954944611,0.015673810121479136,0.5028788395324567,l40s
resnet152,gemm,264,layer3.23.conv1,1024,256,1,1,0,0.8283215999603272,0.015069766185183471,0.5236308480700258,l40s
resnet152,gemm,264,layer3.23.conv2,256,256,3,1,1,1.025387206673622,0.027305462967234486,0.6482076196689545,l40s
resnet152,gemm,264,layer3.23.conv3,256,1024,1,1,0,0.8004159986972809,0.022357410606301583,0.5059900746603105,l40s
resnet152,gemm,264,layer3.24.conv1,1024,256,1,1,0,0.8398783951997757,0.02052478763657459,0.530936578709543,l40s
resnet152,gemm,264,layer3.24.conv2,256,256,3,1,1,1.0230480015277863,0.02383142266920227,0.646728870383191,l40s
resnet152,gemm,264,layer3.24.conv3,256,1024,1,1,0,0.8044112026691437,0.020532156912692757,0.5085156782955405,l40s
resnet152,gemm,264,layer3.25.conv1,1024,256,1,1,0,0.8310111999511719,0.01715145971717258,0.5253311025656742,l40s
resnet152,gemm,264,layer3.25.conv2,256,256,3,1,1,1.0254319995641707,0.02190235270843692,0.6482359358921058,l40s
resnet152,gemm,264,layer3.25.conv3,256,1024,1,1,0,0.7992191940546036,0.016835665111574086,0.5052335039877007,l40s
resnet152,gemm,264,layer3.26.conv1,1024,256,1,1,0,0.8352784037590026,0.018423731149890436,0.5280286533103234,l40s
resnet152,gemm,264,layer3.26.conv2,256,256,3,1,1,1.033235204219818,0.026526269047407038,0.6531688009431877,l40s
resnet152,gemm,264,layer3.26.conv3,256,1024,1,1,0,0.8109983980655671,0.023042896970757485,0.5126798323052842,l40s
resnet152,gemm,264,layer3.27.conv1,1024,256,1,1,0,0.8333535939455032,0.021194158315399645,0.5268118677103046,l40s
resnet152,gemm,264,layer3.27.conv2,256,256,3,1,1,1.0294111907482146,0.02530113284913719,0.6507514169014547,l40s
resnet152,gemm,264,layer3.27.conv3,256,1024,1,1,0,0.8057504087686539,0.026027704003116277,0.5093622693124362,l40s
resnet152,gemm,264,layer3.28.conv1,1024,256,1,1,0,0.8280943959951401,0.02455003170350593,0.523487219067738,l40s
resnet152,gemm,264,layer3.28.conv2,256,256,3,1,1,1.0367136180400849,0.02484476693204824,0.6553677110992575,l40s
resnet152,gemm,264,layer3.28.conv3,256,1024,1,1,0,0.8017215996980667,0.022797290341102745,0.5068154219159119,l40s
resnet152,gemm,264,layer3.29.conv1,1024,256,1,1,0,0.830487996339798,0.013747025680122876,0.5250003547610169,l40s
resnet152,gemm,264,layer3.29.conv2,256,256,3,1,1,1.0255728125572205,0.023021897038146173,0.6483249520749187,l40s
resnet152,gemm,264,layer3.29.conv3,256,1024,1,1,0,0.7962351977825165,0.02094056105984597,0.5033471442710574,l40s
resnet152,gemm,264,layer3.30.conv1,1024,256,1,1,0,0.8324511975049973,0.02424781406142631,0.526241409794611,l40s
resnet152,gemm,264,layer3.30.conv2,256,256,3,1,1,1.0235663950443268,0.02353639861572017,0.6470565774437254,l40s
resnet152,gemm,264,layer3.30.conv3,256,1024,1,1,0,0.7993040025234223,0.017716180913811615,0.5052871164136633,l40s
resnet152,gemm,264,layer3.31.conv1,1024,256,1,1,0,0.838128000497818,0.02521136840201026,0.5298300511696512,l40s
resnet152,gemm,264,layer3.31.conv2,256,256,3,1,1,1.0122239917516709,0.01641644257914892,0.639886376575403,l40s
resnet152,gemm,264,layer3.31.conv3,256,1024,1,1,0,0.8004384011030197,0.018780356598360914,0.5060042365398467,l40s
resnet152,gemm,264,layer3.32.conv1,1024,256,1,1,0,0.8234848052263259,0.010081165568082327,0.5205732253681344,l40s
resnet152,gemm,264,layer3.32.conv2,256,256,3,1,1,1.0224512070417404,0.026699692740713613,0.6463516014542308,l40s
resnet152,gemm,264,layer3.32.conv3,256,1024,1,1,0,0.8080479949712753,0.021372514372208724,0.5108147088140143,l40s
resnet152,gemm,264,layer3.33.conv1,1024,256,1,1,0,0.8363168001174927,0.0228035433504443,0.528685084780727,l40s
resnet152,gemm,264,layer3.33.conv2,256,256,3,1,1,1.0356784015893936,0.02803233209971731,0.6547132898357804,l40s
resnet152,gemm,264,layer3.33.conv3,256,1024,1,1,0,0.8000367969274521,0.01553409628473368,0.5057503588973333,l40s
resnet152,gemm,264,layer3.34.conv1,1024,256,1,1,0,0.832124799489975,0.027611305606250136,0.5260350743936958,l40s
resnet152,gemm,264,layer3.34.conv2,256,256,3,1,1,1.0349487960338593,0.029345872602247875,0.6542520632109774,l40s
resnet152,gemm,264,layer3.34.conv3,256,1024,1,1,0,0.7965663939714431,0.01868716345208094,0.5035565128801743,l40s
resnet152,gemm,264,layer3.35.conv1,1024,256,1,1,0,0.8347088038921356,0.025097733043711733,0.5276685757011407,l40s
resnet152,gemm,264,layer3.35.conv2,256,256,3,1,1,1.0271456092596054,0.024975510619870044,0.649319209463777,l40s
resnet152,gemm,264,layer3.35.conv3,256,1024,1,1,0,0.8001823991537094,0.018384233353173712,0.5058424026364071,l40s
resnet152,gemm,264,layer4.0.conv1,1024,512,1,1,0,1.002062401175499,0.02473626871416166,0.6334626369416713,l40s
resnet152,gemm,264,layer4.0.conv2,512,512,3,2,1,1.7536975979804992,0.02845825030272082,1.1086154949151126,l40s
resnet152,gemm,264,layer4.0.conv3,512,2048,1,1,0,0.9659167945384979,0.032104339944637274,0.610612871031613,l40s
resnet152,gemm,264,layer4.0.downsample.0,1024,2048,1,2,0,1.5705568075180054,0.04177779043916178,0.9928414194464981,l40s
resnet152,gemm,264,layer4.1.conv1,2048,512,1,1,0,1.0398912012577057,0.029971935397308254,0.6573764485209734,l40s
resnet152,gemm,264,layer4.1.conv2,512,512,3,1,1,1.5939792037010192,0.0317855443005089,1.0076480949910342,l40s
resnet152,gemm,264,layer4.1.conv3,512,2048,1,1,0,0.966268801689148,0.030016205674757396,0.6108353954748128,l40s
resnet152,gemm,264,layer4.2.conv1,2048,512,1,1,0,1.0346112102270126,0.03303082824685192,0.6540386553482053,l40s
resnet152,gemm,264,layer4.2.conv2,512,512,3,1,1,1.583972805738449,0.039801031294316266,1.0013224617448195,l40s
resnet152,gemm,264,layer4.2.conv3,512,2048,1,1,0,0.956496000289917,0.031520262113222675,0.6046574323685213,l40s
resnet152,gemm,267,conv1,3,64,7,2,3,1.0395088016986846,0.019446768488541946,0.642928148892848,l40s
resnet152,gemm,267,layer1.0.conv1,64,64,1,1,0,0.6660096019506454,0.0238918980854316,0.4119217844305558,l40s
resnet152,gemm,267,layer1.0.conv2,64,64,3,1,1,0.7743487983942032,0.020102855079651993,0.478928738973097,l40s
resnet152,gemm,267,layer1.0.conv3,64,256,1,1,0,1.0267375856637955,0.0288856731694342,0.6350292506141569,l40s
resnet152,gemm,267,layer1.0.downsample.0,64,256,1,1,0,1.0418799996376038,0.023002397881081226,0.6443947164669143,l40s
resnet152,gemm,267,layer1.1.conv1,256,64,1,1,0,0.9331295996904373,0.01723068825105242,0.5771334357397737,l40s
resnet152,gemm,267,layer1.1.conv2,64,64,3,1,1,0.7446159958839417,0.017703268516777212,0.4605392307283557,l40s
resnet152,gemm,267,layer1.1.conv3,64,256,1,1,0,1.0019088119268418,0.0311735003372655,0.6196728462124882,l40s
resnet152,gemm,267,layer1.2.conv1,256,64,1,1,0,0.9308719992637634,0.019194245526821682,0.5757371273478783,l40s
resnet152,gemm,267,layer1.2.conv2,64,64,3,1,1,0.7519471973180771,0.020514054056506387,0.46507352207779595,l40s
resnet152,gemm,267,layer1.2.conv3,64,256,1,1,0,0.9877200067043305,0.01786830965878142,0.6108971799922472,l40s
resnet152,gemm,267,layer2.0.conv1,256,128,1,1,0,1.5255728006362914,0.02352371125222889,0.943554970493339,l40s
resnet152,gemm,267,layer2.0.conv2,128,128,3,2,1,0.9189519971609116,0.026578230036111695,0.5683646982984446,l40s
resnet152,gemm,267,layer2.0.conv3,128,512,1,1,0,0.892025601863861,0.0201619148020054,0.5517109311957512,l40s
resnet152,gemm,267,layer2.0.downsample.0,256,512,1,2,0,1.4409487783908843,0.05191048142105265,0.891215667656077,l40s
resnet152,gemm,267,layer2.1.conv1,512,128,1,1,0,0.9305967956781387,0.023307778570892067,0.5755669160600226,l40s
resnet152,gemm,267,layer2.1.conv2,128,128,3,1,1,0.6199088007211685,0.01815804542958221,0.3834087956530581,l40s
resnet152,gemm,267,layer2.1.conv3,128,512,1,1,0,0.9492512017488479,0.018251720101958253,0.5871045218447335,l40s
resnet152,gemm,267,layer2.2.conv1,512,128,1,1,0,0.9079728037118912,0.015246182660343718,0.5615741521203071,l40s
resnet152,gemm,267,layer2.2.conv2,128,128,3,1,1,0.6056447982788086,0.011715388380864888,0.37458662053430636,l40s
resnet152,gemm,267,layer2.2.conv3,128,512,1,1,0,0.93298719227314,0.025878070909731463,0.5770453578542937,l40s
resnet152,gemm,267,layer2.3.conv1,512,128,1,1,0,0.915873596072197,0.02835620181820864,0.5664607310494105,l40s
resnet152,gemm,267,layer2.3.conv2,128,128,3,1,1,0.6052015990018844,0.0083854284782063,0.37431250521153286,l40s
resnet152,gemm,267,layer2.3.conv3,128,512,1,1,0,0.9310959935188293,0.02060269005964728,0.5758756660611021,l40s
resnet152,gemm,267,layer2.4.conv1,512,128,1,1,0,0.908310404419899,0.021975650300502258,0.5617829555454534,l40s
resnet152,gemm,267,layer2.4.conv2,128,128,3,1,1,0.5995375990867615,0.009353563394345477,0.37080936509880996,l40s
resnet152,gemm,267,layer2.4.conv3,128,512,1,1,0,0.9326671987771988,0.024700351701827467,0.5768474443535451,l40s
resnet152,gemm,267,layer2.5.conv1,512,128,1,1,0,0.9101007997989654,0.01800524696659119,0.5628903012311932,l40s
resnet152,gemm,267,layer2.5.conv2,128,128,3,1,1,0.6013583987951279,0.009637314894027542,0.37193551562691674,l40s
resnet152,gemm,267,layer2.5.conv3,128,512,1,1,0,0.9203920006752014,0.02144731296026448,0.5692553293275697,l40s
resnet152,gemm,267,layer2.6.conv1,512,128,1,1,0,0.9064367949962616,0.015923955990593285,0.560624142617156,l40s
resnet152,gemm,267,layer2.6.conv2,128,128,3,1,1,0.6001807987689972,0.006492235710405285,0.37120717912442713,l40s
resnet152,gemm,267,layer2.6.conv3,128,512,1,1,0,0.9322175979614258,0.028111259345835825,0.5765693697285362,l40s
resnet152,gemm,267,layer2.7.conv1,512,128,1,1,0,0.9187583982944488,0.021576369290792236,0.5682449588978361,l40s
resnet152,gemm,267,layer2.7.conv2,128,128,3,1,1,0.6025823950767517,0.006920329009876217,0.37269254785435935,l40s
resnet152,gemm,267,layer2.7.conv3,128,512,1,1,0,0.9306367963552475,0.022254410790363666,0.5755916561692416,l40s
resnet152,gemm,267,layer3.0.conv1,512,256,1,1,0,1.0264720022678375,0.027560501432450316,0.6348649893391577,l40s
resnet152,gemm,267,layer3.0.conv2,256,256,3,2,1,1.0977504014968873,0.029559698648559323,0.6789501276251363,l40s
resnet152,gemm,267,layer3.0.conv3,256,1024,1,1,0,0.8131279945373535,0.024457294063798703,0.5029133716680063,l40s
resnet152,gemm,267,layer3.0.downsample.0,512,1024,1,2,0,1.1684655845165253,0.04119923897021898,0.7226869210444318,l40s
resnet152,gemm,267,layer3.1.conv1,1024,256,1,1,0,0.8424672067165375,0.01933609793926814,0.5210594473390472,l40s
resnet152,gemm,267,layer3.1.conv2,256,256,3,1,1,1.0394640058279037,0.029381968916027963,0.6429004429934537,l40s
resnet152,gemm,267,layer3.1.conv3,256,1024,1,1,0,0.8061487942934036,0.017454668941302022,0.4985967903304912,l40s
resnet152,gemm,267,layer3.2.conv1,1024,256,1,1,0,0.8282255977392197,0.01048888594600633,0.5122511224051166,l40s
resnet152,gemm,267,layer3.2.conv2,256,256,3,1,1,1.0356223940849305,0.025132765598496688,0.6405244358613942,l40s
resnet152,gemm,267,layer3.2.conv3,256,1024,1,1,0,0.7944192051887512,0.013663268731942568,0.4913421302468012,l40s
resnet152,gemm,267,layer3.3.conv1,1024,256,1,1,0,0.8309648007154464,0.019334261057155626,0.5139452982466962,l40s
resnet152,gemm,267,layer3.3.conv2,256,256,3,1,1,1.028116798400879,0.02294377346990348,0.6358822830180514,l40s
resnet152,gemm,267,layer3.3.conv3,256,1024,1,1,0,0.80415840446949,0.02734163740337515,0.49736574962840885,l40s
resnet152,gemm,267,layer3.4.conv1,1024,256,1,1,0,0.827155202627182,0.02137216572054653,0.5115890913123142,l40s
resnet152,gemm,267,layer3.4.conv2,256,256,3,1,1,1.027110403776169,0.02093530948618603,0.635259835731349,l40s
resnet152,gemm,267,layer3.4.conv3,256,1024,1,1,0,0.8034320026636124,0.024546142076413948,0.49691647573323633,l40s
resnet152,gemm,267,layer3.5.conv1,1024,256,1,1,0,0.8388111978769303,0.021186087135386805,0.5187982341663029,l40s
resnet152,gemm,267,layer3.5.conv2,256,256,3,1,1,1.0359664052724837,0.033031276155778985,0.6407372041185274,l40s
resnet152,gemm,267,layer3.5.conv3,256,1024,1,1,0,0.8051807940006256,0.018729309632774256,0.4979980896409477,l40s
resnet152,gemm,267,layer3.6.conv1,1024,256,1,1,0,0.8310736089944839,0.020890833131447704,0.5140125953251927,l40s
resnet152,gemm,267,layer3.6.conv2,256,256,3,1,1,1.032121592760086,0.02620493077735036,0.6383592173353501,l40s
resnet152,gemm,267,layer3.6.conv3,256,1024,1,1,0,0.803768002986908,0.020316051672881714,0.49712428933282377,l40s
resnet152,gemm,267,layer3.7.conv1,1024,256,1,1,0,0.8276976019144058,0.017071169241060082,0.5119245610737301,l40s
resnet152,gemm,267,layer3.7.conv2,256,256,3,1,1,1.0328416168689727,0.029732925711131723,0.638804546674292,l40s
resnet152,gemm,267,layer3.7.conv3,256,1024,1,1,0,0.7951008021831513,0.017880465172603964,0.4917636927128279,l40s
resnet152,gemm,267,layer3.8.conv1,1024,256,1,1,0,0.8374367952346802,0.023928830631205687,0.5179481767688366,l40s
resnet152,gemm,267,layer3.8.conv2,256,256,3,1,1,1.0244912028312683,0.022031057750358064,0.6336398802174259,l40s
resnet152,gemm,267,layer3.8.conv3,256,1024,1,1,0,0.7996287971735001,0.019793724665195214,0.49456422257133786,l40s
resnet152,gemm,267,layer3.9.conv1,1024,256,1,1,0,0.8290543913841247,0.01725921332863297,0.5127637248602976,l40s
resnet152,gemm,267,layer3.9.conv2,256,256,3,1,1,1.029393595457077,0.027340117372352507,0.6366719721159328,l40s
resnet152,gemm,267,layer3.9.conv3,256,1024,1,1,0,0.795928007364273,0.014985990794817343,0.49227531271545233,l40s
resnet152,gemm,267,layer3.10.conv1,1024,256,1,1,0,0.8434528023004532,0.021689424124341803,0.5216690305799859,l40s
resnet152,gemm,267,layer3.10.conv2,256,256,3,1,1,1.044372808933258,0.0265263412411847,0.6459364997239476,l40s
resnet152,gemm,267,layer3.10.conv3,256,1024,1,1,0,0.8067376017570496,0.028564610558024405,0.49896096318986244,l40s
resnet152,gemm,267,layer3.11.conv1,1024,256,1,1,0,0.8363840103149414,0.017250232344982568,0.5172970374436824,l40s
resnet152,gemm,267,layer3.11.conv2,256,256,3,1,1,1.0400000035762786,0.0334724577344202,0.6432319534526344,l40s
resnet152,gemm,267,layer3.11.conv3,256,1024,1,1,0,0.7996431946754455,0.019022774351028886,0.4945731273148661,l40s
resnet152,gemm,267,layer3.12.conv1,1024,256,1,1,0,0.8334928065538406,0.026542364848675493,0.5155088502930214,l40s
resnet152,gemm,267,layer3.12.conv2,256,256,3,1,1,1.0231872171163559,0.019463170960737134,0.6328333751445478,l40s
resnet152,gemm,267,layer3.12.conv3,256,1024,1,1,0,0.7995424002408982,0.018528092009569085,0.494510786737166,l40s
resnet152,gemm,267,layer3.13.conv1,1024,256,1,1,0,0.8380511969327926,0.02633407847013492,0.5183281794641468,l40s
resnet152,gemm,267,layer3.13.conv2,256,256,3,1,1,1.0304880052804948,0.02246261215868689,0.6373488561218694,l40s
resnet152,gemm,267,layer3.13.conv3,256,1024,1,1,0,0.7972127974033356,0.015499367213327273,0.4930699454113762,l40s
resnet152,gemm,267,layer3.14.conv1,1024,256,1,1,0,0.8414831966161728,0.02531189453494047,0.5204508447074142,l40s
resnet152,gemm,267,layer3.14.conv2,256,256,3,1,1,1.027884802222252,0.024251508586423418,0.6357387951770335,l40s
resnet152,gemm,267,layer3.14.conv3,256,1024,1,1,0,0.7929296046495438,0.015572076706560592,0.49042082384160535,l40s
resnet152,gemm,267,layer3.15.conv1,1024,256,1,1,0,0.8302480012178421,0.023637033050007097,0.5135019633048766,l40s
resnet152,gemm,267,layer3.15.conv2,256,256,3,1,1,1.0410736083984375,0.03346486012577478,0.6438959697263062,l40s
resnet152,gemm,267,layer3.15.conv3,256,1024,1,1,0,0.8058080017566681,0.022999526448084007,0.49838601278397904,l40s
resnet152,gemm,267,layer3.16.conv1,1024,256,1,1,0,0.8332800030708313,0.02228483266346848,0.5153772329857071,l40s
resnet152,gemm,267,layer3.16.conv2,256,256,3,1,1,1.0312080025672912,0.026881193764126562,0.637794168871556,l40s
resnet152,gemm,267,layer3.16.conv3,256,1024,1,1,0,0.7958096027374267,0.01824411025590301,0.492202080370104,l40s
resnet152,gemm,267,layer3.17.conv1,1024,256,1,1,0,0.842657595872879,0.027397957349566827,0.5211772015587862,l40s
resnet152,gemm,267,layer3.17.conv2,256,256,3,1,1,1.02703999876976,0.02281062738014537,0.635216290779763,l40s
resnet152,gemm,267,layer3.17.conv3,256,1024,1,1,0,0.8028623968362808,0.025383040041177616,0.49656417893732036,l40s
resnet152,gemm,267,layer3.18.conv1,1024,256,1,1,0,0.8352592021226883,0.023401977409670125,0.51660135228188,l40s
resnet152,gemm,267,layer3.18.conv2,256,256,3,1,1,1.022281602025032,0.025689765754842026,0.6322732592192929,l40s
resnet152,gemm,267,layer3.18.conv3,256,1024,1,1,0,0.7988208055496215,0.020920608537144402,0.49406448600517094,l40s
resnet152,gemm,267,layer3.19.conv1,1024,256,1,1,0,0.8322448015213013,0.01888144271784513,0.5147369688389459,l40s
resnet152,gemm,267,layer3.19.conv2,256,256,3,1,1,1.0321503907442093,0.03019902733214129,0.6383770286656573,l40s
resnet152,gemm,267,layer3.19.conv3,256,1024,1,1,0,0.8037328004837037,0.02087024890092067,0.49710251685703083,l40s
resnet152,gemm,267,layer3.20.conv1,1024,256,1,1,0,0.8349391967058182,0.019489688943279054,0.516403431408129,l40s
resnet152,gemm,267,layer3.20.conv2,256,256,3,1,1,1.0251472115516662,0.022755994593493072,0.6340456165340149,l40s
resnet152,gemm,267,layer3.20.conv3,256,1024,1,1,0,0.795700803399086,0.015703927340570998,0.49213478882135914,l40s
resnet152,gemm,267,layer3.21.conv1,1024,256,1,1,0,0.8353791952133178,0.018491495079279698,0.5166755670797848,l40s
resnet152,gemm,267,layer3.21.conv2,256,256,3,1,1,1.0310848027467727,0.025529814391055245,0.6377179707360324,l40s
resnet152,gemm,267,layer3.21.conv3,256,1024,1,1,0,0.8000495940446853,0.019689346612790485,0.49482448217953834,l40s
resnet152,gemm,267,layer3.22.conv1,1024,256,1,1,0,0.8388944029808044,0.02472950418820486,0.5188496958791089,l40s
resnet152,gemm,267,layer3.22.conv2,256,256,3,1,1,1.0371567994356155,0.030588281212490086,0.6414734536957358,l40s
resnet152,gemm,267,layer3.22.conv3,256,1024,1,1,0,0.8018368005752563,0.019407674710931102,0.49592985558716274,l40s
resnet152,gemm,267,layer3.23.conv1,1024,256,1,1,0,0.8268287986516952,0.019164601828297233,0.5113872129795786,l40s
resnet152,gemm,267,layer3.23.conv2,256,256,3,1,1,1.023846399784088,0.023004909335618794,0.6332410745229994,l40s
resnet152,gemm,267,layer3.23.conv3,256,1024,1,1,0,0.8050400018692017,0.02167482230270306,0.49791101079727934,l40s
resnet152,gemm,267,layer3.24.conv1,1024,256,1,1,0,0.837460795044899,0.02797771426547939,0.5179630204657178,l40s
resnet152,gemm,267,layer3.24.conv2,256,256,3,1,1,1.0371071934700011,0.021370790162233342,0.6414427727899135,l40s
resnet152,gemm,267,layer3.24.conv3,256,1024,1,1,0,0.8000960111618042,0.018273760495521676,0.4948531908072454,l40s
resnet152,gemm,267,layer3.25.conv1,1024,256,1,1,0,0.8383040100336074,0.024608155940399324,0.5184845424104317,l40s
resnet152,gemm,267,layer3.25.conv2,256,256,3,1,1,1.0352544099092484,0.035001027561353815,0.6402968404966349,l40s
resnet152,gemm,267,layer3.25.conv3,256,1024,1,1,0,0.8024800032377243,0.027339887927230563,0.4963276714560305,l40s
resnet152,gemm,267,layer3.26.conv1,1024,256,1,1,0,0.8396479994058609,0.028714059462338973,0.5193157894357792,l40s
resnet152,gemm,267,layer3.26.conv2,256,256,3,1,1,1.0297392070293427,0.02552189829691127,0.6368857301986249,l40s
resnet152,gemm,267,layer3.26.conv3,256,1024,1,1,0,0.7951824009418488,0.018654999635455666,0.49181416091357394,l40s
resnet152,gemm,267,layer3.27.conv1,1024,256,1,1,0,0.8295904040336609,0.01624856282761202,0.5130952445357311,l40s
resnet152,gemm,267,layer3.27.conv2,256,256,3,1,1,1.0300784021615983,0.031972332922907666,0.637095519762829,l40s
resnet152,gemm,267,layer3.27.conv3,256,1024,1,1,0,0.8055920034646988,0.02042403844761417,0.49825241951204824,l40s
resnet152,gemm,267,layer3.28.conv1,1024,256,1,1,0,0.8283520013093948,0.016411214974342312,0.5123293020350085,l40s
resnet152,gemm,267,layer3.28.conv2,256,256,3,1,1,1.039833602309227,0.029223075866726133,0.6431290355567743,l40s
resnet152,gemm,267,layer3.28.conv3,256,1024,1,1,0,0.7983632028102875,0.019188407243864412,0.49378146225236813,l40s
resnet152,gemm,267,layer3.29.conv1,1024,256,1,1,0,0.8341520011425019,0.01710355969905653,0.5159165570444753,l40s
resnet152,gemm,267,layer3.29.conv2,256,256,3,1,1,1.0274256080389024,0.029717962660704336,0.6354547871284235,l40s
resnet152,gemm,267,layer3.29.conv3,256,1024,1,1,0,0.8032959997653961,0.023331884202339993,0.4968323589932421,l40s
resnet152,gemm,267,layer3.30.conv1,1024,256,1,1,0,0.8380720019340515,0.021760454808700924,0.5183410471964115,l40s
resnet152,gemm,267,layer3.30.conv2,256,256,3,1,1,1.0310288161039352,0.03177177594966158,0.6376833434307287,l40s
resnet152,gemm,267,layer3.30.conv3,256,1024,1,1,0,0.8004591971635818,0.02261410981791935,0.4950778185385788,l40s
resnet152,gemm,267,layer3.31.conv1,1024,256,1,1,0,0.8326384037733078,0.019320030213872075,0.5149804087856487,l40s
resnet152,gemm,267,layer3.31.conv2,256,256,3,1,1,1.021769604086876,0.01812345929252301,0.6319565924569934,l40s
resnet152,gemm,267,layer3.31.conv3,256,1024,1,1,0,0.8078047931194305,0.02290864099218529,0.4996210127882966,l40s
resnet152,gemm,267,layer3.32.conv1,1024,256,1,1,0,0.8257167994976043,0.014446872954069387,0.5106994501087478,l40s
resnet152,gemm,267,layer3.32.conv2,256,256,3,1,1,1.02634399831295,0.02734591514262171,0.634785819883707,l40s
resnet152,gemm,267,layer3.32.conv3,256,1024,1,1,0,0.790817603468895,0.013523097984025591,0.4891145674565559,l40s
resnet152,gemm,267,layer3.33.conv1,1024,256,1,1,0,0.8292223960161209,0.015717943308737093,0.5128676344249672,l40s
resnet152,gemm,267,layer3.33.conv2,256,256,3,1,1,1.0280495882034302,0.024836797041063088,0.6358407140310819,l40s
resnet152,gemm,267,layer3.33.conv3,256,1024,1,1,0,0.793859201669693,0.021094661221472993,0.4909957724042383,l40s
resnet152,gemm,267,layer3.34.conv1,1024,256,1,1,0,0.8324991941452027,0.0271095607634555,0.5148943087080358,l40s
resnet152,gemm,267,layer3.34.conv2,256,256,3,1,1,1.0329600065946578,0.022404505528102008,0.6388777698033875,l40s
resnet152,gemm,267,layer3.34.conv3,256,1024,1,1,0,0.7967407971620559,0.021551669423587834,0.49277801691504514,l40s
resnet152,gemm,267,layer3.35.conv1,1024,256,1,1,0,0.8266735941171646,0.017571743938966627,0.5112912201761289,l40s
resnet152,gemm,267,layer3.35.conv2,256,256,3,1,1,1.0386240094900132,0.028023167687609735,0.6423809117593611,l40s
resnet152,gemm,267,layer3.35.conv3,256,1024,1,1,0,0.795758405327797,0.013246911106530103,0.49217041516847454,l40s
resnet152,gemm,267,layer4.0.conv1,1024,512,1,1,0,1.0082495898008346,0.02151329187482433,0.6235945682550579,l40s
resnet152,gemm,267,layer4.0.conv2,512,512,3,2,1,1.7675663948059082,0.03567353429381263,1.093226135652455,l40s
resnet152,gemm,267,layer4.0.conv3,512,2048,1,1,0,0.9509328007698059,0.021131109496051945,0.588144577824979,l40s
resnet152,gemm,267,layer4.0.downsample.0,1024,2048,1,2,0,1.5643215954303742,0.029224300496627633,0.967520800189132,l40s
resnet152,gemm,267,layer4.1.conv1,2048,512,1,1,0,1.0331391990184784,0.020287208406284653,0.6389885989307159,l40s
resnet152,gemm,267,layer4.1.conv2,512,512,3,1,1,1.6024703919887542,0.02936085665351084,0.991115535619644,l40s
resnet152,gemm,267,layer4.1.conv3,512,2048,1,1,0,0.9521280020475388,0.018600649613498204,0.588883800565365,l40s
resnet152,gemm,267,layer4.2.conv1,2048,512,1,1,0,1.026934403181076,0.022634206754944305,0.6351509807253864,l40s
resnet152,gemm,267,layer4.2.conv2,512,512,3,1,1,1.5937359869480132,0.031014911583262354,0.98571337369918,l40s
resnet152,gemm,267,layer4.2.conv3,512,2048,1,1,0,0.9493967980146408,0.0317959562996151,0.587194572008329,l40s
resnet152,gemm,270,conv1,3,64,7,2,3,1.0253888070583344,0.013504318394654243,0.6349568273650759,l40s
resnet152,gemm,270,layer1.0.conv1,64,64,1,1,0,0.6524992108345031,0.005869436294520513,0.40405046936124966,l40s
resnet152,gemm,270,layer1.0.conv2,64,64,3,1,1,0.8043904006481171,0.005728518645789903,0.49810683834526576,l40s
resnet152,gemm,270,layer1.0.conv3,64,256,1,1,0,1.2092544078826903,0.0076482006905894805,0.7488128766581562,l40s
resnet152,gemm,270,layer1.0.downsample.0,64,256,1,1,0,1.0462704062461854,0.004872401287730787,0.6478874482957496,l40s
resnet152,gemm,270,layer1.1.conv1,256,64,1,1,0,0.9813168048858643,0.0063754572411248035,0.6076658929581175,l40s
resnet152,gemm,270,layer1.1.conv2,64,64,3,1,1,0.7854191988706589,0.006138648581588808,0.48635920270793603,l40s
resnet152,gemm,270,layer1.1.conv3,64,256,1,1,0,0.9994096040725708,0.005756100479004303,0.6188695908048906,l40s
resnet152,gemm,270,layer1.2.conv1,256,64,1,1,0,0.9817232042551041,0.014347824213254047,0.6079175497466053,l40s
resnet152,gemm,270,layer1.2.conv2,64,64,3,1,1,0.7827696025371551,0.0068664380271940195,0.48471847943288277,l40s
resnet152,gemm,270,layer1.2.conv3,64,256,1,1,0,0.9958879977464676,0.009713733847696405,0.6166888882609782,l40s
resnet152,gemm,270,layer2.0.conv1,256,128,1,1,0,1.4770159900188446,0.010344747516502285,0.9146202694374627,l40s
resnet152,gemm,270,layer2.0.conv2,128,128,3,2,1,0.894607999920845,0.011368303352439033,0.5539727500973591,l40s
resnet152,gemm,270,layer2.0.conv3,128,512,1,1,0,0.8474960029125214,0.00524053953726372,0.5247993439266242,l40s
resnet152,gemm,270,layer2.0.downsample.0,256,512,1,2,0,1.2536575973033905,0.008042901020474067,0.7763088938619547,l40s
resnet152,gemm,270,layer2.1.conv1,512,128,1,1,0,0.9064400047063828,0.010440697850955357,0.5612995437665297,l40s
resnet152,gemm,270,layer2.1.conv2,128,128,3,1,1,0.6091311991214752,0.0067293973587286135,0.3771954706164963,l40s
resnet152,gemm,270,layer2.1.conv3,128,512,1,1,0,0.8221424013376236,0.006285917960653053,0.5090995017716674,l40s
resnet152,gemm,270,layer2.2.conv1,512,128,1,1,0,0.8967152029275894,0.00957410492724331,0.5552776043405169,l40s
resnet152,gemm,270,layer2.2.conv2,128,128,3,1,1,0.6014527976512909,0.00733035769800866,0.37244073426362895,l40s
resnet152,gemm,270,layer2.2.conv3,128,512,1,1,0,0.8183072060346603,0.007079876108463443,0.506724613899738,l40s
resnet152,gemm,270,layer2.3.conv1,512,128,1,1,0,0.8992143958806992,0.00942912992232564,0.5568251925505269,l40s
resnet152,gemm,270,layer2.3.conv2,128,128,3,1,1,0.6017295926809311,0.008919139741662646,0.3726121354849422,l40s
resnet152,gemm,270,layer2.3.conv3,128,512,1,1,0,0.8166207939386367,0.006774622738568508,0.5056803281939156,l40s
resnet152,gemm,270,layer2.4.conv1,512,128,1,1,0,0.8944336026906967,0.010175704788903232,0.5538647571963308,l40s
resnet152,gemm,270,layer2.4.conv2,128,128,3,1,1,0.598310399055481,0.00808456426757756,0.3704948504886382,l40s
resnet152,gemm,270,layer2.4.conv3,128,512,1,1,0,0.8192879974842071,0.007496695989001504,0.5073319544741857,l40s
resnet152,gemm,270,layer2.5.conv1,512,128,1,1,0,0.8975808024406433,0.0060388533402324735,0.5558136140148903,l40s
resnet152,gemm,270,layer2.5.conv2,128,128,3,1,1,0.595032000541687,0.006808064055698912,0.3684647507793105,l40s
resnet152,gemm,270,layer2.5.conv3,128,512,1,1,0,0.8146608024835587,0.007414780292023056,0.5044666325231493,l40s
resnet152,gemm,270,layer2.6.conv1,512,128,1,1,0,0.8933120012283325,0.01040588238582425,0.5531702221075834,l40s
resnet152,gemm,270,layer2.6.conv2,128,128,3,1,1,0.5996112018823624,0.008746566033812813,0.3713003533674473,l40s
resnet152,gemm,270,layer2.6.conv3,128,512,1,1,0,0.8167007982730865,0.007164470107972696,0.5057298696927383,l40s
resnet152,gemm,270,layer2.7.conv1,512,128,1,1,0,0.8922127962112427,0.008538549700352435,0.552489555685763,l40s
resnet152,gemm,270,layer2.7.conv2,128,128,3,1,1,0.5967647969722748,0.004519769579383716,0.3695377592971156,l40s
resnet152,gemm,270,layer2.7.conv3,128,512,1,1,0,0.8154912024736405,0.00818874778935588,0.5049808454144123,l40s
resnet152,gemm,270,layer3.0.conv1,512,256,1,1,0,0.9939392030239105,0.010155102587758489,0.6154821260009429,l40s
resnet152,gemm,270,layer3.0.conv2,256,256,3,2,1,1.072244793176651,0.007969850530230463,0.6639717025850428,l40s
resnet152,gemm,270,layer3.0.conv3,256,1024,1,1,0,0.7916735976934433,0.007412597701286552,0.490232146518376,l40s
resnet152,gemm,270,layer3.0.downsample.0,512,1024,1,2,0,1.095708781480789,0.009983762603255043,0.678501429717201,l40s
resnet152,gemm,270,layer3.1.conv1,1024,256,1,1,0,0.8225871980190277,0.011048160236265607,0.5093749355268467,l40s
resnet152,gemm,270,layer3.1.conv2,256,256,3,1,1,1.0090032130479814,0.007553854037056801,0.6248102910310646,l40s
resnet152,gemm,270,layer3.1.conv3,256,1024,1,1,0,0.7882191985845566,0.008820997449033063,0.48809306104803246,l40s
resnet152,gemm,270,layer3.2.conv1,1024,256,1,1,0,0.8121600031852723,0.006613398200950658,0.502918049607687,l40s
resnet152,gemm,270,layer3.2.conv2,256,256,3,1,1,1.004273596405983,0.009251107808850927,0.6218815459960259,l40s
resnet152,gemm,270,layer3.2.conv3,256,1024,1,1,0,0.7863727957010269,0.006479638337393275,0.4869497034173527,l40s
resnet152,gemm,270,layer3.3.conv1,1024,256,1,1,0,0.8190543949604034,0.008394536447046538,0.5071872995722032,l40s
resnet152,gemm,270,layer3.3.conv2,256,256,3,1,1,0.9967375934123993,0.007540517041282594,0.6172149877901224,l40s
resnet152,gemm,270,layer3.3.conv3,256,1024,1,1,0,0.7843360066413879,0.00748104314786138,0.48568845196773874,l40s
resnet152,gemm,270,layer3.4.conv1,1024,256,1,1,0,0.8107648015022277,0.007627672216412967,0.5020540916357428,l40s
resnet152,gemm,270,layer3.4.conv2,256,256,3,1,1,1.0017936080694199,0.008551863263401582,0.6203458499602909,l40s
resnet152,gemm,270,layer3.4.conv3,256,1024,1,1,0,0.7815856039524078,0.009410107522581793,0.4839853058505295,l40s
resnet152,gemm,270,layer3.5.conv1,1024,256,1,1,0,0.819294399023056,0.009677819214624345,0.5073359185322773,l40s
resnet152,gemm,270,layer3.5.conv2,256,256,3,1,1,1.0020735949277877,0.011927093045547768,0.6205192276742559,l40s
resnet152,gemm,270,layer3.5.conv3,256,1024,1,1,0,0.7822767972946167,0.006016365465388068,0.4844133170874806,l40s
resnet152,gemm,270,layer3.6.conv1,1024,256,1,1,0,0.811904001235962,0.007820706080089012,0.502759524193313,l40s
resnet152,gemm,270,layer3.6.conv2,256,256,3,1,1,1.0008592098951339,0.008378474322302968,0.6197672377342198,l40s
resnet152,gemm,270,layer3.6.conv3,256,1024,1,1,0,0.7834208011627197,0.007319174653956952,0.4851217245340842,l40s
resnet152,gemm,270,layer3.7.conv1,1024,256,1,1,0,0.8191311955451965,0.007478714817709694,0.5072348571965154,l40s
resnet152,gemm,270,layer3.7.conv2,256,256,3,1,1,0.9961551994085311,0.007091620216090066,0.6168543489315479,l40s
resnet152,gemm,270,layer3.7.conv3,256,1024,1,1,0,0.7838111996650696,0.008630439837176575,0.48536347302280747,l40s
resnet152,gemm,270,layer3.8.conv1,1024,256,1,1,0,0.8104896038770676,0.006533299961254555,0.5018836795834879,l40s
resnet152,gemm,270,layer3.8.conv2,256,256,3,1,1,1.001881605386734,0.007342818925915117,0.6204003409953341,l40s
resnet152,gemm,270,layer3.8.conv3,256,1024,1,1,0,0.780105608701706,0.008239958091453507,0.48306884071805267,l40s
resnet152,gemm,270,layer3.9.conv1,1024,256,1,1,0,0.8178416043519974,0.008750588115678585,0.5064362969557608,l40s
resnet152,gemm,270,layer3.9.conv2,256,256,3,1,1,1.0006320029497147,0.007425800851220083,0.6196265431993998,l40s
resnet152,gemm,270,layer3.9.conv3,256,1024,1,1,0,0.7828176021575928,0.006027009428183865,0.48474820248671174,l40s
resnet152,gemm,270,layer3.10.conv1,1024,256,1,1,0,0.8123631983995437,0.0073937896404138205,0.503043875233734,l40s
resnet152,gemm,270,layer3.10.conv2,256,256,3,1,1,1.0028704077005386,0.006466220294427904,0.6210126421787904,l40s
resnet152,gemm,270,layer3.10.conv3,256,1024,1,1,0,0.7846960008144379,0.008166018566568099,0.48591137302599124,l40s
resnet152,gemm,270,layer3.11.conv1,1024,256,1,1,0,0.8159328073263168,0.007910831870677827,0.5052543026769397,l40s
resnet152,gemm,270,layer3.11.conv2,256,256,3,1,1,0.9995584070682526,0.008428249405847662,0.6189617348554108,l40s
resnet152,gemm,270,layer3.11.conv3,256,1024,1,1,0,0.7868944078683853,0.007419650825858895,0.4872727040241675,l40s
resnet152,gemm,270,layer3.12.conv1,1024,256,1,1,0,0.81180320084095,0.005438576464542894,0.5026971050420863,l40s
resnet152,gemm,270,layer3.12.conv2,256,256,3,1,1,1.0011727958917618,0.010721603802158568,0.6199614212167723,l40s
resnet152,gemm,270,layer3.12.conv3,256,1024,1,1,0,0.7853488057851792,0.00794553121275792,0.4863156128326449,l40s
resnet152,gemm,270,layer3.13.conv1,1024,256,1,1,0,0.8206863969564437,0.006278525375945173,0.5081978926297109,l40s
resnet152,gemm,270,layer3.13.conv2,256,256,3,1,1,0.9977616131305694,0.00567358873105349,0.6178490968294769,l40s
resnet152,gemm,270,layer3.13.conv3,256,1024,1,1,0,0.7823679983615875,0.008884901456302954,0.4844697919970344,l40s
resnet152,gemm,270,layer3.14.conv1,1024,256,1,1,0,0.8139968007802963,0.011624261196252261,0.5040554593057646,l40s
resnet152,gemm,270,layer3.14.conv2,256,256,3,1,1,1.003041610121727,0.008043573463186845,0.6211186567417023,l40s
resnet152,gemm,270,layer3.14.conv3,256,1024,1,1,0,0.7788192003965377,0.006194667939389414,0.48227225143355573,l40s
resnet152,gemm,270,layer3.15.conv1,1024,256,1,1,0,0.8169824033975601,0.007328251188118289,0.5059042494940145,l40s
resnet152,gemm,270,layer3.15.conv2,256,256,3,1,1,0.9965392053127289,0.007736077795890713,0.6170921388985735,l40s
resnet152,gemm,270,layer3.15.conv3,256,1024,1,1,0,0.78508640229702,0.009931428859098996,0.4861531233601792,l40s
resnet152,gemm,270,layer3.16.conv1,1024,256,1,1,0,0.8097199916839599,0.0074865925660090454,0.5014071086349137,l40s
resnet152,gemm,270,layer3.16.conv2,256,256,3,1,1,0.9955119997262954,0.006407663468245197,0.6164560570574965,l40s
resnet152,gemm,270,layer3.16.conv3,256,1024,1,1,0,0.7828720003366471,0.008217499797294373,0.4847818877531678,l40s
resnet152,gemm,270,layer3.17.conv1,1024,256,1,1,0,0.8234576046466827,0.009888359598031086,0.509913921935718,l40s
resnet152,gemm,270,layer3.17.conv2,256,256,3,1,1,0.9981151998043061,0.007755663101247531,0.6180680501387084,l40s
resnet152,gemm,270,layer3.17.conv3,256,1024,1,1,0,0.7813519984483719,0.00882769092699344,0.48384064910308244,l40s
resnet152,gemm,270,layer3.18.conv1,1024,256,1,1,0,0.8099456071853638,0.007381408322133595,0.5015468176916048,l40s
resnet152,gemm,270,layer3.18.conv2,256,256,3,1,1,1.0016207993030548,0.010484051953408919,0.6202388406919268,l40s
resnet152,gemm,270,layer3.18.conv3,256,1024,1,1,0,0.7812255978584289,0.008922942253755152,0.4837623774104184,l40s
resnet152,gemm,270,layer3.19.conv1,1024,256,1,1,0,0.8165136039257049,0.006915265665322046,0.505613952366456,l40s
resnet152,gemm,270,layer3.19.conv2,256,256,3,1,1,0.9994335949420929,0.006686925037969535,0.618884446795411,l40s
resnet152,gemm,270,layer3.19.conv3,256,1024,1,1,0,0.7818463981151581,0.006289051325386934,0.48414679877207834,l40s
resnet152,gemm,270,layer3.20.conv1,1024,256,1,1,0,0.8110576063394547,0.008514728866584175,0.5022354066932146,l40s
resnet152,gemm,270,layer3.20.conv2,256,256,3,1,1,1.0008528113365174,0.01073649858442568,0.6197632755215928,l40s
resnet152,gemm,270,layer3.20.conv3,256,1024,1,1,0,0.7851167976856231,0.007288043942934102,0.48617194525425605,l40s
resnet152,gemm,270,layer3.21.conv1,1024,256,1,1,0,0.8198175966739655,0.007767372201688566,0.5076599009262917,l40s
resnet152,gemm,270,layer3.21.conv2,256,256,3,1,1,0.9987151980400085,0.012543492329396453,0.618439590157035,l40s
resnet152,gemm,270,layer3.21.conv3,256,1024,1,1,0,0.7845296055078507,0.007869586073119512,0.4858083351975775,l40s
resnet152,gemm,270,layer3.22.conv1,1024,256,1,1,0,0.8126672029495239,0.005360181592774528,0.5032321255474015,l40s
resnet152,gemm,270,layer3.22.conv2,256,256,3,1,1,0.9993168026208877,0.00796031874962287,0.6188121248808137,l40s
resnet152,gemm,270,layer3.22.conv3,256,1024,1,1,0,0.7792287945747376,0.007805411935116884,0.48252588656016016,l40s
resnet152,gemm,270,layer3.23.conv1,1024,256,1,1,0,0.8187583953142166,0.009961840436910126,0.5070040061766149,l40s
resnet152,gemm,270,layer3.23.conv2,256,256,3,1,1,0.9933871924877167,0.007413488010429427,0.6151403016545866,l40s
resnet152,gemm,270,layer3.23.conv3,256,1024,1,1,0,0.78231840133667,0.00717294821349284,0.48443907977414724,l40s
resnet152,gemm,270,layer3.24.conv1,1024,256,1,1,0,0.8099535971879959,0.007709344675024435,0.5015517653823608,l40s
resnet152,gemm,270,layer3.24.conv2,256,256,3,1,1,0.9990400046110153,0.008262379462772933,0.6186407218140357,l40s
resnet152,gemm,270,layer3.24.conv3,256,1024,1,1,0,0.7810255944728851,0.005450215444046459,0.4836385282770233,l40s
resnet152,gemm,270,layer3.25.conv1,1024,256,1,1,0,0.8167184054851532,0.009141296758110441,0.5057407726979551,l40s
resnet152,gemm,270,layer3.25.conv2,256,256,3,1,1,0.9977103978395462,0.008171996459725004,0.6178173825192788,l40s
resnet152,gemm,270,layer3.25.conv3,256,1024,1,1,0,0.7806128054857254,0.009356312850539658,0.48338291481230244,l40s
resnet152,gemm,270,layer3.26.conv1,1024,256,1,1,0,0.8095407962799073,0.009911883490465423,0.5012961445357813,l40s
resnet152,gemm,270,layer3.26.conv2,256,256,3,1,1,0.9983168095350266,0.007052137828473253,0.6181928939775556,l40s
resnet152,gemm,270,layer3.26.conv3,256,1024,1,1,0,0.7804864019155502,0.00805859884190294,0.4833046412741737,l40s
resnet152,gemm,270,layer3.27.conv1,1024,256,1,1,0,0.8194639921188355,0.005231380852778184,0.5074409365442724,l40s
resnet152,gemm,270,layer3.27.conv2,256,256,3,1,1,0.994036790728569,0.007832047517723616,0.615542555741265,l40s
resnet152,gemm,270,layer3.27.conv3,256,1024,1,1,0,0.7821312069892883,0.009193164054606169,0.4843231624478648,l40s
resnet152,gemm,270,layer3.28.conv1,1024,256,1,1,0,0.8129328042268753,0.00861379689544802,0.5033965952034483,l40s
resnet152,gemm,270,layer3.28.conv2,256,256,3,1,1,1.004171195626259,0.008410566908971134,0.6218181358302763,l40s
resnet152,gemm,270,layer3.28.conv3,256,1024,1,1,0,0.7822800010442734,0.008042069899195835,0.4844153009619911,l40s
resnet152,gemm,270,layer3.29.conv1,1024,256,1,1,0,0.8155263960361481,0.007037278883166173,0.5050026385065933,l40s
resnet152,gemm,270,layer3.29.conv2,256,256,3,1,1,0.9983664005994797,0.009269364628599836,0.6182236025095136,l40s
resnet152,gemm,270,layer3.29.conv3,256,1024,1,1,0,0.7797199934720993,0.00842508764585601,0.4828300542001101,l40s
resnet152,gemm,270,layer3.30.conv1,1024,256,1,1,0,0.812051197886467,0.008449574262159603,0.5028506735383811,l40s
resnet152,gemm,270,layer3.30.conv2,256,256,3,1,1,0.9941520005464554,0.006176317901895387,0.6156138977141272,l40s
resnet152,gemm,270,layer3.30.conv3,256,1024,1,1,0,0.7824064016342163,0.009268416614992125,0.4844935726546551,l40s
resnet152,gemm,270,layer3.31.conv1,1024,256,1,1,0,0.8233648002147674,0.008491014653416371,0.5098564541661768,l40s
resnet152,gemm,270,layer3.31.conv2,256,256,3,1,1,0.9950256019830703,0.006427653118899179,0.6161548624611153,l40s
resnet152,gemm,270,layer3.31.conv3,256,1024,1,1,0,0.7808303982019424,0.007810753311657622,0.48351765587812634,l40s
resnet152,gemm,270,layer3.32.conv1,1024,256,1,1,0,0.8112640023231507,0.009100827819578928,0.5023632143483074,l40s
resnet152,gemm,270,layer3.32.conv2,256,256,3,1,1,1.0002767890691757,0.006788628682580656,0.6194065822664635,l40s
resnet152,gemm,270,layer3.32.conv3,256,1024,1,1,0,0.7831151992082596,0.006272531381714206,0.48493248505135833,l40s
resnet152,gemm,270,layer3.33.conv1,1024,256,1,1,0,0.8143263995647431,0.005815439628927339,0.5042595584699401,l40s
resnet152,gemm,270,layer3.33.conv2,256,256,3,1,1,0.9944271951913833,0.008005708150386084,0.6157843079209177,l40s
resnet152,gemm,270,layer3.33.conv3,256,1024,1,1,0,0.7849727988243103,0.009609819699139302,0.4860827760927691,l40s
resnet152,gemm,270,layer3.34.conv1,1024,256,1,1,0,0.813075190782547,0.007545558601665692,0.5034847659685535,l40s
resnet152,gemm,270,layer3.34.conv2,256,256,3,1,1,0.9958303958177567,0.0070885830411634865,0.6166532191200117,l40s
resnet152,gemm,270,layer3.34.conv3,256,1024,1,1,0,0.7809487998485565,0.008806973240250317,0.48359097434364046,l40s
resnet152,gemm,270,layer3.35.conv1,1024,256,1,1,0,0.8199856013059617,0.005865659794492548,0.5077639353056224,l40s
resnet152,gemm,270,layer3.35.conv2,256,256,3,1,1,0.9999440014362335,0.006945637448200849,0.6192005084551007,l40s
resnet152,gemm,270,layer3.35.conv3,256,1024,1,1,0,0.7809999942779541,0.009102704540254006,0.4836226757355859,l40s
resnet152,gemm,270,layer4.0.conv1,1024,512,1,1,0,0.9840240061283112,0.008580019090677772,0.6093422872196018,l40s
resnet152,gemm,270,layer4.0.conv2,512,512,3,2,1,1.7142847955226899,0.008846841769359232,1.0615454620457452,l40s
resnet152,gemm,270,layer4.0.conv3,512,2048,1,1,0,0.9293536007404327,0.006492008198720066,0.5754884486396425,l40s
resnet152,gemm,270,layer4.0.downsample.0,1024,2048,1,2,0,1.5052208125591278,0.011252000089972776,0.9320856879336432,l40s
resnet152,gemm,270,layer4.1.conv1,2048,512,1,1,0,1.0128112018108368,0.01012591584035117,0.6271683316561042,l40s
resnet152,gemm,270,layer4.1.conv2,512,512,3,1,1,1.5496080040931701,0.0070954967049754285,0.9595717986831417,l40s
resnet152,gemm,270,layer4.1.conv3,512,2048,1,1,0,0.9329135984182357,0.006535464544204799,0.5776929244593169,l40s
resnet152,gemm,270,layer4.2.conv1,2048,512,1,1,0,1.003198403120041,0.009197243937968365,0.6212157484829786,l40s
resnet152,gemm,270,layer4.2.conv2,512,512,3,1,1,1.5462816119194032,0.007449307347326935,0.9575119796109144,l40s
resnet152,gemm,270,layer4.2.conv3,512,2048,1,1,0,0.9294319987297058,0.005602812005506428,0.5755369954330131,l40s
resnet152,gemm,273,conv1,3,64,7,2,3,1.0622464001178742,0.013634163684290226,0.6701349792447002,l40s
resnet152,gemm,273,layer1.0.conv1,64,64,1,1,0,0.6592799991369247,0.005600996303612114,0.4159172377416795,l40s
resnet152,gemm,273,layer1.0.conv2,64,64,3,1,1,0.8156720072031021,0.0050733510562731505,0.5145796150091713,l40s
resnet152,gemm,273,layer1.0.conv3,64,256,1,1,0,1.2493999898433685,0.009607841335390877,0.7882037879056173,l40s
resnet152,gemm,273,layer1.0.downsample.0,64,256,1,1,0,1.0710831940174104,0.05431579209673702,0.6757098107487639,l40s
resnet152,gemm,273,layer1.1.conv1,256,64,1,1,0,0.9920528024435044,0.008790346738371382,0.6258522355089673,l40s
resnet152,gemm,273,layer1.1.conv2,64,64,3,1,1,0.7946224004030228,0.005628192400051051,0.5013001369007823,l40s
resnet152,gemm,273,layer1.1.conv3,64,256,1,1,0,1.0090352088212966,0.007778479315270966,0.6365658557615226,l40s
resnet152,gemm,273,layer1.2.conv1,256,64,1,1,0,0.9999728083610535,0.00875227662790326,0.6308486967825341,l40s
resnet152,gemm,273,layer1.2.conv2,64,64,3,1,1,0.7974447965621948,0.008818296095372671,0.5030806902557641,l40s
resnet152,gemm,273,layer1.2.conv3,64,256,1,1,0,1.0076384007930757,0.007822265623815591,0.6356846572760331,l40s
resnet152,gemm,273,layer2.0.conv1,256,128,1,1,0,1.515696007013321,0.009227768103082564,0.9562008514111561,l40s
resnet152,gemm,273,layer2.0.conv2,128,128,3,2,1,0.9222111940383911,0.010569863683907011,0.5817915497831475,l40s
resnet152,gemm,273,layer2.0.conv3,128,512,1,1,0,0.8984223961830139,0.005339076391689648,0.5667840095784449,l40s
resnet152,gemm,273,layer2.0.downsample.0,256,512,1,2,0,1.3868591964244843,0.009064353905591129,0.874922107251305,l40s
resnet152,gemm,273,layer2.1.conv1,512,128,1,1,0,0.937273594737053,0.012913547056915034,0.5912939040189003,l40s
resnet152,gemm,273,layer2.1.conv2,128,128,3,1,1,0.636323195695877,0.006748814363404153,0.4014345744012492,l40s
resnet152,gemm,273,layer2.1.conv3,128,512,1,1,0,0.9571631997823715,0.0077701283606414415,0.603841576633042,l40s
resnet152,gemm,273,layer2.2.conv1,512,128,1,1,0,0.9294912099838257,0.00946702058692912,0.5863842632382871,l40s
resnet152,gemm,273,layer2.2.conv2,128,128,3,1,1,0.6311391979455948,0.00710662147411758,0.3981641672486296,l40s
resnet152,gemm,273,layer2.2.conv3,128,512,1,1,0,0.9540239959955216,0.007155776766186531,0.6018611601644034,l40s
resnet152,gemm,273,layer2.3.conv1,512,128,1,1,0,0.9281856030225754,0.007810161632240243,0.5855606003915294,l40s
resnet152,gemm,273,layer2.3.conv2,128,128,3,1,1,0.6284064054489136,0.009850505076010003,0.3964401417844432,l40s
resnet152,gemm,273,layer2.3.conv3,128,512,1,1,0,0.9515839993953705,0.008386185812647771,0.6003218496326681,l40s
resnet152,gemm,273,layer2.4.conv1,512,128,1,1,0,0.935478401184082,0.009310577493363883,0.5901613777102896,l40s
resnet152,gemm,273,layer2.4.conv2,128,128,3,1,1,0.6277599990367889,0.007093249733723629,0.39603234605312815,l40s
resnet152,gemm,273,layer2.4.conv3,128,512,1,1,0,0.9464096009731293,0.009449708365058887,0.5970574983683027,l40s
resnet152,gemm,273,layer2.5.conv1,512,128,1,1,0,0.9267935991287232,0.007868933443645549,0.5846824326703569,l40s
resnet152,gemm,273,layer2.5.conv2,128,128,3,1,1,0.6290624022483826,0.007730604467947903,0.3968539877636321,l40s
resnet152,gemm,273,layer2.5.conv3,128,512,1,1,0,0.9494255989789963,0.006997576567674326,0.5989601885170661,l40s
resnet152,gemm,273,layer2.6.conv1,512,128,1,1,0,0.9321088016033172,0.01060012496501194,0.5880356124030425,l40s
resnet152,gemm,273,layer2.6.conv2,128,128,3,1,1,0.6247151970863343,0.007312543122464758,0.3941114844793486,l40s
resnet152,gemm,273,layer2.6.conv3,128,512,1,1,0,0.950231996178627,0.008464147721309555,0.5994689169727027,l40s
resnet152,gemm,273,layer2.7.conv1,512,128,1,1,0,0.9270672053098679,0.008385908885576844,0.5848550414666798,l40s
resnet152,gemm,273,layer2.7.conv2,128,128,3,1,1,0.628132802248001,0.006618317891266651,0.39626753486824706,l40s
resnet152,gemm,273,layer2.7.conv3,128,512,1,1,0,0.9527823984622955,0.009480758789159091,0.601077878679932,l40s
resnet152,gemm,273,layer3.0.conv1,512,256,1,1,0,1.0256463885307312,0.008213783887155542,0.6470452817860087,l40s
resnet152,gemm,273,layer3.0.conv2,256,256,3,2,1,1.0694608092308044,0.008590355243420741,0.6746863035896167,l40s
resnet152,gemm,273,layer3.0.conv3,256,1024,1,1,0,0.7395663946866989,0.006440592256757923,0.4665671829986457,l40s
resnet152,gemm,273,layer3.0.downsample.0,512,1024,1,2,0,1.126308798789978,0.0075330912838390465,0.7105497589038566,l40s
resnet152,gemm,273,layer3.1.conv1,1024,256,1,1,0,0.8596496015787125,0.009980840513750555,0.5423235775124674,l40s
resnet152,gemm,273,layer3.1.conv2,256,256,3,1,1,1.0171248018741608,0.006690640493981058,0.6416693037675386,l40s
resnet152,gemm,273,layer3.1.conv3,256,1024,1,1,0,0.7192480057477951,0.006577865039718141,0.45374900526855677,l40s
resnet152,gemm,273,layer3.2.conv1,1024,256,1,1,0,0.8485184013843536,0.008376716325998412,0.5353012834285452,l40s
resnet152,gemm,273,layer3.2.conv2,256,256,3,1,1,1.010419201850891,0.00946093966462552,0.6374389697019975,l40s
resnet152,gemm,273,layer3.2.conv3,256,1024,1,1,0,0.7202224016189576,0.006769295005159912,0.454363718349086,l40s
resnet152,gemm,273,layer3.3.conv1,1024,256,1,1,0,0.8507791996002197,0.009327232336348162,0.5367275438190703,l40s
resnet152,gemm,273,layer3.3.conv2,256,256,3,1,1,1.0047855973243713,0.008101335176212046,0.6338849209878449,l40s
resnet152,gemm,273,layer3.3.conv3,256,1024,1,1,0,0.7180768013000488,0.008305733535797501,0.45301013237786525,l40s
resnet152,gemm,273,layer3.4.conv1,1024,256,1,1,0,0.8509391993284225,0.010341024223801367,0.5368284821837721,l40s
resnet152,gemm,273,layer3.4.conv2,256,256,3,1,1,1.005150392651558,0.007616121335879242,0.6341150579023928,l40s
resnet152,gemm,273,layer3.4.conv3,256,1024,1,1,0,0.7164447993040085,0.010052603942819382,0.45198055804970333,l40s
resnet152,gemm,273,layer3.5.conv1,1024,256,1,1,0,0.8549215942621231,0.009833642174898486,0.539340839152874,l40s
resnet152,gemm,273,layer3.5.conv2,256,256,3,1,1,1.009385597705841,0.008665610628915714,0.6367869041433724,l40s
resnet152,gemm,273,layer3.5.conv3,256,1024,1,1,0,0.7164048045873642,0.009226040151968491,0.45195532674874966,l40s
resnet152,gemm,273,layer3.6.conv1,1024,256,1,1,0,0.8484095931053162,0.011482539127699438,0.535232640000988,l40s
resnet152,gemm,273,layer3.6.conv2,256,256,3,1,1,1.007174402475357,0.008429628931456629,0.6353919365824355,l40s
resnet152,gemm,273,layer3.6.conv3,256,1024,1,1,0,0.7171440094709396,0.008886122090149357,0.4524216658667334,l40s
resnet152,gemm,273,layer3.7.conv1,1024,256,1,1,0,0.8534975975751877,0.010411595556730198,0.5384424882710654,l40s
resnet152,gemm,273,layer3.7.conv2,256,256,3,1,1,1.0093519896268845,0.0094449061584761,0.636765701954039,l40s
resnet152,gemm,273,layer3.7.conv3,256,1024,1,1,0,0.7193920016288757,0.008942769494427908,0.4538398473526236,l40s
resnet152,gemm,273,layer3.8.conv1,1024,256,1,1,0,0.8522719949483871,0.010209363683062925,0.5376692974268488,l40s
resnet152,gemm,273,layer3.8.conv2,256,256,3,1,1,1.0055968075990678,0.008579602728368496,0.634396685848179,l40s
resnet152,gemm,273,layer3.8.conv3,256,1024,1,1,0,0.7155807971954345,0.006774495427766584,0.45143548862416105,l40s
resnet152,gemm,273,layer3.9.conv1,1024,256,1,1,0,0.8517231971025467,0.012228080400781582,0.5373230796067733,l40s
resnet152,gemm,273,layer3.9.conv2,256,256,3,1,1,1.0111648052930833,0.008237057685652934,0.6379093454521085,l40s
resnet152,gemm,273,layer3.9.conv3,256,1024,1,1,0,0.7120784014463425,0.009758621920630732,0.4492259467491647,l40s
resnet152,gemm,273,layer3.10.conv1,1024,256,1,1,0,0.8552672058343888,0.015915687937770193,0.5395588736915473,l40s
resnet152,gemm,273,layer3.10.conv2,256,256,3,1,1,1.0093519985675812,0.009575507357400969,0.6367657075944192,l40s
resnet152,gemm,273,layer3.10.conv3,256,1024,1,1,0,0.7199184030294419,0.008181832604500488,0.45417193602019046,l40s
resnet152,gemm,273,layer3.11.conv1,1024,256,1,1,0,0.8487935990095139,0.007908055316515585,0.5354748962125514,l40s
resnet152,gemm,273,layer3.11.conv2,256,256,3,1,1,1.0049087941646575,0.009760610962793887,0.6339626416673398,l40s
resnet152,gemm,273,layer3.11.conv3,256,1024,1,1,0,0.7174896001815796,0.01103112931144038,0.45263968724451936,l40s
resnet152,gemm,273,layer3.12.conv1,1024,256,1,1,0,0.8526944041252136,0.012239914145573872,0.5379357809516825,l40s
resnet152,gemm,273,layer3.12.conv2,256,256,3,1,1,1.010262405872345,0.010257539444300542,0.6373400524735494,l40s
resnet152,gemm,273,layer3.12.conv3,256,1024,1,1,0,0.7169983983039856,0.008033414510580284,0.4523298047539692,l40s
resnet152,gemm,273,layer3.13.conv1,1024,256,1,1,0,0.8541919976472855,0.010379739920323861,0.5388805615635248,l40s
resnet152,gemm,273,layer3.13.conv2,256,256,3,1,1,1.008841609954834,0.008233023652173533,0.6364437208478677,l40s
resnet152,gemm,273,layer3.13.conv3,256,1024,1,1,0,0.7186143964529037,0.009147540848592293,0.4533492828014962,l40s
resnet152,gemm,273,layer3.14.conv1,1024,256,1,1,0,0.848201596736908,0.009612868362062925,0.535101422195015,l40s
resnet152,gemm,273,layer3.14.conv2,256,256,3,1,1,1.0109551966190338,0.010794030002098968,0.6377771104975649,l40s
resnet152,gemm,273,layer3.14.conv3,256,1024,1,1,0,0.7194256007671356,0.006405031349711549,0.45386104390157683,l40s
resnet152,gemm,273,layer3.15.conv1,1024,256,1,1,0,0.848471999168396,0.00887274611403451,0.5352720098550842,l40s
resnet152,gemm,273,layer3.15.conv2,256,256,3,1,1,1.000848004221916,0.006107668068642406,0.6314008279641405,l40s
resnet152,gemm,273,layer3.15.conv3,256,1024,1,1,0,0.7180592060089112,0.009368189458619775,0.452999032109547,l40s
resnet152,gemm,273,layer3.16.conv1,1024,256,1,1,0,0.8467503964900971,0.008450413572804292,0.5341859095162537,l40s
resnet152,gemm,273,layer3.16.conv2,256,256,3,1,1,1.0077472090721131,0.014880662502620746,0.6357533007035903,l40s
resnet152,gemm,273,layer3.16.conv3,256,1024,1,1,0,0.7158800035715103,0.008352289614183559,0.4516242477092463,l40s
resnet152,gemm,273,layer3.17.conv1,1024,256,1,1,0,0.8536416023969651,0.009532150605170181,0.5385333359955126,l40s
resnet152,gemm,273,layer3.17.conv2,256,256,3,1,1,1.0073760062456132,0.008030082004009792,0.6355191215165349,l40s
resnet152,gemm,273,layer3.17.conv3,256,1024,1,1,0,0.7208143979310989,0.0071943880633367615,0.4547371886063688,l40s
resnet152,gemm,273,layer3.18.conv1,1024,256,1,1,0,0.8510335981845856,0.01008957216253122,0.5368880351985044,l40s
resnet152,gemm,273,layer3.18.conv2,256,256,3,1,1,1.0043600052595139,0.00725996942445785,0.6336164294876446,l40s
resnet152,gemm,273,layer3.18.conv3,256,1024,1,1,0,0.7143952041864395,0.008850680843661165,0.4506875384815318,l40s
resnet152,gemm,273,layer3.19.conv1,1024,256,1,1,0,0.8544143944978714,0.007793933729864264,0.5390208641419425,l40s
resnet152,gemm,273,layer3.19.conv2,256,256,3,1,1,1.003955215215683,0.005487026211916933,0.6333610612721431,l40s
resnet152,gemm,273,layer3.19.conv3,256,1024,1,1,0,0.7146384000778199,0.007020473353499457,0.45084096246452154,l40s
resnet152,gemm,273,layer3.20.conv1,1024,256,1,1,0,0.8494032025337219,0.008375170530801397,0.5358594742586594,l40s
resnet152,gemm,273,layer3.20.conv2,256,256,3,1,1,1.005748799443245,0.009798110063311527,0.6344925723123099,l40s
resnet152,gemm,273,layer3.20.conv3,256,1024,1,1,0,0.7168592035770416,0.009041204355333446,0.4522419915540927,l40s
resnet152,gemm,273,layer3.21.conv1,1024,256,1,1,0,0.8529551982879638,0.009107394463106388,0.5381003070831172,l40s
resnet152,gemm,273,layer3.21.conv2,256,256,3,1,1,1.007318389415741,0.009630486753787507,0.6354827730261222,l40s
resnet152,gemm,273,layer3.21.conv3,256,1024,1,1,0,0.7151600003242493,0.006578537116674016,0.45117002224789776,l40s
resnet152,gemm,273,layer3.22.conv1,1024,256,1,1,0,0.8474335998296738,0.009358939313274922,0.5346169191725221,l40s
resnet152,gemm,273,layer3.22.conv2,256,256,3,1,1,1.0067392081022262,0.010015640211298525,0.6351173873138543,l40s
resnet152,gemm,273,layer3.22.conv3,256,1024,1,1,0,0.7160432010889053,0.008121594927080941,0.45172720344994843,l40s
resnet152,gemm,273,layer3.23.conv1,1024,256,1,1,0,0.8475071996450424,0.008595544461181503,0.5346633507826823,l40s
resnet152,gemm,273,layer3.23.conv2,256,256,3,1,1,1.0043279945850372,0.010527096596550385,0.6335962350462478,l40s
resnet152,gemm,273,layer3.23.conv3,256,1024,1,1,0,0.7172032028436661,0.00856702836629179,0.4524590089441955,l40s
resnet152,gemm,273,layer3.24.conv1,1024,256,1,1,0,0.8514943987131118,0.008074097120189888,0.5371787385161015,l40s
resnet152,gemm,273,layer3.24.conv2,256,256,3,1,1,1.0062384068965913,0.009497672351850844,0.63480144893505,l40s
resnet152,gemm,273,layer3.24.conv3,256,1024,1,1,0,0.7160112023353576,0.006536758313902632,0.45170701652905876,l40s
resnet152,gemm,273,layer3.25.conv1,1024,256,1,1,0,0.8498240023851394,0.009906802002560956,0.5361249425150495,l40s
resnet152,gemm,273,layer3.25.conv2,256,256,3,1,1,1.0050271987915038,0.008450413290562358,0.6340373391030245,l40s
resnet152,gemm,273,layer3.25.conv3,256,1024,1,1,0,0.7131920009851456,0.0074933063450001005,0.4499284786699506,l40s
resnet152,gemm,273,layer3.26.conv1,1024,256,1,1,0,0.8501376032829284,0.008489056594068975,0.5363227826123259,l40s
resnet152,gemm,273,layer3.26.conv2,256,256,3,1,1,1.0046320021152497,0.008358219720571094,0.6337880230155237,l40s
resnet152,gemm,273,layer3.26.conv3,256,1024,1,1,0,0.718480008840561,0.007315171936895332,0.45326450224606374,l40s
resnet152,gemm,273,layer3.27.conv1,1024,256,1,1,0,0.8507264077663421,0.00981406355197634,0.5366942392538621,l40s
resnet152,gemm,273,layer3.27.conv2,256,256,3,1,1,1.0058399945497514,0.006597134921663816,0.6345501041907885,l40s
resnet152,gemm,273,layer3.27.conv3,256,1024,1,1,0,0.7147647947072983,0.007691049778677076,0.4509207005200167,l40s
resnet152,gemm,273,layer3.28.conv1,1024,256,1,1,0,0.8504048019647599,0.009645280342254287,0.5364913491361414,l40s
resnet152,gemm,273,layer3.28.conv2,256,256,3,1,1,1.0054816097021102,0.0077217468207760485,0.6343240114288747,l40s
resnet152,gemm,273,layer3.28.conv3,256,1024,1,1,0,0.7154191941022873,0.008408838312999396,0.4513335387512689,l40s
resnet152,gemm,273,layer3.29.conv1,1024,256,1,1,0,0.8435263991355896,0.010841883240015948,0.5321519996813904,l40s
resnet152,gemm,273,layer3.29.conv2,256,256,3,1,1,1.0058095902204514,0.008731072715572967,0.6345309231377088,l40s
resnet152,gemm,273,layer3.29.conv3,256,1024,1,1,0,0.7151200026273727,0.00836080266120724,0.4511447890668174,l40s
resnet152,gemm,273,layer3.30.conv1,1024,256,1,1,0,0.8494927972555161,0.00981004371876111,0.5359159965090745,l40s
resnet152,gemm,273,layer3.30.conv2,256,256,3,1,1,1.0037264078855515,0.010381485195149068,0.6332167145410911,l40s
resnet152,gemm,273,layer3.30.conv3,256,1024,1,1,0,0.7193968057632446,0.008651317718786215,0.45384287811694085,l40s
resnet152,gemm,273,layer3.31.conv1,1024,256,1,1,0,0.850737601518631,0.007814640662356652,0.5367013010099264,l40s
resnet152,gemm,273,layer3.31.conv2,256,256,3,1,1,1.003289607167244,0.008814222105012348,0.6329411518841928,l40s
resnet152,gemm,273,layer3.31.conv3,256,1024,1,1,0,0.7173039972782135,0.008462284813418878,0.4525225967109282,l40s
resnet152,gemm,273,layer3.32.conv1,1024,256,1,1,0,0.8490735977888108,0.00977470590038617,0.535651537880748,l40s
resnet152,gemm,273,layer3.32.conv2,256,256,3,1,1,1.0058911949396134,0.006253188297116375,0.6345824047683133,l40s
resnet152,gemm,273,layer3.32.conv3,256,1024,1,1,0,0.7161839991807938,0.008846728171362714,0.4518160281580152,l40s
resnet152,gemm,273,layer3.33.conv1,1024,256,1,1,0,0.8510592013597489,0.011432754634960188,0.5369041873673935,l40s
resnet152,gemm,273,layer3.33.conv2,256,256,3,1,1,1.0075024038553237,0.007474409922649247,0.6355988614521567,l40s
resnet152,gemm,273,layer3.33.conv3,256,1024,1,1,0,0.7164351999759674,0.00791414813712995,0.451974502161449,l40s
resnet152,gemm,273,layer3.34.conv1,1024,256,1,1,0,0.8485135942697525,0.007523568372677372,0.5352982507841012,l40s
resnet152,gemm,273,layer3.34.conv2,256,256,3,1,1,1.0083328098058701,0.012082871436959313,0.6361227362088727,l40s
resnet152,gemm,273,layer3.34.conv3,256,1024,1,1,0,0.7181984007358551,0.006711875357561929,0.45308684530942345,l40s
resnet152,gemm,273,layer3.35.conv1,1024,256,1,1,0,0.8485599964857101,0.006801217310781412,0.5353275243575625,l40s
resnet152,gemm,273,layer3.35.conv2,256,256,3,1,1,1.0019871979951858,0.008871045566108965,0.6321195064134353,l40s
resnet152,gemm,273,layer3.35.conv3,256,1024,1,1,0,0.7154911994934082,0.007777130413956039,0.4513789644936193,l40s
resnet152,gemm,273,layer4.0.conv1,1024,512,1,1,0,0.9786240011453629,0.010138795164109272,0.6173804633493134,l40s
resnet152,gemm,273,layer4.0.conv2,512,512,3,2,1,1.720252799987793,0.008697641420668527,1.085248746700892,l40s
resnet152,gemm,273,layer4.0.conv3,512,2048,1,1,0,0.9240416079759598,0.006590234101435225,0.582946295429662,l40s
resnet152,gemm,273,layer4.0.downsample.0,1024,2048,1,2,0,1.5116992056369782,0.012059819048075765,0.953679405909356,l40s
resnet152,gemm,273,layer4.1.conv1,2048,512,1,1,0,1.0119343996047974,0.00884892794963593,0.6383948562225382,l40s
resnet152,gemm,273,layer4.1.conv2,512,512,3,1,1,1.5534671902656556,0.009239375272096699,0.9800294010791448,l40s
resnet152,gemm,273,layer4.1.conv3,512,2048,1,1,0,0.9310863971710205,0.00972815265004985,0.5873906123607351,l40s
resnet152,gemm,273,layer4.2.conv1,2048,512,1,1,0,1.0051008075475694,0.008534345329806804,0.6340837763535652,l40s
resnet152,gemm,273,layer4.2.conv2,512,512,3,1,1,1.5485087931156158,0.011261530231216434,0.9769013176411967,l40s
resnet152,gemm,273,layer4.2.conv3,512,2048,1,1,0,0.9349088042974472,0.009462237688283746,0.5898020384856422,l40s
resnet152,gemm,276,conv1,3,64,7,2,3,1.066816008090973,0.014016165173089788,0.6396757804217511,l40s
resnet152,gemm,276,layer1.0.conv1,64,64,1,1,0,0.6902848035097122,0.005343882918051705,0.41390311642258026,l40s
resnet152,gemm,276,layer1.0.conv2,64,64,3,1,1,0.8624895960092545,0.007677387464692994,0.5171591926335373,l40s
resnet152,gemm,276,layer1.0.conv3,64,256,1,1,0,1.0389024078845979,0.04683207525324663,0.6229384481536071,l40s
resnet152,gemm,276,layer1.0.downsample.0,64,256,1,1,0,1.0396576046943664,0.00867751481968685,0.623391273294022,l40s
resnet152,gemm,276,layer1.1.conv1,256,64,1,1,0,1.0341104030609132,0.007046362463819399,0.6200651041072793,l40s
resnet152,gemm,276,layer1.1.conv2,64,64,3,1,1,0.8420816004276276,0.007715573135251998,0.504922311670454,l40s
resnet152,gemm,276,layer1.1.conv3,64,256,1,1,0,1.0045823931694031,0.006362286987455544,0.6023597522674125,l40s
resnet152,gemm,276,layer1.2.conv1,256,64,1,1,0,1.0302063941955566,0.007532202411063949,0.617724213176903,l40s
resnet152,gemm,276,layer1.2.conv2,64,64,3,1,1,0.836952006816864,0.007235674366521501,0.5018465453046275,l40s
resnet152,gemm,276,layer1.2.conv3,64,256,1,1,0,1.0109712153673172,0.010005026985964166,0.6061905673230842,l40s
resnet152,gemm,276,layer2.0.conv1,256,128,1,1,0,1.5450144052505492,0.011038609369273655,0.9264093226441487,l40s
resnet152,gemm,276,layer2.0.conv2,128,128,3,2,1,0.9213008016347886,0.010269181487227873,0.5524231027836833,l40s
resnet152,gemm,276,layer2.0.conv3,128,512,1,1,0,0.9100239992141723,0.008310475379879192,0.5456613956717158,l40s
resnet152,gemm,276,layer2.0.downsample.0,256,512,1,2,0,1.2785167932510375,0.009320774989295833,0.7666141314927015,l40s
resnet152,gemm,276,layer2.1.conv1,512,128,1,1,0,0.9339231967926025,0.010271269608924013,0.5599916435743441,l40s
resnet152,gemm,276,layer2.1.conv2,128,128,3,1,1,0.645475196838379,0.006437369366643809,0.3870347343393668,l40s
resnet152,gemm,276,layer2.1.conv3,128,512,1,1,0,0.8343488097190856,0.007448587488795824,0.5002856368419837,l40s
resnet152,gemm,276,layer2.2.conv1,512,128,1,1,0,0.9309263944625854,0.009213397175875897,0.558194724654226,l40s
resnet152,gemm,276,layer2.2.conv2,128,128,3,1,1,0.6353136003017426,0.005657786524757613,0.38094171816262645,l40s
resnet152,gemm,276,layer2.2.conv3,128,512,1,1,0,0.840419203042984,0.00800619507502024,0.5039255180937474,l40s
resnet152,gemm,276,layer2.3.conv1,512,128,1,1,0,0.9279679983854294,0.009302160261069333,0.5564208345878052,l40s
resnet152,gemm,276,layer2.3.conv2,128,128,3,1,1,0.6364464044570923,0.007415409709682468,0.3816209612341989,l40s
resnet152,gemm,276,layer2.3.conv3,128,512,1,1,0,0.8348608016967773,0.009726229409882194,0.5005926334237896,l40s
resnet152,gemm,276,layer2.4.conv1,512,128,1,1,0,0.9264128059148788,0.011948770258053304,0.5554883223741146,l40s
resnet152,gemm,276,layer2.4.conv2,128,128,3,1,1,0.6347824066877366,0.00676691187155846,0.38062320804746386,l40s
resnet152,gemm,276,layer2.4.conv3,128,512,1,1,0,0.8331039935350418,0.008470105904207154,0.4995392300033436,l40s
resnet152,gemm,276,layer2.5.conv1,512,128,1,1,0,0.9261503994464875,0.00844603133784483,0.5553309802821484,l40s
resnet152,gemm,276,layer2.5.conv2,128,128,3,1,1,0.6307504057884217,0.005707016098406598,0.3782055715456028,l40s
resnet152,gemm,276,layer2.5.conv3,128,512,1,1,0,0.8363871961832047,0.008660956510190748,0.5015078780179197,l40s
resnet152,gemm,276,layer2.6.conv1,512,128,1,1,0,0.927084794640541,0.010148999323816276,0.5558912549409888,l40s
resnet152,gemm,276,layer2.6.conv2,128,128,3,1,1,0.6349744021892547,0.005733469558886084,0.3807383308721493,l40s
resnet152,gemm,276,layer2.6.conv3,128,512,1,1,0,0.8335887938737869,0.007651012456246885,0.49982992214958394,l40s
resnet152,gemm,276,layer2.7.conv1,512,128,1,1,0,0.9261087983846664,0.011757973467138067,0.5553060357823613,l40s
resnet152,gemm,276,layer2.7.conv2,128,128,3,1,1,0.6330528020858764,0.006257171333884498,0.3795861162105165,l40s
resnet152,gemm,276,layer2.7.conv3,128,512,1,1,0,0.8382272005081177,0.0074355158690769365,0.5026111668639732,l40s
resnet152,gemm,276,layer3.0.conv1,512,256,1,1,0,1.0242271959781646,0.00925807639278234,0.6141390136139055,l40s
resnet152,gemm,276,layer3.0.conv2,256,256,3,2,1,1.0755584061145782,0.008050615040880654,0.6449178280064275,l40s
resnet152,gemm,276,layer3.0.conv3,256,1024,1,1,0,0.7436271995306015,0.009786911883162013,0.4458878621945229,l40s
resnet152,gemm,276,layer3.0.downsample.0,512,1024,1,2,0,1.127232015132904,0.00973086295356079,0.6759019489094832,l40s
resnet152,gemm,276,layer3.1.conv1,1024,256,1,1,0,0.8651839971542359,0.01078907479495421,0.518774788145897,l40s
resnet152,gemm,276,layer3.1.conv2,256,256,3,1,1,1.0188768029212951,0.009853342688097538,0.6109308532298664,l40s
resnet152,gemm,276,layer3.1.conv3,256,1024,1,1,0,0.7240655988454818,0.006832736259901487,0.4341584898476041,l40s
resnet152,gemm,276,layer3.2.conv1,1024,256,1,1,0,0.8523135930299759,0.009903525596082754,0.5110575381795586,l40s
resnet152,gemm,276,layer3.2.conv2,256,256,3,1,1,1.0090640097856522,0.00897407529874201,0.6050469837907566,l40s
resnet152,gemm,276,layer3.2.conv3,256,1024,1,1,0,0.7194991946220398,0.011035787923896678,0.43142041864957387,l40s
resnet152,gemm,276,layer3.3.conv1,1024,256,1,1,0,0.8548752069473267,0.009953706447467358,0.5125935128643149,l40s
resnet152,gemm,276,layer3.3.conv2,256,256,3,1,1,1.0101424008607864,0.00895753562337123,0.6056936001213653,l40s
resnet152,gemm,276,layer3.3.conv3,256,1024,1,1,0,0.7181504011154175,0.0070533757696251385,0.43061166575082394,l40s
resnet152,gemm,276,layer3.4.conv1,1024,256,1,1,0,0.8544176012277603,0.014189571690602679,0.5123191269406233,l40s
resnet152,gemm,276,layer3.4.conv2,256,256,3,1,1,1.0108080148696899,0.007884186452164056,0.6060927103309757,l40s
resnet152,gemm,276,layer3.4.conv3,256,1024,1,1,0,0.7195952028036118,0.008779586272286413,0.4314779863163582,l40s
resnet152,gemm,276,layer3.5.conv1,1024,256,1,1,0,0.8514335989952088,0.007657873570723166,0.5105298831137488,l40s
resnet152,gemm,276,layer3.5.conv2,256,256,3,1,1,1.0137232065200805,0.012308568223315896,0.607840694500598,l40s
resnet152,gemm,276,layer3.5.conv3,256,1024,1,1,0,0.716897600889206,0.00685652906627905,0.4298604715839418,l40s
resnet152,gemm,276,layer3.6.conv1,1024,256,1,1,0,0.8523551940917968,0.00984583817711136,0.5110824826793456,l40s
resnet152,gemm,276,layer3.6.conv2,256,256,3,1,1,1.008561611175537,0.009651074139548141,0.604745739508171,l40s
resnet152,gemm,276,layer3.6.conv3,256,1024,1,1,0,0.7186944007873535,0.008857844707578432,0.43093785453319655,l40s
resnet152,gemm,276,layer3.7.conv1,1024,256,1,1,0,0.8515983998775483,0.009852588539190988,0.5106286997158856,l40s
resnet152,gemm,276,layer3.7.conv2,256,256,3,1,1,1.0077952116727829,0.013075513610431768,0.6042861970975576,l40s
resnet152,gemm,276,layer3.7.conv3,256,1024,1,1,0,0.7170079976320267,0.008209508479475365,0.42992666680606473,l40s
resnet152,gemm,276,layer3.8.conv1,1024,256,1,1,0,0.8533056020736695,0.011186193750618181,0.5116523587994194,l40s
resnet152,gemm,276,layer3.8.conv2,256,256,3,1,1,1.0124079942703248,0.01008168202676363,0.6070520773295938,l40s
resnet152,gemm,276,layer3.8.conv3,256,1024,1,1,0,0.7168799996376037,0.008378522478790071,0.42984991766061326,l40s
resnet152,gemm,276,layer3.9.conv1,1024,256,1,1,0,0.8508592009544372,0.010066029864124373,0.5101854671017875,l40s
resnet152,gemm,276,layer3.9.conv2,256,256,3,1,1,1.0111583918333054,0.008161816679718093,0.6063028005957849,l40s
resnet152,gemm,276,layer3.9.conv3,256,1024,1,1,0,0.7174255967140197,0.00896337165597827,0.4301770642660309,l40s
resnet152,gemm,276,layer3.10.conv1,1024,256,1,1,0,0.8496319979429245,0.0075552914094654654,0.509449621334409,l40s
resnet152,gemm,276,layer3.10.conv2,256,256,3,1,1,1.0107936024665833,0.010228058303985661,0.6060840684797708,l40s
resnet152,gemm,276,layer3.10.conv3,256,1024,1,1,0,0.7162479996681214,0.0091564143732024,0.4294709628355647,l40s
resnet152,gemm,276,layer3.11.conv1,1024,256,1,1,0,0.8500128000974655,0.010703313339655454,0.5096779549116564,l40s
resnet152,gemm,276,layer3.11.conv2,256,256,3,1,1,1.0095792055130004,0.011286502983652101,0.6053559013796024,l40s
resnet152,gemm,276,layer3.11.conv3,256,1024,1,1,0,0.7226640075445175,0.01088488191490016,0.43331807875283523,l40s
resnet152,gemm,276,layer3.12.conv1,1024,256,1,1,0,0.8534112006425858,0.009788366300190863,0.5117156769784406,l40s
resnet152,gemm,276,layer3.12.conv2,256,256,3,1,1,1.0083327919244767,0.011864485074705665,0.6046085367179173,l40s
resnet152,gemm,276,layer3.12.conv3,256,1024,1,1,0,0.7218752056360245,0.009555997062728397,0.43284510358880823,l40s
resnet152,gemm,276,layer3.13.conv1,1024,256,1,1,0,0.8503248035907746,0.007739762897712702,0.5098650359795848,l40s
resnet152,gemm,276,layer3.13.conv2,256,256,3,1,1,1.0040399998426437,0.007839549285899326,0.6020345266690348,l40s
resnet152,gemm,276,layer3.13.conv3,256,1024,1,1,0,0.716825607419014,0.007304544908531115,0.4298173034285326,l40s
resnet152,gemm,276,layer3.14.conv1,1024,256,1,1,0,0.8494351983070374,0.009882944608002446,0.5093316178926551,l40s
resnet152,gemm,276,layer3.14.conv2,256,256,3,1,1,1.0060672014951706,0.007170911204627353,0.603250061296672,l40s
resnet152,gemm,276,layer3.14.conv3,256,1024,1,1,0,0.7166543990373612,0.007872534867025417,0.4297146448123158,l40s
resnet152,gemm,276,layer3.15.conv1,1024,256,1,1,0,0.8538271993398666,0.011363559461080615,0.5119651148283785,l40s
resnet152,gemm,276,layer3.15.conv2,256,256,3,1,1,1.0055327981710434,0.011058416198639823,0.6029296266005029,l40s
resnet152,gemm,276,layer3.15.conv3,256,1024,1,1,0,0.7215023994445801,0.007574706099851851,0.43262156448773587,l40s
resnet152,gemm,276,layer3.16.conv1,1024,256,1,1,0,0.8506784021854401,0.007900644123340416,0.5100770579733338,l40s
resnet152,gemm,276,layer3.16.conv2,256,256,3,1,1,1.0067616075277328,0.0071872029674273676,0.6036664355518763,l40s
resnet152,gemm,276,layer3.16.conv3,256,1024,1,1,0,0.7152511984109878,0.00842957534000859,0.42887326874656867,l40s
resnet152,gemm,276,layer3.17.conv1,1024,256,1,1,0,0.851964807510376,0.011049518067453164,0.5108484021638278,l40s
resnet152,gemm,276,layer3.17.conv2,256,256,3,1,1,1.0083535939455033,0.010197845908105244,0.6046210098613024,l40s
resnet152,gemm,276,layer3.17.conv3,256,1024,1,1,0,0.7627424031496048,0.19303036872202198,0.4573495694619151,l40s
resnet152,gemm,276,layer3.18.conv1,1024,256,1,1,0,0.8514271974563599,0.01291388308675809,0.5105260446736354,l40s
resnet152,gemm,276,layer3.18.conv2,256,256,3,1,1,1.0037696033716201,0.008543639772368427,0.6018723936748601,l40s
resnet152,gemm,276,layer3.18.conv3,256,1024,1,1,0,0.7210319966077805,0.009619012583173022,0.43233950525778414,l40s
resnet152,gemm,276,layer3.19.conv1,1024,256,1,1,0,0.8562560051679611,0.009913232487792238,0.5134214561766485,l40s
resnet152,gemm,276,layer3.19.conv2,256,256,3,1,1,1.0083200097084046,0.009419622849783286,0.6046008723465734,l40s
resnet152,gemm,276,layer3.19.conv3,256,1024,1,1,0,0.7175695985555649,0.008228834102362298,0.4302634095117659,l40s
resnet152,gemm,276,layer3.20.conv1,1024,256,1,1,0,0.8508032023906708,0.011823891111964652,0.5101518896857118,l40s
resnet152,gemm,276,layer3.20.conv2,256,256,3,1,1,1.0069071978330613,0.008288540063621683,0.6037537332597064,l40s
resnet152,gemm,276,layer3.20.conv3,256,1024,1,1,0,0.7180415958166122,0.00961252734310876,0.43054642477777944,l40s
resnet152,gemm,276,layer3.21.conv1,1024,256,1,1,0,0.851785597205162,0.009615232129667929,0.5107409454974693,l40s
resnet152,gemm,276,layer3.21.conv2,256,256,3,1,1,1.0050448060035706,0.00869791976440574,0.6026370205951558,l40s
resnet152,gemm,276,layer3.21.conv3,256,1024,1,1,0,0.7188319951295853,0.010580713024875385,0.43102035776485154,l40s
resnet152,gemm,276,layer3.22.conv1,1024,256,1,1,0,0.8512223988771439,0.007845180755504543,0.5104032449687231,l40s
resnet152,gemm,276,layer3.22.conv2,256,256,3,1,1,1.0080864042043687,0.006574750963905131,0.604460799661151,l40s
resnet152,gemm,276,layer3.22.conv3,256,1024,1,1,0,0.7190527945756913,0.007034073627897981,0.43115275178306395,l40s
resnet152,gemm,276,layer3.23.conv1,1024,256,1,1,0,0.853028804063797,0.008898392325645604,0.5114863873651313,l40s
resnet152,gemm,276,layer3.23.conv2,256,256,3,1,1,1.0031407982110978,0.008899049441805378,0.6014953544959016,l40s
resnet152,gemm,276,layer3.23.conv3,256,1024,1,1,0,0.716881611943245,0.0070472887788132245,0.4298508844185749,l40s
resnet152,gemm,276,layer3.24.conv1,1024,256,1,1,0,0.8488320022821426,0.010413095047422279,0.5089699342611333,l40s
resnet152,gemm,276,layer3.24.conv2,256,256,3,1,1,1.0072048217058183,0.007786068402503713,0.603932192133246,l40s
resnet152,gemm,276,layer3.24.conv3,256,1024,1,1,0,0.7190047979354859,0.007463726563039011,0.4311239724171301,l40s
resnet152,gemm,276,layer3.25.conv1,1024,256,1,1,0,0.8532687962055207,0.01100675226326494,0.5116302895557507,l40s
resnet152,gemm,276,layer3.25.conv2,256,256,3,1,1,1.0068847954273223,0.008338279954514726,0.6037403005062928,l40s
resnet152,gemm,276,layer3.25.conv3,256,1024,1,1,0,0.7193215966224671,0.007917319575635054,0.43131392874117697,l40s
resnet152,gemm,276,layer3.26.conv1,1024,256,1,1,0,0.8505088001489639,0.008187148762331939,0.5099753625411119,l40s
resnet152,gemm,276,layer3.26.conv2,256,256,3,1,1,1.0098671972751618,0.010933917340362313,0.6055285847231391,l40s
resnet152,gemm,276,layer3.26.conv3,256,1024,1,1,0,0.7196880012750626,0.00782142809178946,0.4315336294021359,l40s
resnet152,gemm,276,layer3.27.conv1,1024,256,1,1,0,0.8510959953069687,0.0069100062368990115,0.5103274518593335,l40s
resnet152,gemm,276,layer3.27.conv2,256,256,3,1,1,1.0030799984931946,0.008055241585443195,0.6014588982497409,l40s
resnet152,gemm,276,layer3.27.conv3,256,1024,1,1,0,0.71803520321846,0.007450793917298631,0.430542591698616,l40s
resnet152,gemm,276,layer3.28.conv1,1024,256,1,1,0,0.8509967982769012,0.009580596026574663,0.5102679721204256,l40s
resnet152,gemm,276,layer3.28.conv2,256,256,3,1,1,1.0059360027313233,0.007527507739276894,0.603171392931164,l40s
resnet152,gemm,276,layer3.28.conv3,256,1024,1,1,0,0.7154783934354783,0.007341795234797802,0.42900949763092794,l40s
resnet152,gemm,276,layer3.29.conv1,1024,256,1,1,0,0.8535152018070221,0.009769720503548922,0.5117780373344167,l40s
resnet152,gemm,276,layer3.29.conv2,256,256,3,1,1,1.0082720130681992,0.007691668835174398,0.6045720929806396,l40s
resnet152,gemm,276,layer3.29.conv3,256,1024,1,1,0,0.7183744013309479,0.00766122329109546,0.4307459789890931,l40s
resnet152,gemm,276,layer3.30.conv1,1024,256,1,1,0,0.8519136041402817,0.009329094781008684,0.5108177000038707,l40s
resnet152,gemm,276,layer3.30.conv2,256,256,3,1,1,1.0047615945339203,0.006386394594096264,0.6024672035728211,l40s
resnet152,gemm,276,layer3.30.conv3,256,1024,1,1,0,0.7178175985813141,0.01088333767649093,0.43041211332649365,l40s
resnet152,gemm,276,layer3.31.conv1,1024,256,1,1,0,0.8535408020019531,0.016159953448286992,0.5117933875209036,l40s
resnet152,gemm,276,layer3.31.conv2,256,256,3,1,1,1.0019632071256637,0.010618642181376581,0.6007892566394017,l40s
resnet152,gemm,276,layer3.31.conv3,256,1024,1,1,0,0.7171039968729019,0.00833533637789292,0.42998422911189915,l40s
resnet152,gemm,276,layer3.32.conv1,1024,256,1,1,0,0.8496239989995956,0.010714811857760862,0.5094448250712506,l40s
resnet152,gemm,276,layer3.32.conv2,256,256,3,1,1,1.0047823995351792,0.008445614906917332,0.6024796785031897,l40s
resnet152,gemm,276,layer3.32.conv3,256,1024,1,1,0,0.7199855953454971,0.007519367001562846,0.43171207040584253,l40s
resnet152,gemm,276,layer3.33.conv1,1024,256,1,1,0,0.8515888005495071,0.008099055007864175,0.5106229438426988,l40s
resnet152,gemm,276,layer3.33.conv2,256,256,3,1,1,1.0063439935445786,0.008370014703133895,0.6034160291569935,l40s
resnet152,gemm,276,layer3.33.conv3,256,1024,1,1,0,0.7182047992944718,0.008340721038473041,0.43064428355687123,l40s
resnet152,gemm,276,layer3.34.conv1,1024,256,1,1,0,0.8462415993213653,0.007840169266351261,0.5074166973177666,l40s
resnet152,gemm,276,layer3.34.conv2,256,256,3,1,1,1.007404813170433,0.008262247140984027,0.6040521094341066,l40s
resnet152,gemm,276,layer3.34.conv3,256,1024,1,1,0,0.7169408082962037,0.009954407532087586,0.4298863792677239,l40s
resnet152,gemm,276,layer3.35.conv1,1024,256,1,1,0,0.8518896013498306,0.011265691468478448,0.5108033076404287,l40s
resnet152,gemm,276,layer3.35.conv2,256,256,3,1,1,1.0056368112564087,0.008285475619031462,0.6029919941044122,l40s
resnet152,gemm,276,layer3.35.conv3,256,1024,1,1,0,0.7192784011363983,0.00816508178914018,0.43128802820532797,l40s
resnet152,gemm,276,layer4.0.conv1,1024,512,1,1,0,0.9766943991184235,0.009385306760134236,0.5856377737597219,l40s
resnet152,gemm,276,layer4.0.conv2,512,512,3,2,1,1.718100792169571,0.007863571979251159,1.0301940135309438,l40s
resnet152,gemm,276,layer4.0.conv3,512,2048,1,1,0,0.9231407970190049,0.009508090669030418,0.553526386268787,l40s
resnet152,gemm,276,layer4.0.downsample.0,1024,2048,1,2,0,1.5146063983440399,0.011121686394436694,0.9081763139514887,l40s
resnet152,gemm,276,layer4.1.conv1,2048,512,1,1,0,1.00767839550972,0.010159209825739852,0.6042161527134217,l40s
resnet152,gemm,276,layer4.1.conv2,512,512,3,1,1,1.5593791961669923,0.008353015574363304,0.9350226250040503,l40s
resnet152,gemm,276,layer4.1.conv3,512,2048,1,1,0,0.9383039951324463,0.0075272501515511545,0.5626184232398691,l40s
resnet152,gemm,276,layer4.2.conv1,2048,512,1,1,0,1.0124319970607758,0.014582895632229117,0.6070664696930356,l40s
resnet152,gemm,276,layer4.2.conv2,512,512,3,1,1,1.5516544103622436,0.00797786163547394,0.9303907500127051,l40s
resnet152,gemm,276,layer4.2.conv3,512,2048,1,1,0,0.9299600005149842,0.007282717631179707,0.5576152631557687,l40s
resnet152,gemm,279,conv1,3,64,7,2,3,1.0685696005821228,0.01382040588621597,0.6704008037765502,l40s
resnet152,gemm,279,layer1.0.conv1,64,64,1,1,0,0.6631055980920791,0.005315919346298745,0.4160201878356684,l40s
resnet152,gemm,279,layer1.0.conv2,64,64,3,1,1,0.8235488086938858,0.0059260218033313815,0.5166792907049111,l40s
resnet152,gemm,279,layer1.0.conv3,64,256,1,1,0,1.2538512110710145,0.007495900698878439,0.7866430593386582,l40s
resnet152,gemm,279,layer1.0.downsample.0,64,256,1,1,0,1.0438176095485687,0.0091457438015869,0.6548718624002235,l40s
resnet152,gemm,279,layer1.1.conv1,256,64,1,1,0,1.0106864005327225,0.010891541396704755,0.6340859546388459,l40s
resnet152,gemm,279,layer1.1.conv2,64,64,3,1,1,0.7953343987464905,0.005579093825402268,0.49897809174088426,l40s
resnet152,gemm,279,layer1.1.conv3,64,256,1,1,0,1.0249280035495758,0.00860991096072338,0.6430208729673887,l40s
resnet152,gemm,279,layer1.2.conv1,256,64,1,1,0,1.0103247851133346,0.013070532749984692,0.6338590838129459,l40s
resnet152,gemm,279,layer1.2.conv2,64,64,3,1,1,0.8013935953378677,0.010910936576577508,0.5027795196150129,l40s
resnet152,gemm,279,layer1.2.conv3,64,256,1,1,0,1.1849184036254883,0.008933271186171494,0.7433958908875999,l40s
resnet152,gemm,279,layer2.0.conv1,256,128,1,1,0,1.468947207927704,0.008083413840502178,0.9215903094787398,l40s
resnet152,gemm,279,layer2.0.conv2,128,128,3,2,1,0.9237296015024186,0.011799388133446638,0.5795308672285415,l40s
resnet152,gemm,279,layer2.0.conv3,128,512,1,1,0,0.8642624020576477,0.006468736763037051,0.5422222461668936,l40s
resnet152,gemm,279,layer2.0.downsample.0,256,512,1,2,0,1.2814943969249726,0.008249483343320154,0.803985882871484,l40s
resnet152,gemm,279,layer2.1.conv1,512,128,1,1,0,0.9352752029895782,0.006543171024128486,0.5867743640609977,l40s
resnet152,gemm,279,layer2.1.conv2,128,128,3,1,1,0.6397983998060226,0.007611469567945337,0.40139768270709314,l40s
resnet152,gemm,279,layer2.1.conv3,128,512,1,1,0,0.8318320065736771,0.00646225629896118,0.5218760158535838,l40s
resnet152,gemm,279,layer2.2.conv1,512,128,1,1,0,0.9306816011667252,0.01142458736212606,0.5838924232378707,l40s
resnet152,gemm,279,layer2.2.conv2,128,128,3,1,1,0.629694402217865,0.00772098555680709,0.3950586214978213,l40s
resnet152,gemm,279,layer2.2.conv3,128,512,1,1,0,0.8347952038049697,0.006797222778447049,0.5237350709909608,l40s
resnet152,gemm,279,layer2.3.conv1,512,128,1,1,0,0.9312703937292099,0.009530388755930473,0.584261820801616,l40s
resnet152,gemm,279,layer2.3.conv2,128,128,3,1,1,0.6274959981441498,0.010282541177268246,0.39367938344234854,l40s
resnet152,gemm,279,layer2.3.conv3,128,512,1,1,0,0.8306191891431809,0.010652191545239742,0.5211151166292415,l40s
resnet152,gemm,279,layer2.4.conv1,512,128,1,1,0,0.9346799999475479,0.007023582910007353,0.5864009446809498,l40s
resnet152,gemm,279,layer2.4.conv2,128,128,3,1,1,0.6280064046382904,0.005891191802481226,0.39399960303659687,l40s
resnet152,gemm,279,layer2.4.conv3,128,512,1,1,0,0.8289727985858917,0.008553289824694539,0.5200822016442601,l40s
resnet152,gemm,279,layer2.5.conv1,512,128,1,1,0,0.9302064001560211,0.00803648583603474,0.5835942909127906,l40s
resnet152,gemm,279,layer2.5.conv2,128,128,3,1,1,0.6257855981588364,0.006236170168019285,0.39260631012610514,l40s
resnet152,gemm,279,layer2.5.conv3,128,512,1,1,0,0.8325807958841324,0.007077428053303426,0.5223457924178012,l40s
resnet152,gemm,279,layer2.6.conv1,512,128,1,1,0,0.9338543981313705,0.007952021889978783,0.5858829773713209,l40s
resnet152,gemm,279,layer2.6.conv2,128,128,3,1,1,0.6286192059516906,0.006449540761713853,0.3943840632466151,l40s
resnet152,gemm,279,layer2.6.conv3,128,512,1,1,0,0.8309727966785431,0.007923243611337859,0.5213369634568127,l40s
resnet152,gemm,279,layer2.7.conv1,512,128,1,1,0,0.9260495990514755,0.011697589120052573,0.5809863907815231,l40s
resnet152,gemm,279,layer2.7.conv2,128,128,3,1,1,0.6259616017341614,0.005956298483240202,0.3927167315140064,l40s
resnet152,gemm,279,layer2.7.conv3,128,512,1,1,0,0.8314799964427948,0.007232327048717106,0.5216551712080386,l40s
resnet152,gemm,279,layer3.0.conv1,512,256,1,1,0,0.9973776042461395,0.008897338024178665,0.6257362620002352,l40s
resnet152,gemm,279,layer3.0.conv2,256,256,3,2,1,1.0755104064941405,0.009415492517000178,0.6747553370327264,l40s
resnet152,gemm,279,layer3.0.conv3,256,1024,1,1,0,0.7737695962190628,0.00802228531380786,0.48544873348495565,l40s
resnet152,gemm,279,layer3.0.downsample.0,512,1024,1,2,0,1.3283343970775605,0.6751888536030696,0.8333724326423948,l40s
resnet152,gemm,279,layer3.1.conv1,1024,256,1,1,0,1.040052792429924,0.790424542637151,0.6525098857718072,l40s
resnet152,gemm,279,layer3.1.conv2,256,256,3,1,1,1.0193679988384248,0.012058632779694692,0.6395326288461575,l40s
resnet152,gemm,279,layer3.1.conv3,256,1024,1,1,0,0.7718431860208511,0.008918222772532168,0.4842401393563365,l40s
resnet152,gemm,279,layer3.2.conv1,1024,256,1,1,0,0.8519551962614059,0.011349965264817775,0.5345009328771003,l40s
resnet152,gemm,279,layer3.2.conv2,256,256,3,1,1,1.0076400011777877,0.007055492762194825,0.632174700027953,l40s
resnet152,gemm,279,layer3.2.conv3,256,1024,1,1,0,0.7709119945764542,0.008585117084032822,0.48365592706688576,l40s
resnet152,gemm,279,layer3.3.conv1,1024,256,1,1,0,0.8520271986722946,0.011356494852323902,0.534546105857978,l40s
resnet152,gemm,279,layer3.3.conv2,256,256,3,1,1,1.010211205482483,0.008002850155184869,0.6337878260532509,l40s
resnet152,gemm,279,layer3.3.conv3,256,1024,1,1,0,0.7669584095478058,0.007866636943434754,0.48117552094307225,l40s
resnet152,gemm,279,layer3.4.conv1,1024,256,1,1,0,3.7923168689012527,12.824533759376843,2.379229463108221,l40s
resnet152,gemm,279,layer3.4.conv2,256,256,3,1,1,1.016876795887947,0.02087578263871928,0.6379696941908378,l40s
resnet152,gemm,279,layer3.4.conv3,256,1024,1,1,0,0.7697424024343491,0.00981301481219801,0.48292214658901056,l40s
resnet152,gemm,279,layer3.5.conv1,1024,256,1,1,0,0.855036798119545,0.00988669533689725,0.5364342728874192,l40s
resnet152,gemm,279,layer3.5.conv2,256,256,3,1,1,1.0114416122436523,0.00884363286365855,0.634559760498336,l40s
resnet152,gemm,279,layer3.5.conv3,256,1024,1,1,0,0.7689871996641159,0.010590233172529367,0.4824483463387482,l40s
resnet152,gemm,279,layer3.6.conv1,1024,256,1,1,0,0.8524655997753143,0.011890358362537351,0.5348211506016062,l40s
resnet152,gemm,279,layer3.6.conv2,256,256,3,1,1,1.0117232084274292,0.006426595245352912,0.6347364287358018,l40s
resnet152,gemm,279,layer3.6.conv3,256,1024,1,1,0,0.7692927986383438,0.00952560615087749,0.4826400734830016,l40s
resnet152,gemm,279,layer3.7.conv1,1024,256,1,1,0,0.8516735970973969,0.009693366866629935,0.534324262769892,l40s
resnet152,gemm,279,layer3.7.conv2,256,256,3,1,1,1.012633603811264,0.008830112628363206,0.6353075939614874,l40s
resnet152,gemm,279,layer3.7.conv3,256,1024,1,1,0,0.7689616024494171,0.007612162016402586,0.48243228711967706,l40s
resnet152,gemm,279,layer3.8.conv1,1024,256,1,1,0,0.8464352041482925,0.00943412396222076,0.5310377919198286,l40s
resnet152,gemm,279,layer3.8.conv2,256,256,3,1,1,1.0085616052150725,0.011296350145973265,0.6327528973555044,l40s
resnet152,gemm,279,layer3.8.conv3,256,1024,1,1,0,0.7698560059070587,0.007704476970712689,0.48299341930664624,l40s
resnet152,gemm,279,layer3.9.conv1,1024,256,1,1,0,0.8544223934412003,0.010004122677932365,0.5360488067558896,l40s
resnet152,gemm,279,layer3.9.conv2,256,256,3,1,1,1.0674176037311554,0.2432633797014377,0.6696780622589027,l40s
resnet152,gemm,279,layer3.9.conv3,256,1024,1,1,0,0.8707296013832092,0.4484740151135442,0.5462796474102732,l40s
resnet152,gemm,279,layer3.10.conv1,1024,256,1,1,0,0.9288527965545654,0.3391427108457043,0.5827450650486856,l40s
resnet152,gemm,279,layer3.10.conv2,256,256,3,1,1,1.015129601955414,0.008928234029084112,0.6368735370326278,l40s
resnet152,gemm,279,layer3.10.conv3,256,1024,1,1,0,0.7698543936014175,0.007219130825557386,0.4829924077759072,l40s
resnet152,gemm,279,layer3.11.conv1,1024,256,1,1,0,0.8528912037611007,0.007811618241612748,0.53508816667057,l40s
resnet152,gemm,279,layer3.11.conv2,256,256,3,1,1,1.073092806339264,0.2677249031147345,0.6732385794100534,l40s
resnet152,gemm,279,layer3.11.conv3,256,1024,1,1,0,1.4391503840684892,2.9270395387746704,0.9028963332938252,l40s
resnet152,gemm,279,layer3.12.conv1,1024,256,1,1,0,1.6588464021682738,3.523845514697939,1.040729551682564,l40s
resnet152,gemm,279,layer3.12.conv2,256,256,3,1,1,1.1677200138568877,0.6871117418091922,0.7326059392379825,l40s
resnet152,gemm,279,layer3.12.conv3,256,1024,1,1,0,0.8545807957649231,0.36906247121719554,0.5361481854440779,l40s
resnet152,gemm,279,layer3.13.conv1,1024,256,1,1,0,0.9324000000953674,0.35565637578997783,0.5849705149432148,l40s
resnet152,gemm,279,layer3.13.conv2,256,256,3,1,1,1.1295599967241288,0.5095725482376408,0.7086650502739019,l40s
resnet152,gemm,279,layer3.13.conv3,256,1024,1,1,0,1.0093535840511323,1.052824381914535,0.6332497702292782,l40s
resnet152,gemm,279,layer3.14.conv1,1024,256,1,1,0,1.0853424042463302,1.0217407842823591,0.6809237505756593,l40s
resnet152,gemm,279,layer3.14.conv2,256,256,3,1,1,1.1427648037672042,0.5807866427522199,0.7169495019844592,l40s
resnet152,gemm,279,layer3.14.conv3,256,1024,1,1,0,0.8914448022842407,0.5416753609818563,0.559275981319528,l40s
resnet152,gemm,279,layer3.15.conv1,1024,256,1,1,0,0.9885136038064957,0.5972385924792174,0.6201751520676901,l40s
resnet152,gemm,279,layer3.15.conv2,256,256,3,1,1,1.1661215901374817,0.6914811354277369,0.7316031177599229,l40s
resnet152,gemm,279,layer3.15.conv3,256,1024,1,1,0,0.776884800195694,0.04463217285846578,0.4874031548429315,l40s
resnet152,gemm,279,layer3.16.conv1,1024,256,1,1,0,0.8586832016706467,0.027427296533490426,0.5387219590336659,l40s
resnet152,gemm,279,layer3.16.conv2,256,256,3,1,1,1.0600688099861144,0.21205347933829727,0.6650675649821884,l40s
resnet152,gemm,279,layer3.16.conv3,256,1024,1,1,0,0.775494396686554,0.02997173916869518,0.48653084139737457,l40s
resnet152,gemm,279,layer3.17.conv1,1024,256,1,1,0,0.8789776027202606,0.11487628725459374,0.5514542908990054,l40s
resnet152,gemm,279,layer3.17.conv2,256,256,3,1,1,1.0195823907852173,0.03592419578140819,0.639667134388309,l40s
resnet152,gemm,279,layer3.17.conv3,256,1024,1,1,0,0.7749024063348771,0.030371939601029175,0.4861594375998344,l40s
resnet152,gemm,279,layer3.18.conv1,1024,256,1,1,0,0.8559855937957763,0.029377733257369816,0.5370295297463252,l40s
resnet152,gemm,279,layer3.18.conv2,256,256,3,1,1,1.017910400032997,0.03512400216808096,0.638618158314514,l40s
resnet152,gemm,279,layer3.18.conv3,256,1024,1,1,0,0.7720367968082428,0.023971631581773387,0.4843616071834359,l40s
resnet152,gemm,279,layer3.19.conv1,1024,256,1,1,0,0.9320735991001129,0.3456056754234028,0.5847657369957111,l40s
resnet152,gemm,279,layer3.19.conv2,256,256,3,1,1,1.0141615986824035,0.00859587917746679,0.6362662296827548,l40s
resnet152,gemm,279,layer3.19.conv3,256,1024,1,1,0,0.7729903995990753,0.031156473575190764,0.4849598799371334,l40s
resnet152,gemm,279,layer3.20.conv1,1024,256,1,1,0,0.8984800010919571,0.2073153901242723,0.5636897349326306,l40s
resnet152,gemm,279,layer3.20.conv2,256,256,3,1,1,1.00804001390934,0.011359575637614245,0.6324256606173309,l40s
resnet152,gemm,279,layer3.20.conv3,256,1024,1,1,0,0.7662111967802048,0.007940488783619694,0.48070673347268295,l40s
resnet152,gemm,279,layer3.21.conv1,1024,256,1,1,0,0.8577663987874985,0.012960775188678646,0.5381467738614204,l40s
resnet152,gemm,279,layer3.21.conv2,256,256,3,1,1,1.0099792003631591,0.006839556652091894,0.633642270332416,l40s
resnet152,gemm,279,layer3.21.conv3,256,1024,1,1,0,0.7647039979696274,0.007477852188399389,0.4797611448151807,l40s
resnet152,gemm,279,layer3.22.conv1,1024,256,1,1,0,0.851996797323227,0.008832974430945013,0.5345270326138584,l40s
resnet152,gemm,279,layer3.22.conv2,256,256,3,1,1,1.012812802195549,0.008032514671358775,0.635420019713441,l40s
resnet152,gemm,279,layer3.22.conv3,256,1024,1,1,0,0.7691184103488922,0.007723708057700483,0.48253066549558193,l40s
resnet152,gemm,279,layer3.23.conv1,1024,256,1,1,0,0.8506688058376313,0.009991609591276499,0.5336938753175373,l40s
resnet152,gemm,279,layer3.23.conv2,256,256,3,1,1,1.0051839917898178,0.0072069997012557665,0.6306338451628315,l40s
resnet152,gemm,279,layer3.23.conv3,256,1024,1,1,0,0.7695295989513398,0.009730670073200628,0.4827886376196574,l40s
resnet152,gemm,279,layer3.24.conv1,1024,256,1,1,0,0.8489551991224289,0.008626379298046594,0.5326187901582714,l40s
resnet152,gemm,279,layer3.24.conv2,256,256,3,1,1,1.010491207242012,0.010791574813723512,0.6339634939784332,l40s
resnet152,gemm,279,layer3.24.conv3,256,1024,1,1,0,0.7659952044487,0.008090403675066393,0.4805712238787627,l40s
resnet152,gemm,279,layer3.25.conv1,1024,256,1,1,0,0.8493840038776398,0.01269764832940377,0.5328878143307726,l40s
resnet152,gemm,279,layer3.25.conv2,256,256,3,1,1,1.0113071978092194,0.010366038617960394,0.6344754313682223,l40s
resnet152,gemm,279,layer3.25.conv3,256,1024,1,1,0,0.7678975999355316,0.007412713490611888,0.48176475162162385,l40s
resnet152,gemm,279,layer3.26.conv1,1024,256,1,1,0,0.8528127908706665,0.009301435372979606,0.5350389718733899,l40s
resnet152,gemm,279,layer3.26.conv2,256,256,3,1,1,1.0092176109552384,0.007138039914946089,0.633164463223792,l40s
resnet152,gemm,279,layer3.26.conv3,256,1024,1,1,0,0.7660144031047821,0.005130714449861246,0.48058326876050167,l40s
resnet152,gemm,279,layer3.27.conv1,1024,256,1,1,0,0.84966079890728,0.00839995521261329,0.5330614704129324,l40s
resnet152,gemm,279,layer3.27.conv2,256,256,3,1,1,1.0103551983833312,0.0105120451644959,0.633878164536036,l40s
resnet152,gemm,279,layer3.27.conv3,256,1024,1,1,0,0.7709375947713852,0.009407512205845556,0.48367198815569945,l40s
resnet152,gemm,279,layer3.28.conv1,1024,256,1,1,0,0.8524175971746445,0.010675270813805662,0.5347910346577736,l40s
resnet152,gemm,279,layer3.28.conv2,256,256,3,1,1,1.0181744009256364,0.03339683663838255,0.6387837875917521,l40s
resnet152,gemm,279,layer3.28.conv3,256,1024,1,1,0,0.7654464036226273,0.0060457447083777285,0.4802269163907788,l40s
resnet152,gemm,279,layer3.29.conv1,1024,256,1,1,0,0.849451196193695,0.0112195516252787,0.5329299695471165,l40s
resnet152,gemm,279,layer3.29.conv2,256,256,3,1,1,1.0098688036203385,0.007994416172093163,0.6335730094578029,l40s
resnet152,gemm,279,layer3.29.conv3,256,1024,1,1,0,0.7666207998991013,0.00652789678723469,0.48096371089370255,l40s
resnet152,gemm,279,layer3.30.conv1,1024,256,1,1,0,0.8642415940761566,0.0556022844787249,0.5422091916241583,l40s
resnet152,gemm,279,layer3.30.conv2,256,256,3,1,1,1.053672009706497,0.18643413204041331,0.6610543307981753,l40s
resnet152,gemm,279,layer3.30.conv3,256,1024,1,1,0,0.7647456020116806,0.008229479526762468,0.47978724642168125,l40s
resnet152,gemm,279,layer3.31.conv1,1024,256,1,1,0,0.8499168008565903,0.010413751660757845,0.5332220813010697,l40s
resnet152,gemm,279,layer3.31.conv2,256,256,3,1,1,1.0097775995731353,0.009705145260492348,0.6335157897254435,l40s
resnet152,gemm,279,layer3.31.conv3,256,1024,1,1,0,0.7668159961700439,0.007944669618808967,0.4810861734238577,l40s
resnet152,gemm,279,layer3.32.conv1,1024,256,1,1,0,0.8513711988925934,0.009397850374658304,0.5341345437291758,l40s
resnet152,gemm,279,layer3.32.conv2,256,256,3,1,1,1.0073488026857376,0.005893997073109767,0.6319920074798749,l40s
resnet152,gemm,279,layer3.32.conv3,256,1024,1,1,0,0.7678223967552185,0.007490264096322329,0.4817175705372087,l40s
resnet152,gemm,279,layer3.33.conv1,1024,256,1,1,0,0.8533519983291626,0.0095537491950512,0.5353772606599894,l40s
resnet152,gemm,279,layer3.33.conv2,256,256,3,1,1,1.0112079977989197,0.008668415776620569,0.6344131951165047,l40s
resnet152,gemm,279,layer3.33.conv3,256,1024,1,1,0,0.7665663987398148,0.0072706040680160676,0.4809295806125378,l40s
resnet152,gemm,279,layer3.34.conv1,1024,256,1,1,0,0.8462831974029541,0.008669125122823649,0.5309424256992298,l40s
resnet152,gemm,279,layer3.34.conv2,256,256,3,1,1,1.0118368089199066,0.008976825916913449,0.6348076995836949,l40s
resnet152,gemm,279,layer3.34.conv3,256,1024,1,1,0,0.7683679968118667,0.008892550414352374,0.4820598699216552,l40s
resnet152,gemm,279,layer3.35.conv1,1024,256,1,1,0,0.8512416005134582,0.011305706332181488,0.5340532361030811,l40s
resnet152,gemm,279,layer3.35.conv2,256,256,3,1,1,1.0095584005117417,0.012842203431656157,0.633378268288501,l40s
resnet152,gemm,279,layer3.35.conv3,256,1024,1,1,0,0.7650991946458816,0.008481391564291679,0.48000908390053965,l40s
resnet152,gemm,279,layer4.0.conv1,1024,512,1,1,0,1.009617605805397,0.00991027441211256,0.6334154125947142,l40s
resnet152,gemm,279,layer4.0.conv2,512,512,3,2,1,1.7190048158168794,0.009516603997325472,1.0784718277514105,l40s
resnet152,gemm,279,layer4.0.conv3,512,2048,1,1,0,0.9241552025079727,0.010173813965939154,0.5797978814277628,l40s
resnet152,gemm,279,layer4.0.downsample.0,1024,2048,1,2,0,1.519080001115799,0.007844812996906413,0.9530426966985833,l40s
resnet152,gemm,279,layer4.1.conv1,2048,512,1,1,0,1.0144112050533294,0.0062994436817578395,0.6364228281033024,l40s
resnet152,gemm,279,layer4.1.conv2,512,512,3,1,1,1.552673590183258,0.007876948621765854,0.9741186931524362,l40s
resnet152,gemm,279,layer4.1.conv3,512,2048,1,1,0,0.9298655986785889,0.008107175793873917,0.5833804783691113,l40s
resnet152,gemm,279,layer4.2.conv1,2048,512,1,1,0,1.0036080062389374,0.008095983006288731,0.6296451009767019,l40s
resnet152,gemm,279,layer4.2.conv2,512,512,3,1,1,1.5493599951267243,0.0109424790997669,0.972039804900253,l40s
resnet152,gemm,279,layer4.2.conv3,512,2048,1,1,0,0.9361712008714675,0.011182264614288234,0.5873364965602504,l40s
resnet152,gemm,282,conv1,3,64,7,2,3,1.0579280018806458,0.026165504496420643,0.6474483295549529,l40s
resnet152,gemm,282,layer1.0.conv1,64,64,1,1,0,0.7197392016649247,0.020670305189171997,0.44047793706640515,l40s
resnet152,gemm,282,layer1.0.conv2,64,64,3,1,1,0.9005695968866348,0.02418771924740296,0.5511455222999292,l40s
resnet152,gemm,282,layer1.0.conv3,64,256,1,1,0,1.312059211730957,0.020956267151394283,0.8029757633811406,l40s
resnet152,gemm,282,layer1.0.downsample.0,64,256,1,1,0,1.1216319978237153,0.02969807509401417,0.6864349578377811,l40s
resnet152,gemm,282,layer1.1.conv1,256,64,1,1,0,1.0759392023086547,0.019736493120368633,0.6584711227976536,l40s
resnet152,gemm,282,layer1.1.conv2,64,64,3,1,1,0.8687776029109955,0.017259661052701575,0.531688930399386,l40s
resnet152,gemm,282,layer1.1.conv3,64,256,1,1,0,1.0506175875663757,0.019448368094861883,0.6429743809235575,l40s
resnet152,gemm,282,layer1.2.conv1,256,64,1,1,0,1.0715391933918,0.023877280553146054,0.6557783323448247,l40s
resnet152,gemm,282,layer1.2.conv2,64,64,3,1,1,0.8608607977628708,0.01370631984159758,0.5268438726454996,l40s
resnet152,gemm,282,layer1.2.conv3,64,256,1,1,0,1.0537360072135926,0.019602506689443647,0.644882843113662,l40s
resnet152,gemm,282,layer2.0.conv1,256,128,1,1,0,1.5448031961917876,0.034380772237229816,0.9454142882006485,l40s
resnet152,gemm,282,layer2.0.conv2,128,128,3,2,1,0.9378224015235901,0.018117052863269565,0.5739441117035159,l40s
resnet152,gemm,282,layer2.0.conv3,128,512,1,1,0,1.002260795235634,0.021018053955704205,0.6133801889166173,l40s
resnet152,gemm,282,layer2.0.downsample.0,256,512,1,2,0,1.489219182729721,0.030930063079336944,0.9113970615065816,l40s
resnet152,gemm,282,layer2.1.conv1,512,128,1,1,0,0.9712367951869965,0.03827366006492879,0.5943936066804952,l40s
resnet152,gemm,282,layer2.1.conv2,128,128,3,1,1,0.6471424013376236,0.006050293451195211,0.3960489428254073,l40s
resnet152,gemm,282,layer2.1.conv3,128,512,1,1,0,0.9938960075378418,0.024047856230332905,0.6082609673699809,l40s
resnet152,gemm,282,layer2.2.conv1,512,128,1,1,0,0.9684496015310288,0.02674722147880262,0.5926878536675354,l40s
resnet152,gemm,282,layer2.2.conv2,128,128,3,1,1,0.6380736023187638,0.006180853927056158,0.3904988687509971,l40s
resnet152,gemm,282,layer2.2.conv3,128,512,1,1,0,0.9887760132551193,0.019309235753500936,0.605127548328433,l40s
resnet152,gemm,282,layer2.3.conv1,512,128,1,1,0,0.9784735947847366,0.032390952375361215,0.5988225033564047,l40s
resnet152,gemm,282,layer2.3.conv2,128,128,3,1,1,0.6365744024515152,0.00729611874617954,0.3895813635445997,l40s
resnet152,gemm,282,layer2.3.conv3,128,512,1,1,0,0.9809120088815689,0.023312444412851987,0.6003148044685322,l40s
resnet152,gemm,282,layer2.4.conv1,512,128,1,1,0,0.9615039974451065,0.024024127047929954,0.5884371676518648,l40s
resnet152,gemm,282,layer2.4.conv2,128,128,3,1,1,0.636913600564003,0.006357961758760985,0.38978895163275695,l40s
resnet152,gemm,282,layer2.4.conv3,128,512,1,1,0,0.9825456023216248,0.021717687314686106,0.6013145580831978,l40s
resnet152,gemm,282,layer2.5.conv1,512,128,1,1,0,0.9700799971818924,0.03486256669029199,0.59368565024612,l40s
resnet152,gemm,282,layer2.5.conv2,128,128,3,1,1,0.635673600435257,0.007882795565711934,0.3890300757824369,l40s
resnet152,gemm,282,layer2.5.conv3,128,512,1,1,0,0.9861919969320297,0.027982908151011288,0.603546139150348,l40s
resnet152,gemm,282,layer2.6.conv1,512,128,1,1,0,0.9753391951322555,0.02590683447837523,0.5969042614575714,l40s
resnet152,gemm,282,layer2.6.conv2,128,128,3,1,1,0.6350640028715133,0.004984503717111489,0.38865700415218896,l40s
resnet152,gemm,282,layer2.6.conv3,128,512,1,1,0,0.9874479949474335,0.023972461501051888,0.6043148056527489,l40s
resnet152,gemm,282,layer2.7.conv1,512,128,1,1,0,0.967846405506134,0.0255858114994893,0.5923186997572333,l40s
resnet152,gemm,282,layer2.7.conv2,128,128,3,1,1,0.6355184048414231,0.00615129707457913,0.38893509660823655,l40s
resnet152,gemm,282,layer2.7.conv3,128,512,1,1,0,0.9880464047193527,0.021184263226484402,0.6046810303925513,l40s
resnet152,gemm,282,layer3.0.conv1,512,256,1,1,0,1.0534799933433532,0.03132324244023603,0.6447261634980976,l40s
resnet152,gemm,282,layer3.0.conv2,256,256,3,2,1,1.1123119950294496,0.023074944136347118,0.6807311479094419,l40s
resnet152,gemm,282,layer3.0.conv3,256,1024,1,1,0,0.7522464036941529,0.023674152869159817,0.46037223385684367,l40s
resnet152,gemm,282,layer3.0.downsample.0,512,1024,1,2,0,1.191543996334076,0.029565063492981016,0.7292208625221416,l40s
resnet152,gemm,282,layer3.1.conv1,1024,256,1,1,0,0.8875584006309509,0.025537457720289893,0.5431827145603865,l40s
resnet152,gemm,282,layer3.1.conv2,256,256,3,1,1,1.0509344041347504,0.02316709358636605,0.6431682715830399,l40s
resnet152,gemm,282,layer3.1.conv3,256,1024,1,1,0,0.7372480034828186,0.019010057948447397,0.4511932640729239,l40s
resnet152,gemm,282,layer3.2.conv1,1024,256,1,1,0,0.8794719964265824,0.03296272343686147,0.5382338627624215,l40s
resnet152,gemm,282,layer3.2.conv2,256,256,3,1,1,1.0622032046318055,0.03019972008157152,0.6500647390599728,l40s
resnet152,gemm,282,layer3.2.conv3,256,1024,1,1,0,0.7313231945037841,0.01885779106340949,0.447567301181698,l40s
resnet152,gemm,282,layer3.3.conv1,1024,256,1,1,0,0.8790928006172181,0.020192906037901352,0.5380017962201703,l40s
resnet152,gemm,282,layer3.3.conv2,256,256,3,1,1,1.03364959359169,0.020029434793924137,0.632590026472896,l40s
resnet152,gemm,282,layer3.3.conv3,256,1024,1,1,0,0.7460336029529572,0.027264055951401352,0.45657002098924376,l40s
resnet152,gemm,282,layer3.4.conv1,1024,256,1,1,0,0.9048191994428635,0.034524344110976386,0.5537462645729493,l40s
resnet152,gemm,282,layer3.4.conv2,256,256,3,1,1,1.0400687992572784,0.02714270718684053,0.6365185584503714,l40s
resnet152,gemm,282,layer3.4.conv3,256,1024,1,1,0,0.7372288018465042,0.017035331172013276,0.4511815127369782,l40s
resnet152,gemm,282,layer3.5.conv1,1024,256,1,1,0,0.8879472047090531,0.026275802804462678,0.5434206613303405,l40s
resnet152,gemm,282,layer3.5.conv2,256,256,3,1,1,1.0452815771102906,0.024983314651297234,0.6397087607205394,l40s
resnet152,gemm,282,layer3.5.conv3,256,1024,1,1,0,0.7373776018619538,0.024836464672278222,0.4512725778390167,l40s
resnet152,gemm,282,layer3.6.conv1,1024,256,1,1,0,0.8825456023216247,0.025735715294976872,0.5401148990890126,l40s
resnet152,gemm,282,layer3.6.conv2,256,256,3,1,1,1.0441616117954253,0.02644538184745281,0.6390233457669887,l40s
resnet152,gemm,282,layer3.6.conv3,256,1024,1,1,0,0.7265824049711227,0.015182024852744731,0.44466595415407717,l40s
resnet152,gemm,282,layer3.7.conv1,1024,256,1,1,0,0.8806496024131775,0.022857614870916147,0.5389545536105128,l40s
resnet152,gemm,282,layer3.7.conv2,256,256,3,1,1,1.0381408154964447,0.031974883914710095,0.6353386389632779,l40s
resnet152,gemm,282,layer3.7.conv3,256,1024,1,1,0,0.7369984030723572,0.02168195096115478,0.4510405094728735,l40s
resnet152,gemm,282,layer3.8.conv1,1024,256,1,1,0,0.884740799665451,0.032601822103434416,0.5414583523776837,l40s
resnet152,gemm,282,layer3.8.conv2,256,256,3,1,1,1.0376096099615097,0.02853026379166024,0.6350135429873396,l40s
resnet152,gemm,282,layer3.8.conv3,256,1024,1,1,0,0.7314399927854538,0.01744546869824132,0.44763878133179086,l40s
resnet152,gemm,282,layer3.9.conv1,1024,256,1,1,0,0.8702000051736831,0.01924637176863508,0.5325594357336765,l40s
resnet152,gemm,282,layer3.9.conv2,256,256,3,1,1,1.0375696063041686,0.020617454803675928,0.6349890608854616,l40s
resnet152,gemm,282,layer3.9.conv3,256,1024,1,1,0,0.7367296040058136,0.016553351912837463,0.45087600536076927,l40s
resnet152,gemm,282,layer3.10.conv1,1024,256,1,1,0,0.8833759993314743,0.023413650979735814,0.5406230992273384,l40s
resnet152,gemm,282,layer3.10.conv2,256,256,3,1,1,1.0483455955982208,0.03011346328555959,0.6415839295866714,l40s
resnet152,gemm,282,layer3.10.conv3,256,1024,1,1,0,0.7399375945329666,0.018370963930566427,0.4528392846239526,l40s
resnet152,gemm,282,layer3.11.conv1,1024,256,1,1,0,0.8854831993579865,0.03163862821357519,0.5419126984578893,l40s
resnet152,gemm,282,layer3.11.conv2,256,256,3,1,1,1.0392880022525788,0.027447994268474288,0.6360407133460585,l40s
resnet152,gemm,282,layer3.11.conv3,256,1024,1,1,0,0.7328687936067582,0.01813607530974853,0.4485132025621352,l40s
resnet152,gemm,282,layer3.12.conv1,1024,256,1,1,0,0.884631997346878,0.01757593518135475,0.5413917657297392,l40s
resnet152,gemm,282,layer3.12.conv2,256,256,3,1,1,1.0423792123794555,0.023890808354543065,0.6379325234025007,l40s
resnet152,gemm,282,layer3.12.conv3,256,1024,1,1,0,0.7299712002277374,0.016631791750593945,0.4467398852951365,l40s
resnet152,gemm,282,layer3.13.conv1,1024,256,1,1,0,0.8810544043779374,0.02308005796115513,0.5392022910325476,l40s
resnet152,gemm,282,layer3.13.conv2,256,256,3,1,1,1.0391647934913635,0.028090636899388566,0.6359653100043438,l40s
resnet152,gemm,282,layer3.13.conv3,256,1024,1,1,0,0.7348112016916275,0.024780902627171763,0.44970194968635085,l40s
resnet152,gemm,282,layer3.14.conv1,1024,256,1,1,0,0.8856976062059403,0.021438221486312727,0.5420439147176972,l40s
resnet152,gemm,282,layer3.14.conv2,256,256,3,1,1,1.0391408175230026,0.027795366488972115,0.6359506367934664,l40s
resnet152,gemm,282,layer3.14.conv3,256,1024,1,1,0,0.7320256024599076,0.019652792624889667,0.44799717245559356,l40s
resnet152,gemm,282,layer3.15.conv1,1024,256,1,1,0,0.8748528003692627,0.029081554383827254,0.535406930527069,l40s
resnet152,gemm,282,layer3.15.conv2,256,256,3,1,1,1.046308797597885,0.03140357924034962,0.6403374161560657,l40s
resnet152,gemm,282,layer3.15.conv3,256,1024,1,1,0,0.7308272033929825,0.021331880055034513,0.4472637563132459,l40s
resnet152,gemm,282,layer3.16.conv1,1024,256,1,1,0,0.880281600356102,0.026556146122980837,0.5387293376064911,l40s
resnet152,gemm,282,layer3.16.conv2,256,256,3,1,1,1.036064001917839,0.03128563633643638,0.6340676361352264,l40s
resnet152,gemm,282,layer3.16.conv3,256,1024,1,1,0,0.7439440011978149,0.023404547677485107,0.45529119184076017,l40s
resnet152,gemm,282,layer3.17.conv1,1024,256,1,1,0,0.8813872039318085,0.030102680529609342,0.539405963224651,l40s
resnet152,gemm,282,layer3.17.conv2,256,256,3,1,1,1.0461120009422302,0.028176286423658787,0.6402169772738928,l40s
resnet152,gemm,282,layer3.17.conv3,256,1024,1,1,0,0.7389904022216797,0.026201228764312624,0.45225960615942595,l40s
resnet152,gemm,282,layer3.18.conv1,1024,256,1,1,0,0.8740464001893997,0.02104812244351174,0.5349134163668643,l40s
resnet152,gemm,282,layer3.18.conv2,256,256,3,1,1,1.031012800335884,0.02431271484764817,0.630976317991961,l40s
resnet152,gemm,282,layer3.18.conv3,256,1024,1,1,0,0.7376576006412506,0.02557090443808661,0.4514439361371342,l40s
resnet152,gemm,282,layer3.19.conv1,1024,256,1,1,0,0.8867599964141846,0.031076548747036272,0.5426940939023303,l40s
resnet152,gemm,282,layer3.19.conv2,256,256,3,1,1,1.0491216003894805,0.028536348797703514,0.6420588418727009,l40s
resnet152,gemm,282,layer3.19.conv3,256,1024,1,1,0,0.7378879934549332,0.023660840845721287,0.45158493575345504,l40s
resnet152,gemm,282,layer3.20.conv1,1024,256,1,1,0,0.8814784049987793,0.018531359570761668,0.5394617779666361,l40s
resnet152,gemm,282,layer3.20.conv2,256,256,3,1,1,1.0445439994335175,0.03287497532317964,0.639257365697537,l40s
resnet152,gemm,282,layer3.20.conv3,256,1024,1,1,0,0.7351456016302109,0.023992838461284118,0.4499066013084406,l40s
resnet152,gemm,282,layer3.21.conv1,1024,256,1,1,0,0.8790751993656158,0.025033047524186093,0.537991024314211,l40s
resnet152,gemm,282,layer3.21.conv2,256,256,3,1,1,1.0380335867404937,0.024805036814972793,0.6352730153302922,l40s
resnet152,gemm,282,layer3.21.conv3,256,1024,1,1,0,0.741200003027916,0.017886971440631772,0.45361187431797534,l40s
resnet152,gemm,282,layer3.22.conv1,1024,256,1,1,0,0.8769712001085281,0.02932709463864514,0.5367033839436331,l40s
resnet152,gemm,282,layer3.22.conv2,256,256,3,1,1,1.0379840075969695,0.025322824097742235,0.6352426730635232,l40s
resnet152,gemm,282,layer3.22.conv3,256,1024,1,1,0,0.7358863979578019,0.0179439347333114,0.4503599661347677,l40s
resnet152,gemm,282,layer3.23.conv1,1024,256,1,1,0,0.8905696034431457,0.02891106797074321,0.545025560413073,l40s
resnet152,gemm,282,layer3.23.conv2,256,256,3,1,1,1.032991999387741,0.03118767721549821,0.6321875810625137,l40s
resnet152,gemm,282,layer3.23.conv3,256,1024,1,1,0,0.7303248018026351,0.015157921318276592,0.44695628825317196,l40s
resnet152,gemm,282,layer3.24.conv1,1024,256,1,1,0,0.8776672005653381,0.02823477960577637,0.5371293338497988,l40s
resnet152,gemm,282,layer3.24.conv2,256,256,3,1,1,1.0329103827476502,0.026856593177505734,0.6321376319570956,l40s
resnet152,gemm,282,layer3.24.conv3,256,1024,1,1,0,0.7361119955778122,0.025628606469540828,0.45049803110891296,l40s
resnet152,gemm,282,layer3.25.conv1,1024,256,1,1,0,0.8850928008556366,0.024635678377401597,0.5416737759057327,l40s
resnet152,gemm,282,layer3.25.conv2,256,256,3,1,1,1.035289603471756,0.024063729607886542,0.6335937069269673,l40s
resnet152,gemm,282,layer3.25.conv3,256,1024,1,1,0,0.7314096033573151,0.016983033642529427,0.44762018310539975,l40s
resnet152,gemm,282,layer3.26.conv1,1024,256,1,1,0,0.8806335955858231,0.025175271416442685,0.5389447574867561,l40s
resnet152,gemm,282,layer3.26.conv2,256,256,3,1,1,1.0393664062023162,0.022887236631203806,0.6360886962959358,l40s
resnet152,gemm,282,layer3.26.conv3,256,1024,1,1,0,0.7293743968009949,0.020130900945432673,0.4463746436331044,l40s
resnet152,gemm,282,layer3.27.conv1,1024,256,1,1,0,0.8907983928918839,0.0312682622216518,0.5451655787755154,l40s
resnet152,gemm,282,layer3.27.conv2,256,256,3,1,1,1.0388960003852845,0.02882203301847312,0.6358008095400236,l40s
resnet152,gemm,282,layer3.27.conv3,256,1024,1,1,0,0.7342096000909806,0.019700316792238097,0.4493337715582513,l40s
resnet152,gemm,282,layer3.28.conv1,1024,256,1,1,0,0.8797648012638092,0.023720456612569236,0.5384130583243227,l40s
resnet152,gemm,282,layer3.28.conv2,256,256,3,1,1,1.0537248134613038,0.028872279837945106,0.6448759925754325,l40s
resnet152,gemm,282,layer3.28.conv3,256,1024,1,1,0,0.7327519983053208,0.01837974626465116,0.44844172423593437,l40s
resnet152,gemm,282,layer3.29.conv1,1024,256,1,1,0,0.8807344019412995,0.025219782369622697,0.5390064506325521,l40s
resnet152,gemm,282,layer3.29.conv2,256,256,3,1,1,1.0276144027709961,0.02720121799040004,0.6288965102709829,l40s
resnet152,gemm,282,layer3.29.conv3,256,1024,1,1,0,0.7371136099100113,0.019384481562360792,0.4511110156646557,l40s
resnet152,gemm,282,layer3.30.conv1,1024,256,1,1,0,0.8889520049095154,0.0328902159498771,0.5440355956265963,l40s
resnet152,gemm,282,layer3.30.conv2,256,256,3,1,1,1.0419391959905624,0.025196565721362214,0.6376632348729797,l40s
resnet152,gemm,282,layer3.30.conv3,256,1024,1,1,0,0.7370144009590149,0.0198608552578088,0.4510503001249543,l40s
resnet152,gemm,282,layer3.31.conv1,1024,256,1,1,0,0.8847807973623276,0.022187074495114652,0.5414828308317776,l40s
resnet152,gemm,282,layer3.31.conv2,256,256,3,1,1,1.0274112045764923,0.024068430751526593,0.6287721536688642,l40s
resnet152,gemm,282,layer3.31.conv3,256,1024,1,1,0,0.7304864048957824,0.01842700439187066,0.44705518879510214,l40s
resnet152,gemm,282,layer3.32.conv1,1024,256,1,1,0,0.8899296015501023,0.02898252156256543,0.5446338814369741,l40s
resnet152,gemm,282,layer3.32.conv2,256,256,3,1,1,1.0448239982128142,0.025183857600916713,0.6394287239956544,l40s
resnet152,gemm,282,layer3.32.conv3,256,1024,1,1,0,0.7398352056741715,0.018717711567267495,0.45277662299152205,l40s
resnet152,gemm,282,layer3.33.conv1,1024,256,1,1,0,0.8875855952501297,0.026192037641515818,0.5431993575745886,l40s
resnet152,gemm,282,layer3.33.conv2,256,256,3,1,1,1.0404832005500793,0.03581984013655107,0.6367721706284332,l40s
resnet152,gemm,282,layer3.33.conv3,256,1024,1,1,0,0.741131204366684,0.017407998048229553,0.4535697697719087,l40s
resnet152,gemm,282,layer3.34.conv1,1024,256,1,1,0,0.8759055972099304,0.03235444457475457,0.5360512386034592,l40s
resnet152,gemm,282,layer3.34.conv2,256,256,3,1,1,1.036155205965042,0.01927922688057502,0.6341234527011035,l40s
resnet152,gemm,282,layer3.34.conv3,256,1024,1,1,0,0.736531201004982,0.018023163312057097,0.4507545834008261,l40s
resnet152,gemm,282,layer3.35.conv1,1024,256,1,1,0,0.8964288026094437,0.03331021968156383,0.5486113703226375,l40s
resnet152,gemm,282,layer3.35.conv2,256,256,3,1,1,1.0380047887563706,0.028515589901376044,0.6352553910622117,l40s
resnet152,gemm,282,layer3.35.conv3,256,1024,1,1,0,0.7335744082927704,0.01951383168864467,0.4489450363437877,l40s
resnet152,gemm,282,layer4.0.conv1,1024,512,1,1,0,1.0138591885566712,0.025886466461968915,0.6204783660778964,l40s
resnet152,gemm,282,layer4.0.conv2,512,512,3,2,1,1.7490944027900697,0.020901660071672594,1.0704398099939036,l40s
resnet152,gemm,282,layer4.0.conv3,512,2048,1,1,0,0.9304383993148804,0.016906520232191476,0.5694251275316624,l40s
resnet152,gemm,282,layer4.0.downsample.0,1024,2048,1,2,0,1.5723423957824707,0.03580162104802063,0.9622681844398746,l40s
resnet152,gemm,282,layer4.1.conv1,2048,512,1,1,0,1.0315424144268035,0.022492949151312235,0.631300440009589,l40s
resnet152,gemm,282,layer4.1.conv2,512,512,3,1,1,1.5780447959899901,0.020503378375484573,0.9657580339213603,l40s
resnet152,gemm,282,layer4.1.conv3,512,2048,1,1,0,0.9566143929958344,0.019832897158932054,0.5854447464027458,l40s
resnet152,gemm,282,layer4.2.conv1,2048,512,1,1,0,1.0256063997745515,0.015398867765313325,0.6276676192845658,l40s
resnet152,gemm,282,layer4.2.conv2,512,512,3,1,1,1.5769312024116515,0.02724669471414905,0.9650765184488359,l40s
resnet152,gemm,282,layer4.2.conv3,512,2048,1,1,0,0.9471103996038437,0.021059324289626542,0.5796283348560176,l40s
resnet152,gemm,285,conv1,3,64,7,2,3,1.0756480038166045,0.022486608877131945,0.6426040038675747,l40s
resnet152,gemm,285,layer1.0.conv1,64,64,1,1,0,0.7410463958978653,0.021283681792381076,0.44270930580074314,l40s
resnet152,gemm,285,layer1.0.conv2,64,64,3,1,1,0.9028080075979232,0.018363091989480242,0.5393474801679148,l40s
resnet152,gemm,285,layer1.0.conv3,64,256,1,1,0,1.3543775975704193,0.021221284097347935,0.8091201432617424,l40s
resnet152,gemm,285,layer1.0.downsample.0,64,256,1,1,0,1.143126404285431,0.0313912032109524,0.6829163459739062,l40s
resnet152,gemm,285,layer1.1.conv1,256,64,1,1,0,1.0952112019062041,0.02160210602011834,0.6542912745883175,l40s
resnet152,gemm,285,layer1.1.conv2,64,64,3,1,1,0.8842719972133637,0.02759291201220064,0.5282738627330427,l40s
resnet152,gemm,285,layer1.1.conv3,64,256,1,1,0,1.0996064126491547,0.03088837202055788,0.6569170220551842,l40s
resnet152,gemm,285,layer1.2.conv1,256,64,1,1,0,1.1041648030281066,0.03085565124573739,0.6596402548398056,l40s
resnet152,gemm,285,layer1.2.conv2,64,64,3,1,1,0.8836288005113602,0.022337712023801824,0.5278896099156569,l40s
resnet152,gemm,285,layer1.2.conv3,64,256,1,1,0,1.076553601026535,0.02173987829310949,0.643145017648038,l40s
resnet152,gemm,285,layer2.0.conv1,256,128,1,1,0,1.6159568130970001,0.04015274200338444,0.9653904571836741,l40s
resnet152,gemm,285,layer2.0.conv2,128,128,3,2,1,0.9239632040262222,0.025125664569345365,0.5519858282884843,l40s
resnet152,gemm,285,layer2.0.conv3,128,512,1,1,0,0.9401583969593048,0.028792982880722143,0.561661015510773,l40s
resnet152,gemm,285,layer2.0.downsample.0,256,512,1,2,0,1.5300256073474885,0.03419418303234327,0.9140542052909784,l40s
resnet152,gemm,285,layer2.1.conv1,512,128,1,1,0,0.9845920085906983,0.030405628607432126,0.588206146110484,l40s
resnet152,gemm,285,layer2.1.conv2,128,128,3,1,1,0.6435072034597397,0.0035683424475982856,0.3844383143868679,l40s
resnet152,gemm,285,layer2.1.conv3,128,512,1,1,0,0.9931952029466629,0.017554943206338217,0.5933457894878508,l40s
resnet152,gemm,285,layer2.2.conv1,512,128,1,1,0,0.9864992022514343,0.035130543234929465,0.5893455246787436,l40s
resnet152,gemm,285,layer2.2.conv2,128,128,3,1,1,0.6372288018465042,0.0072930454572567366,0.3806875278839985,l40s
resnet152,gemm,285,layer2.2.conv3,128,512,1,1,0,0.9933392107486725,0.020328563826607367,0.5934318213401214,l40s
resnet152,gemm,285,layer2.3.conv1,512,128,1,1,0,0.9637456089258194,0.028633292553406107,0.5757522765887229,l40s
resnet152,gemm,285,layer2.3.conv2,128,128,3,1,1,0.6370528042316437,0.0063430236950073856,0.38058238496402913,l40s
resnet152,gemm,285,layer2.3.conv3,128,512,1,1,0,0.9906063973903656,0.030143273191028,0.5917992084410691,l40s
resnet152,gemm,285,layer2.4.conv1,512,128,1,1,0,0.9746160000562668,0.03458164174700473,0.5822463683726956,l40s
resnet152,gemm,285,layer2.4.conv2,128,128,3,1,1,0.6377695977687836,0.008018651929188329,0.38101060534400305,l40s
resnet152,gemm,285,layer2.4.conv3,128,512,1,1,0,0.9835103958845138,0.020347264657590028,0.5875599787275093,l40s
resnet152,gemm,285,layer2.5.conv1,512,128,1,1,0,0.9776960104703903,0.03393485087871611,0.5840864006295742,l40s
resnet152,gemm,285,layer2.5.conv2,128,128,3,1,1,0.6367440044879913,0.009166902672264093,0.38039790458479705,l40s
resnet152,gemm,285,layer2.5.conv3,128,512,1,1,0,0.9810992032289505,0.018496218953644616,0.5861195055903274,l40s
resnet152,gemm,285,layer2.6.conv1,512,128,1,1,0,0.9729423999786377,0.029555343305400675,0.5812465411922968,l40s
resnet152,gemm,285,layer2.6.conv2,128,128,3,1,1,0.6351536005735398,0.008031644377650402,0.37944777971163507,l40s
resnet152,gemm,285,layer2.6.conv3,128,512,1,1,0,0.9868640065193176,0.035553885714021245,0.589563462779626,l40s
resnet152,gemm,285,layer2.7.conv1,512,128,1,1,0,0.9824464023113251,0.031569833191910944,0.5869243372092855,l40s
resnet152,gemm,285,layer2.7.conv2,128,128,3,1,1,0.635607996582985,0.0044110074244047915,0.37971924090895504,l40s
resnet152,gemm,285,layer2.7.conv3,128,512,1,1,0,0.9803856015205383,0.016645172902139942,0.5856931920441066,l40s
resnet152,gemm,285,layer3.0.conv1,512,256,1,1,0,1.0420479863882064,0.025777121913185763,0.6225309821607541,l40s
resnet152,gemm,285,layer3.0.conv2,256,256,3,2,1,1.118993604183197,0.026219115896739503,0.6684991445146865,l40s
resnet152,gemm,285,layer3.0.conv3,256,1024,1,1,0,0.7615296006202698,0.026597079984382516,0.45494619865040486,l40s
resnet152,gemm,285,layer3.0.downsample.0,512,1024,1,2,0,1.2372640073299408,0.021192599598959378,0.7391551902949638,l40s
resnet152,gemm,285,layer3.1.conv1,1024,256,1,1,0,0.8969167977571487,0.027882111425082668,0.5358280063085543,l40s
resnet152,gemm,285,layer3.1.conv2,256,256,3,1,1,1.0564992070198058,0.024005151547810112,0.6311643010584692,l40s
resnet152,gemm,285,layer3.1.conv3,256,1024,1,1,0,0.8094960004091263,0.020492174323681975,0.4836018559342604,l40s
resnet152,gemm,285,layer3.2.conv1,1024,256,1,1,0,0.8919391989707947,0.03070926772056111,0.5328543337889121,l40s
resnet152,gemm,285,layer3.2.conv2,256,256,3,1,1,1.0674288034439088,0.034983173253204235,0.6376937627391165,l40s
resnet152,gemm,285,layer3.2.conv3,256,1024,1,1,0,0.7919247925281525,0.02119623978924474,0.47310462217652605,l40s
resnet152,gemm,285,layer3.3.conv1,1024,256,1,1,0,0.880052798986435,0.018672835876298848,0.5257532670882636,l40s
resnet152,gemm,285,layer3.3.conv2,256,256,3,1,1,1.047182410955429,0.022475673123072318,0.6255983441348817,l40s
resnet152,gemm,285,layer3.3.conv3,256,1024,1,1,0,0.8021375954151153,0.01715900872946255,0.4792058634771994,l40s
resnet152,gemm,285,layer3.4.conv1,1024,256,1,1,0,0.8903775960206985,0.03253470576517176,0.5319214149301195,l40s
resnet152,gemm,285,layer3.4.conv2,256,256,3,1,1,1.048059195280075,0.0259210409645576,0.6261221447792809,l40s
resnet152,gemm,285,layer3.4.conv3,256,1024,1,1,0,0.7951183944940567,0.018767717296504026,0.4750125152816755,l40s
resnet152,gemm,285,layer3.5.conv1,1024,256,1,1,0,0.8904704004526138,0.0205106984980537,0.5319768573232758,l40s
resnet152,gemm,285,layer3.5.conv2,256,256,3,1,1,1.0384335935115814,0.028783917139706947,0.6203717039156138,l40s
resnet152,gemm,285,layer3.5.conv3,256,1024,1,1,0,0.7971151977777481,0.017000528782732047,0.4762054276289146,l40s
resnet152,gemm,285,layer3.6.conv1,1024,256,1,1,0,0.9058623999357224,0.02945120185439604,0.5411722079029061,l40s
resnet152,gemm,285,layer3.6.conv2,256,256,3,1,1,1.039076805114746,0.013988304884034044,0.6207559656351179,l40s
resnet152,gemm,285,layer3.6.conv3,256,1024,1,1,0,0.7861823946237564,0.02219919068972646,0.469674050212396,l40s
resnet152,gemm,285,layer3.7.conv1,1024,256,1,1,0,0.9029872059822083,0.028925616995189276,0.5394545352629083,l40s
resnet152,gemm,285,layer3.7.conv2,256,256,3,1,1,1.0543280005455018,0.02200278507808951,0.6298671983179255,l40s
resnet152,gemm,285,layer3.7.conv3,256,1024,1,1,0,0.8052383959293365,0.01847047928208377,0.4810583159696161,l40s
resnet152,gemm,285,layer3.8.conv1,1024,256,1,1,0,0.8780927926301956,0.02690773270894079,0.5245823376321066,l40s
resnet152,gemm,285,layer3.8.conv2,256,256,3,1,1,1.0552383959293365,0.030116111264306144,0.6304110785805012,l40s
resnet152,gemm,285,layer3.8.conv3,256,1024,1,1,0,0.7920959979295731,0.02315754038486362,0.4732069021752303,l40s
resnet152,gemm,285,layer3.9.conv1,1024,256,1,1,0,0.8717615991830826,0.019910125068485888,0.5208000127043056,l40s
resnet152,gemm,285,layer3.9.conv2,256,256,3,1,1,1.0432896137237548,0.01972589505837385,0.6232727440515434,l40s
resnet152,gemm,285,layer3.9.conv3,256,1024,1,1,0,0.7997776001691819,0.02068116112972093,0.4777959762382845,l40s
resnet152,gemm,285,layer3.10.conv1,1024,256,1,1,0,0.8851199984550476,0.029017944518411873,0.5287804680456145,l40s
resnet152,gemm,285,layer3.10.conv2,256,256,3,1,1,1.0468144118785858,0.028147109767628586,0.6253784974198224,l40s
resnet152,gemm,285,layer3.10.conv3,256,1024,1,1,0,0.7908447921276093,0.024130643870320084,0.4724594180027581,l40s
resnet152,gemm,285,layer3.11.conv1,1024,256,1,1,0,0.8910576045513153,0.029359990414013878,0.5323276595407058,l40s
resnet152,gemm,285,layer3.11.conv2,256,256,3,1,1,1.0449487954378127,0.03527323800709711,0.6242639575422154,l40s
resnet152,gemm,285,layer3.11.conv3,256,1024,1,1,0,0.8029440015554428,0.026350529559325552,0.47968761941657656,l40s
resnet152,gemm,285,layer3.12.conv1,1024,256,1,1,0,0.8934303998947144,0.029202455213386307,0.5337451936992934,l40s
resnet152,gemm,285,layer3.12.conv2,256,256,3,1,1,1.0456192076206208,0.020907142646895468,0.624664469188577,l40s
resnet152,gemm,285,layer3.12.conv3,256,1024,1,1,0,0.7874959975481033,0.0157774930222384,0.47045881111529586,l40s
resnet152,gemm,285,layer3.13.conv1,1024,256,1,1,0,0.8932767957448959,0.029614123919764226,0.5336534288827979,l40s
resnet152,gemm,285,layer3.13.conv2,256,256,3,1,1,1.0479919850826263,0.017027943058070687,0.6260819926646225,l40s
resnet152,gemm,285,layer3.13.conv3,256,1024,1,1,0,0.8008415937423706,0.02538255885786681,0.47843161775650833,l40s
resnet152,gemm,285,layer3.14.conv1,1024,256,1,1,0,0.8791136056184768,0.027731183448362187,0.5251921825917422,l40s
resnet152,gemm,285,layer3.14.conv2,256,256,3,1,1,1.0557743966579438,0.0305197002873143,0.6307312913388169,l40s
resnet152,gemm,285,layer3.14.conv3,256,1024,1,1,0,0.7837088018655777,0.024454395333308183,0.46819629856436296,l40s
resnet152,gemm,285,layer3.15.conv1,1024,256,1,1,0,0.8876991957426071,0.025375431559409634,0.5303213090064766,l40s
resnet152,gemm,285,layer3.15.conv2,256,256,3,1,1,1.0500176012516023,0.02533161867165885,0.6272921181479258,l40s
resnet152,gemm,285,layer3.15.conv3,256,1024,1,1,0,0.7948879987001419,0.01569885537712824,0.47487487428841507,l40s
resnet152,gemm,285,layer3.16.conv1,1024,256,1,1,0,0.8887792021036148,0.02483772403688593,0.530966516741092,l40s
resnet152,gemm,285,layer3.16.conv2,256,256,3,1,1,1.0566000014543533,0.03950307440513348,0.6312245167674911,l40s
resnet152,gemm,285,layer3.16.conv3,256,1024,1,1,0,0.7846783965826034,0.023960339607790444,0.4687755451627658,l40s
resnet152,gemm,285,layer3.17.conv1,1024,256,1,1,0,0.875068798661232,0.02143002014467284,0.5227757702185732,l40s
resnet152,gemm,285,layer3.17.conv2,256,256,3,1,1,1.0491423904895782,0.0334584325611623,0.6267692575672256,l40s
resnet152,gemm,285,layer3.17.conv3,256,1024,1,1,0,0.8005600035190582,0.026126289253921804,0.4782633926454047,l40s
resnet152,gemm,285,layer3.18.conv1,1024,256,1,1,0,0.8853392004966736,0.024697897217245912,0.5289114217675617,l40s
resnet152,gemm,285,layer3.18.conv2,256,256,3,1,1,1.053483211994171,0.028441190481545166,0.6293625123020723,l40s
resnet152,gemm,285,layer3.18.conv3,256,1024,1,1,0,0.7887120008468628,0.02222780386787693,0.47118526492335056,l40s
resnet152,gemm,285,layer3.19.conv1,1024,256,1,1,0,0.8803008049726486,0.020644372231980415,0.5259014286050039,l40s
resnet152,gemm,285,layer3.19.conv2,256,256,3,1,1,1.048937600851059,0.02749937963058588,0.6266469139741578,l40s
resnet152,gemm,285,layer3.19.conv3,256,1024,1,1,0,0.7931488037109375,0.02230710478422367,0.4738358599829883,l40s
resnet152,gemm,285,layer3.20.conv1,1024,256,1,1,0,0.8815872013568878,0.025200646776953568,0.5266699360201991,l40s
resnet152,gemm,285,layer3.20.conv2,256,256,3,1,1,1.0422240018844604,0.026399801195308527,0.6226361357632655,l40s
resnet152,gemm,285,layer3.20.conv3,256,1024,1,1,0,0.789289602637291,0.020812254976116603,0.47153033061570826,l40s
resnet152,gemm,285,layer3.21.conv1,1024,256,1,1,0,0.8903295993804932,0.03172431144786389,0.5318927412068766,l40s
resnet152,gemm,285,layer3.21.conv2,256,256,3,1,1,1.0452319920063018,0.03125973587338856,0.6244331423016786,l40s
resnet152,gemm,285,layer3.21.conv3,256,1024,1,1,0,0.7955392062664032,0.021048539406173176,0.47526391288463193,l40s
resnet152,gemm,285,layer3.22.conv1,1024,256,1,1,0,0.891251203417778,0.029089590940372726,0.5324433176428839,l40s
resnet152,gemm,285,layer3.22.conv2,256,256,3,1,1,1.0427791893482208,0.026940194713765624,0.6229678108891837,l40s
resnet152,gemm,285,layer3.22.conv3,256,1024,1,1,0,0.7832048028707504,0.018975031056842253,0.4678952039954407,l40s
resnet152,gemm,285,layer3.23.conv1,1024,256,1,1,0,0.8864719986915588,0.02831060111596307,0.5295881679271086,l40s
resnet152,gemm,285,layer3.23.conv2,256,256,3,1,1,1.0394767940044403,0.02531302929577505,0.6209949234178759,l40s
resnet152,gemm,285,layer3.23.conv3,256,1024,1,1,0,0.791371202468872,0.019506176589994418,0.47277390135769626,l40s
resnet152,gemm,285,layer3.24.conv1,1024,256,1,1,0,0.9026624113321304,0.030698365536566588,0.5392604993498269,l40s
resnet152,gemm,285,layer3.24.conv2,256,256,3,1,1,1.0527407944202423,0.03304574759819148,0.6289189838393637,l40s
resnet152,gemm,285,layer3.24.conv3,256,1024,1,1,0,0.7896672010421752,0.02154808844484498,0.471755912075416,l40s
resnet152,gemm,285,layer3.25.conv1,1024,256,1,1,0,0.8917519927024842,0.027879305356060407,0.5327424946955112,l40s
resnet152,gemm,285,layer3.25.conv2,256,256,3,1,1,1.041003194451332,0.027524135792365838,0.621906811912251,l40s
resnet152,gemm,285,layer3.25.conv3,256,1024,1,1,0,0.7942639976739884,0.02084273574264375,0.4745020891799028,l40s
resnet152,gemm,285,layer3.26.conv1,1024,256,1,1,0,0.8968848019838334,0.027408467086287767,0.5358088916800082,l40s
resnet152,gemm,285,layer3.26.conv2,256,256,3,1,1,1.0483023941516876,0.03384943401909916,0.6262674344726377,l40s
resnet152,gemm,285,layer3.26.conv3,256,1024,1,1,0,0.7883024007081986,0.02080833841266293,0.47094056527424927,l40s
resnet152,gemm,285,layer3.27.conv1,1024,256,1,1,0,0.8859759986400604,0.03166519532088142,0.5292918520153228,l40s
resnet152,gemm,285,layer3.27.conv2,256,256,3,1,1,1.0620736002922058,0.02809254551787173,0.6344945051989191,l40s
resnet152,gemm,285,layer3.27.conv3,256,1024,1,1,0,0.7923759996891022,0.022849333975902785,0.4733741783205167,l40s
resnet152,gemm,285,layer3.28.conv1,1024,256,1,1,0,0.8778160035610199,0.022904154660637076,0.5244169807835392,l40s
resnet152,gemm,285,layer3.28.conv2,256,256,3,1,1,1.0419215917587281,0.028868078276329343,0.6224554726123871,l40s
resnet152,gemm,285,layer3.28.conv3,256,1024,1,1,0,0.7825136005878448,0.016944226435524245,0.46748227211354104,l40s
resnet152,gemm,285,layer3.29.conv1,1024,256,1,1,0,0.894454401731491,0.025553189376041712,0.5343569437122583,l40s
resnet152,gemm,285,layer3.29.conv2,256,256,3,1,1,1.0564544141292571,0.028409524795134054,0.6311375412906741,l40s
resnet152,gemm,285,layer3.29.conv3,256,1024,1,1,0,0.7948128014802933,0.024425309032203916,0.4748299506383149,l40s
resnet152,gemm,285,layer3.30.conv1,1024,256,1,1,0,0.88578559756279,0.029545951676400065,0.5291781043077451,l40s
resnet152,gemm,285,layer3.30.conv2,256,256,3,1,1,1.0436240017414093,0.023026056409801956,0.6234725111484262,l40s
resnet152,gemm,285,layer3.30.conv3,256,1024,1,1,0,0.7830496042966842,0.020040341329889327,0.4678024866522805,l40s
resnet152,gemm,285,layer3.31.conv1,1024,256,1,1,0,0.8888480007648468,0.029320540096659582,0.5310076178215676,l40s
resnet152,gemm,285,layer3.31.conv2,256,256,3,1,1,1.0517792046070098,0.03172185993360199,0.6283445194589448,l40s
resnet152,gemm,285,layer3.31.conv3,256,1024,1,1,0,0.7996703952550888,0.025176615103707004,0.4777319308379434,l40s
resnet152,gemm,285,layer3.32.conv1,1024,256,1,1,0,0.8918896019458771,0.03010038174914738,0.5328247039781572,l40s
resnet152,gemm,285,layer3.32.conv2,256,256,3,1,1,1.0535279989242554,0.023994334071732938,0.6293892685090201,l40s
resnet152,gemm,285,layer3.32.conv3,256,1024,1,1,0,0.7809471994638443,0.01891981447796226,0.466546486772636,l40s
resnet152,gemm,285,layer3.33.conv1,1024,256,1,1,0,0.8905439972877502,0.022486233888144996,0.5320208248858639,l40s
resnet152,gemm,285,layer3.33.conv2,256,256,3,1,1,1.0462944030761718,0.0281940890978329,0.6250678384149325,l40s
resnet152,gemm,285,layer3.33.conv3,256,1024,1,1,0,0.7920448005199432,0.021923071989727455,0.4731763162769634,l40s
resnet152,gemm,285,layer3.34.conv1,1024,256,1,1,0,0.8909696042537689,0.023394211407637144,0.5322750871905093,l40s
resnet152,gemm,285,layer3.34.conv2,256,256,3,1,1,1.0497919976711274,0.028567440368402107,0.6271573400759305,l40s
resnet152,gemm,285,layer3.34.conv3,256,1024,1,1,0,0.7844159990549088,0.020927295386566073,0.468618785980112,l40s
resnet152,gemm,285,layer3.35.conv1,1024,256,1,1,0,0.8906752020120621,0.03312470862716185,0.5320992080380382,l40s
resnet152,gemm,285,layer3.35.conv2,256,256,3,1,1,1.0405552089214325,0.02150947378946053,0.6216391804062502,l40s
resnet152,gemm,285,layer3.35.conv3,256,1024,1,1,0,0.7944368034601211,0.02336966457746977,0.47460532526611915,l40s
resnet152,gemm,285,layer4.0.conv1,1024,512,1,1,0,1.0192223966121674,0.03655856770390896,0.6088947225956572,l40s
resnet152,gemm,285,layer4.0.conv2,512,512,3,2,1,1.7685759902000426,0.026637124146950658,1.0565668400946315,l40s
resnet152,gemm,285,layer4.0.conv3,512,2048,1,1,0,0.941427206993103,0.02361353601839729,0.5624190166458777,l40s
resnet152,gemm,285,layer4.0.downsample.0,1024,2048,1,2,0,1.5738640069961547,0.027381349012640516,0.9402437496748519,l40s
resnet152,gemm,285,layer4.1.conv1,2048,512,1,1,0,1.038996797800064,0.02920322047629524,0.6207081683812107,l40s
resnet152,gemm,285,layer4.1.conv2,512,512,3,1,1,1.5838399827480316,0.02824263286663891,0.9462035078279798,l40s
resnet152,gemm,285,layer4.1.conv3,512,2048,1,1,0,0.9591839998960495,0.020179563780389122,0.5730271209465353,l40s
resnet152,gemm,285,layer4.2.conv1,2048,512,1,1,0,1.0372495979070664,0.0270548198530123,0.6196643718578,l40s
resnet152,gemm,285,layer4.2.conv2,512,512,3,1,1,1.5789903938770293,0.026040519770758053,0.943306309846335,l40s
resnet152,gemm,285,layer4.2.conv3,512,2048,1,1,0,0.9581312030553818,0.022790813665012056,0.5723981684800484,l40s
resnet152,gemm,288,conv1,3,64,7,2,3,1.0795503914356233,0.020325844777577914,0.6507323255326208,l40s
resnet152,gemm,288,layer1.0.conv1,64,64,1,1,0,0.7414655983448029,0.024231279348688003,0.4469412793892006,l40s
resnet152,gemm,288,layer1.0.conv2,64,64,3,1,1,0.9002031952142715,0.022764146710884527,0.5426252663339534,l40s
resnet152,gemm,288,layer1.0.conv3,64,256,1,1,0,1.2190128087997436,0.020751965141844853,0.7347976029811973,l40s
resnet152,gemm,288,layer1.0.downsample.0,64,256,1,1,0,1.122105598449707,0.02477230888352119,0.676383790293771,l40s
resnet152,gemm,288,layer1.1.conv1,256,64,1,1,0,1.0965216159820557,0.020479102547987404,0.6609622550512882,l40s
resnet152,gemm,288,layer1.1.conv2,64,64,3,1,1,0.8841776013374328,0.02567826147448654,0.5329653448942062,l40s
resnet152,gemm,288,layer1.1.conv3,64,256,1,1,0,1.1509775996208191,0.0212778711865393,0.6937872803150877,l40s
resnet152,gemm,288,layer1.2.conv1,256,64,1,1,0,1.0895855963230132,0.02543618184701404,0.6567813550780444,l40s
resnet152,gemm,288,layer1.2.conv2,64,64,3,1,1,0.8769344031810761,0.020698807896316063,0.5285992835987148,l40s
resnet152,gemm,288,layer1.2.conv3,64,256,1,1,0,1.1497552037239074,0.02085323132728697,0.6930504434513067,l40s
resnet152,gemm,288,layer2.0.conv1,256,128,1,1,0,1.5786128163337707,0.031637668190401716,0.951557608832318,l40s
resnet152,gemm,288,layer2.0.conv2,128,128,3,2,1,0.9268368005752563,0.021014520685198403,0.5586794941785878,l40s
resnet152,gemm,288,layer2.0.conv3,128,512,1,1,0,0.9448127925395966,0.02411636423006069,0.5695150782768484,l40s
resnet152,gemm,288,layer2.0.downsample.0,256,512,1,2,0,1.5134544014930724,0.026727279323751275,0.9122813627638775,l40s
resnet152,gemm,288,layer2.1.conv1,512,128,1,1,0,0.9840000033378601,0.03486418233507329,0.5931363793445825,l40s
resnet152,gemm,288,layer2.1.conv2,128,128,3,1,1,0.6465279996395111,0.006665345754794015,0.389714710925063,l40s
resnet152,gemm,288,layer2.1.conv3,128,512,1,1,0,0.9933679968118667,0.015409255687474198,0.5987832266129235,l40s
resnet152,gemm,288,layer2.2.conv1,512,128,1,1,0,0.9721152007579803,0.024426029362967394,0.5859724476905755,l40s
resnet152,gemm,288,layer2.2.conv2,128,128,3,1,1,0.637238410115242,0.0067987805516611455,0.3841151240578559,l40s
resnet152,gemm,288,layer2.2.conv3,128,512,1,1,0,0.9903488039970398,0.020323113439253325,0.5969633149374611,l40s
resnet152,gemm,288,layer2.3.conv1,512,128,1,1,0,0.9723680019378662,0.028803209647301303,0.586124831406046,l40s
resnet152,gemm,288,layer2.3.conv2,128,128,3,1,1,0.6349360048770905,0.00594510617185268,0.38272727822237956,l40s
resnet152,gemm,288,layer2.3.conv3,128,512,1,1,0,0.9822415977716445,0.019432286348757724,0.592076446105328,l40s
resnet152,gemm,288,layer2.4.conv1,512,128,1,1,0,0.9658304065465927,0.023869629583239342,0.5821840939600641,l40s
resnet152,gemm,288,layer2.4.conv2,128,128,3,1,1,0.6372591972351074,0.00598681451006769,0.3841276541360797,l40s
resnet152,gemm,288,layer2.4.conv3,128,512,1,1,0,0.9826976031064987,0.021739145320395652,0.5923513173983763,l40s
resnet152,gemm,288,layer2.5.conv1,512,128,1,1,0,0.9710032016038894,0.03489111231867216,0.5853021558716178,l40s
resnet152,gemm,288,layer2.5.conv2,128,128,3,1,1,0.636995205283165,0.004761881729890979,0.3839685248372788,l40s
resnet152,gemm,288,layer2.5.conv3,128,512,1,1,0,0.9829071998596192,0.023369012605229087,0.5924776583118383,l40s
resnet152,gemm,288,layer2.6.conv1,512,128,1,1,0,0.9759711921215057,0.029682714017598553,0.5882967655243023,l40s
resnet152,gemm,288,layer2.6.conv2,128,128,3,1,1,0.6385856002569199,0.007196018265873549,0.3849271845052269,l40s
resnet152,gemm,288,layer2.6.conv3,128,512,1,1,0,0.9846288055181504,0.019249767409119087,0.5935154092706763,l40s
resnet152,gemm,288,layer2.7.conv1,512,128,1,1,0,0.9713648021221161,0.033199573348236505,0.5855201217470473,l40s
resnet152,gemm,288,layer2.7.conv2,128,128,3,1,1,0.6326992005109787,0.006235422049306122,0.3813789753377076,l40s
resnet152,gemm,288,layer2.7.conv3,128,512,1,1,0,0.9878367990255356,0.0242696348380342,0.5954491263920958,l40s
resnet152,gemm,288,layer3.0.conv1,512,256,1,1,0,1.04964639544487,0.025677429962566074,0.6327067687747717,l40s
resnet152,gemm,288,layer3.0.conv2,256,256,3,2,1,1.1070495903491975,0.019060434092345764,0.6673083166130532,l40s
resnet152,gemm,288,layer3.0.conv3,256,1024,1,1,0,0.7631408035755157,0.02777405523839254,0.4600066784831897,l40s
resnet152,gemm,288,layer3.0.downsample.0,512,1024,1,2,0,1.257369601726532,0.02841535586569693,0.7579183440408429,l40s
resnet152,gemm,288,layer3.1.conv1,1024,256,1,1,0,0.897190397977829,0.02639230665459907,0.5408092097908018,l40s
resnet152,gemm,288,layer3.1.conv2,256,256,3,1,1,1.0520543873310089,0.027686358095069356,0.6341582602219167,l40s
resnet152,gemm,288,layer3.1.conv3,256,1024,1,1,0,0.8003839999437332,0.02034582845157771,0.4824561648390135,l40s
resnet152,gemm,288,layer3.2.conv1,1024,256,1,1,0,0.8803120017051697,0.022286660691216605,0.5306352353798781,l40s
resnet152,gemm,288,layer3.2.conv2,256,256,3,1,1,1.0535760045051574,0.02457044218656675,0.6350754619478939,l40s
resnet152,gemm,288,layer3.2.conv3,256,1024,1,1,0,0.8062304049730301,0.02517645634417531,0.48598026595638766,l40s
resnet152,gemm,288,layer3.3.conv1,1024,256,1,1,0,0.8929744035005569,0.021080581055879455,0.5382678889665099,l40s
resnet152,gemm,288,layer3.3.conv2,256,256,3,1,1,1.05035040974617,0.02823267442057464,0.633131135128698,l40s
resnet152,gemm,288,layer3.3.conv3,256,1024,1,1,0,0.8009472042322159,0.02123389584180149,0.4827956536107297,l40s
resnet152,gemm,288,layer3.4.conv1,1024,256,1,1,0,0.8887695997953415,0.031140399881250256,0.5357333137255483,l40s
resnet152,gemm,288,layer3.4.conv2,256,256,3,1,1,1.043553602695465,0.0338334351785768,0.6290341498527999,l40s
resnet152,gemm,288,layer3.4.conv3,256,1024,1,1,0,0.7871583998203278,0.021998225671069013,0.47448402607351947,l40s
resnet152,gemm,288,layer3.5.conv1,1024,256,1,1,0,0.8990336060523987,0.020470861964876342,0.5419202603599284,l40s
resnet152,gemm,288,layer3.5.conv2,256,256,3,1,1,1.0453264117240906,0.02685091206154504,0.6301027652236754,l40s
resnet152,gemm,288,layer3.5.conv3,256,1024,1,1,0,0.8006128013134003,0.02658895382359407,0.4825940819279699,l40s
resnet152,gemm,288,layer3.6.conv1,1024,256,1,1,0,0.8882975965738297,0.023865040120779276,0.5354487992124418,l40s
resnet152,gemm,288,layer3.6.conv2,256,256,3,1,1,1.0552367925643922,0.029191915577045747,0.6360765532212391,l40s
resnet152,gemm,288,layer3.6.conv3,256,1024,1,1,0,0.7852816045284271,0.02298775840545303,0.4733527297722666,l40s
resnet152,gemm,288,layer3.7.conv1,1024,256,1,1,0,0.8869328051805496,0.022543241988528067,0.5346261290672947,l40s
resnet152,gemm,288,layer3.7.conv2,256,256,3,1,1,1.059604811668396,0.026151308769553676,0.6387095115824875,l40s
resnet152,gemm,288,layer3.7.conv3,256,1024,1,1,0,0.7850624024868011,0.01550784885633497,0.47322059897463054,l40s
resnet152,gemm,288,layer3.8.conv1,1024,256,1,1,0,0.8921343982219696,0.022578642310731253,0.5377615498528091,l40s
resnet152,gemm,288,layer3.8.conv2,256,256,3,1,1,1.0548368096351624,0.030374792859022674,0.6358354511626636,l40s
resnet152,gemm,288,layer3.8.conv3,256,1024,1,1,0,0.7924927979707718,0.028210334581909507,0.4776994992383609,l40s
resnet152,gemm,288,layer3.9.conv1,1024,256,1,1,0,0.889084804058075,0.023851124961144183,0.5359233128256679,l40s
resnet152,gemm,288,layer3.9.conv2,256,256,3,1,1,1.0570271968841554,0.03363265412429918,0.6371557746970369,l40s
resnet152,gemm,288,layer3.9.conv3,256,1024,1,1,0,0.8083488017320632,0.023256741236086082,0.4872571950004994,l40s
resnet152,gemm,288,layer3.10.conv1,1024,256,1,1,0,0.8841887950897217,0.027776565259620748,0.5329720922739636,l40s
resnet152,gemm,288,layer3.10.conv2,256,256,3,1,1,1.0506448090076446,0.030482853873532893,0.6333085933720317,l40s
resnet152,gemm,288,layer3.10.conv3,256,1024,1,1,0,0.7829807966947555,0.02383046570599625,0.47196584682165443,l40s
resnet152,gemm,288,layer3.11.conv1,1024,256,1,1,0,0.8952767997980118,0.030425582543307066,0.5396557294127053,l40s
resnet152,gemm,288,layer3.11.conv2,256,256,3,1,1,1.0496016025543213,0.0234255705305581,0.63267976847718,l40s
resnet152,gemm,288,layer3.11.conv3,256,1024,1,1,0,0.7905919998884201,0.014357717292764437,0.47655373451416705,l40s
resnet152,gemm,288,layer3.12.conv1,1024,256,1,1,0,0.88680320084095,0.026800752243043166,0.5345480060505501,l40s
resnet152,gemm,288,layer3.12.conv2,256,256,3,1,1,1.0538224041461945,0.029383535799461867,0.6352239869381995,l40s
resnet152,gemm,288,layer3.12.conv3,256,1024,1,1,0,0.7937071979045868,0.026807563507173178,0.4784315162885398,l40s
resnet152,gemm,288,layer3.13.conv1,1024,256,1,1,0,0.8926032066345215,0.029124307569387626,0.5380441385961873,l40s
resnet152,gemm,288,layer3.13.conv2,256,256,3,1,1,1.0502591967582702,0.027760608788261382,0.6330761536843803,l40s
resnet152,gemm,288,layer3.13.conv3,256,1024,1,1,0,0.7940991997718811,0.018246289947865608,0.4786678075156481,l40s
resnet152,gemm,288,layer3.14.conv1,1024,256,1,1,0,0.883595198392868,0.02936704829737019,0.5326142835398494,l40s
resnet152,gemm,288,layer3.14.conv2,256,256,3,1,1,1.0517056047916413,0.0308679637631656,0.633948020778952,l40s
resnet152,gemm,288,layer3.14.conv3,256,1024,1,1,0,0.7793535977602005,0.01716837589453787,0.469779440687603,l40s
resnet152,gemm,288,layer3.15.conv1,1024,256,1,1,0,0.8894896000623703,0.02651737503361038,0.5361673161138247,l40s
resnet152,gemm,288,layer3.15.conv2,256,256,3,1,1,1.0482832044363022,0.0316770782112623,0.6318850633109158,l40s
resnet152,gemm,288,layer3.15.conv3,256,1024,1,1,0,0.7978399932384491,0.02622141361632252,0.4809226862606781,l40s
resnet152,gemm,288,layer3.16.conv1,1024,256,1,1,0,0.8903232008218765,0.02791139679821915,0.5366697947059338,l40s
resnet152,gemm,288,layer3.16.conv2,256,256,3,1,1,1.037916797399521,0.022556488449205225,0.6256363914453147,l40s
resnet152,gemm,288,layer3.16.conv3,256,1024,1,1,0,0.7801359981298447,0.021126963467383065,0.47025105666410144,l40s
resnet152,gemm,288,layer3.17.conv1,1024,256,1,1,0,0.8773088037967682,0.028108960840775212,0.5288249651280468,l40s
resnet152,gemm,288,layer3.17.conv2,256,256,3,1,1,1.0577679991722106,0.030825186580464386,0.6376023161456718,l40s
resnet152,gemm,288,layer3.17.conv3,256,1024,1,1,0,0.8043440014123917,0.029537814621514363,0.48484317797453363,l40s
resnet152,gemm,288,layer3.18.conv1,1024,256,1,1,0,0.8895472049713135,0.0388580267957997,0.5362020392510272,l40s
resnet152,gemm,288,layer3.18.conv2,256,256,3,1,1,1.0428640007972718,0.027896445308645712,0.6286184710197755,l40s
resnet152,gemm,288,layer3.18.conv3,256,1024,1,1,0,0.7859311997890472,0.021708114142766816,0.473744293369438,l40s
resnet152,gemm,288,layer3.19.conv1,1024,256,1,1,0,0.8982832044363022,0.03496604618426542,0.541467932619973,l40s
resnet152,gemm,288,layer3.19.conv2,256,256,3,1,1,1.0484575927257538,0.030365894094469624,0.6319901812359712,l40s
resnet152,gemm,288,layer3.19.conv3,256,1024,1,1,0,0.7912496030330658,0.017795729169453753,0.47695012511064844,l40s
resnet152,gemm,288,layer3.20.conv1,1024,256,1,1,0,0.8815568029880524,0.02334816089829123,0.5313855777817358,l40s
resnet152,gemm,288,layer3.20.conv2,256,256,3,1,1,1.0448976069688798,0.029278727495198234,0.6298442899197234,l40s
resnet152,gemm,288,layer3.20.conv3,256,1024,1,1,0,0.7838768035173416,0.02259269121604961,0.4725059425948394,l40s
resnet152,gemm,288,layer3.21.conv1,1024,256,1,1,0,0.8840143918991089,0.028445100252856636,0.5328669653667732,l40s
resnet152,gemm,288,layer3.21.conv2,256,256,3,1,1,1.0493392109870912,0.02704786928044189,0.6325216038596703,l40s
resnet152,gemm,288,layer3.21.conv3,256,1024,1,1,0,0.8030207991600037,0.027285130006205808,0.48404557696796885,l40s
resnet152,gemm,288,layer3.22.conv1,1024,256,1,1,0,0.8805279970169068,0.0305279740633956,0.5307654332220779,l40s
resnet152,gemm,288,layer3.22.conv2,256,256,3,1,1,1.0486112058162689,0.034060903961777335,0.6320827762685108,l40s
resnet152,gemm,288,layer3.22.conv3,256,1024,1,1,0,0.7843120038509369,0.01670934456849782,0.4727682730311022,l40s
resnet152,gemm,288,layer3.23.conv1,1024,256,1,1,0,0.9037087976932525,0.03118741868051107,0.5447383764505702,l40s
resnet152,gemm,288,layer3.23.conv2,256,256,3,1,1,1.0491136074066163,0.026297543752797106,0.6323856143368694,l40s
resnet152,gemm,288,layer3.23.conv3,256,1024,1,1,0,0.7971840023994445,0.020729722280288392,0.48052726753119585,l40s
resnet152,gemm,288,layer3.24.conv1,1024,256,1,1,0,0.8959951967000961,0.02597795741193721,0.5400887653232634,l40s
resnet152,gemm,288,layer3.24.conv2,256,256,3,1,1,1.0407135903835296,0.022677969433241612,0.6273222447569855,l40s
resnet152,gemm,288,layer3.24.conv3,256,1024,1,1,0,0.7768912047147751,0.017249115107395404,0.4682951572622651,l40s
resnet152,gemm,288,layer3.25.conv1,1024,256,1,1,0,0.895567998290062,0.02509134288816341,0.5398312582934567,l40s
resnet152,gemm,288,layer3.25.conv2,256,256,3,1,1,1.0463168025016785,0.025696214721613493,0.6306997538394905,l40s
resnet152,gemm,288,layer3.25.conv3,256,1024,1,1,0,0.8034191995859146,0.021647172631620876,0.4842857251238149,l40s
resnet152,gemm,288,layer3.26.conv1,1024,256,1,1,0,0.8979088008403778,0.034235480228829544,0.541242249294214,l40s
resnet152,gemm,288,layer3.26.conv2,256,256,3,1,1,1.0435263991355896,0.022007113851893797,0.6290177520672765,l40s
resnet152,gemm,288,layer3.26.conv3,256,1024,1,1,0,0.7805423945188522,0.01696878683143826,0.47049602463354956,l40s
resnet152,gemm,288,layer3.27.conv1,1024,256,1,1,0,0.881307202577591,0.029390181113025615,0.5312351234288478,l40s
resnet152,gemm,288,layer3.27.conv2,256,256,3,1,1,1.0598047912120818,0.030696248281926283,0.6388300554260672,l40s
resnet152,gemm,288,layer3.27.conv3,256,1024,1,1,0,0.8039792031049728,0.024935802267305476,0.4846232845329488,l40s
resnet152,gemm,288,layer3.28.conv1,1024,256,1,1,0,0.8842751979827881,0.03025913737029634,0.5330241742851267,l40s
resnet152,gemm,288,layer3.28.conv2,256,256,3,1,1,1.053731197118759,0.03685459547725113,0.6351690090867358,l40s
resnet152,gemm,288,layer3.28.conv3,256,1024,1,1,0,0.7864495992660523,0.020867761236036782,0.47405677465785456,l40s
resnet152,gemm,288,layer3.29.conv1,1024,256,1,1,0,0.8886880069971085,0.02750344415267602,0.5356841311475399,l40s
resnet152,gemm,288,layer3.29.conv2,256,256,3,1,1,1.0429360032081605,0.03401936365122107,0.6286618726957447,l40s
resnet152,gemm,288,layer3.29.conv3,256,1024,1,1,0,0.7999375998973847,0.022312361664357554,0.48218708343013916,l40s
resnet152,gemm,288,layer3.30.conv1,1024,256,1,1,0,0.8922463953495026,0.028778893849476458,0.5378290595789235,l40s
resnet152,gemm,288,layer3.30.conv2,256,256,3,1,1,1.039390403032303,0.023795239405331573,0.6265246527325558,l40s
resnet152,gemm,288,layer3.30.conv3,256,1024,1,1,0,0.7852991998195649,0.021550116964639682,0.47336333587718893,l40s
resnet152,gemm,288,layer3.31.conv1,1024,256,1,1,0,0.8844336092472076,0.0249544013804694,0.5331196615651129,l40s
resnet152,gemm,288,layer3.31.conv2,256,256,3,1,1,1.0342688024044038,0.018640760644728638,0.6234374498437586,l40s
resnet152,gemm,288,layer3.31.conv3,256,1024,1,1,0,0.7899455994367599,0.020449332151489724,0.4761640966867241,l40s
resnet152,gemm,288,layer3.32.conv1,1024,256,1,1,0,0.88959039747715,0.028859097663831202,0.5362280748673277,l40s
resnet152,gemm,288,layer3.32.conv2,256,256,3,1,1,1.0492415845394134,0.026632946043608604,0.6324627565044798,l40s
resnet152,gemm,288,layer3.32.conv3,256,1024,1,1,0,0.7805168002843856,0.02018757254732174,0.4704805969185983,l40s
resnet152,gemm,288,layer3.33.conv1,1024,256,1,1,0,0.8855872005224228,0.03002144457148148,0.53381502431908,l40s
resnet152,gemm,288,layer3.33.conv2,256,256,3,1,1,1.047220802307129,0.025671339773334537,0.6312446676298505,l40s
resnet152,gemm,288,layer3.33.conv3,256,1024,1,1,0,0.793553602695465,0.020753282657756722,0.47833893203456196,l40s
resnet152,gemm,288,layer3.34.conv1,1024,256,1,1,0,0.8917023986577988,0.026391309751002692,0.5375011487791287,l40s
resnet152,gemm,288,layer3.34.conv2,256,256,3,1,1,1.0415488004684448,0.03173235457569757,0.6278256934196667,l40s
resnet152,gemm,288,layer3.34.conv3,256,1024,1,1,0,0.7876623958349228,0.021776561110189895,0.4747878252303152,l40s
resnet152,gemm,288,layer3.35.conv1,1024,256,1,1,0,0.8883936017751694,0.02832730008495288,0.535506669311352,l40s
resnet152,gemm,288,layer3.35.conv2,256,256,3,1,1,1.04481121301651,0.02920673121097734,0.6297922132978412,l40s
resnet152,gemm,288,layer3.35.conv3,256,1024,1,1,0,0.796982404589653,0.023358378291253885,0.480405748227763,l40s
resnet152,gemm,288,layer4.0.conv1,1024,512,1,1,0,1.006343999505043,0.030794129890494095,0.6066049128219565,l40s
resnet152,gemm,288,layer4.0.conv2,512,512,3,2,1,1.7662015914916993,0.02674795515729433,1.06463253416304,l40s
resnet152,gemm,288,layer4.0.conv3,512,2048,1,1,0,0.9439759999513626,0.02299766069980898,0.5690106757114379,l40s
resnet152,gemm,288,layer4.0.downsample.0,1024,2048,1,2,0,1.5693551838397979,0.03691020363842999,0.9459772850516763,l40s
resnet152,gemm,288,layer4.1.conv1,2048,512,1,1,0,1.0343919932842254,0.024327851391906356,0.6235117069496304,l40s
resnet152,gemm,288,layer4.1.conv2,512,512,3,1,1,1.5833919942378998,0.027138561159945226,0.9544384058533374,l40s
resnet152,gemm,288,layer4.1.conv3,512,2048,1,1,0,0.9682351917028427,0.021978104125862978,0.5836336524517727,l40s
resnet152,gemm,288,layer4.2.conv1,2048,512,1,1,0,1.0283935993909836,0.023811369323289165,0.6198959898524237,l40s
resnet152,gemm,288,layer4.2.conv2,512,512,3,1,1,1.5696480035781861,0.026880742208684395,0.9461537911887079,l40s
resnet152,gemm,288,layer4.2.conv3,512,2048,1,1,0,0.9506191998720169,0.016677621881235186,0.5730150695476504,l40s
resnet152,gemm,290,conv1,3,64,7,2,3,1.0987871944904328,0.04692938157586986,0.6543167221612088,l40s
resnet152,gemm,290,layer1.0.conv1,64,64,1,1,0,0.7297551959753037,0.013977929628657989,0.4345618789561064,l40s
resnet152,gemm,290,layer1.0.conv2,64,64,3,1,1,0.9168912053108216,0.02973322412119857,0.5459994902066911,l40s
resnet152,gemm,290,layer1.0.conv3,64,256,1,1,0,1.3655936181545258,0.020597660059641174,0.8131972637791008,l40s
resnet152,gemm,290,layer1.0.downsample.0,64,256,1,1,0,1.1536495983600616,0.027141934903625518,0.6869867318317415,l40s
resnet152,gemm,290,layer1.1.conv1,256,64,1,1,0,1.1076335906982422,0.01643191238091884,0.6595846621214279,l40s
resnet152,gemm,290,layer1.1.conv2,64,64,3,1,1,0.8928064048290253,0.025911386234967318,0.5316572337768972,l40s
resnet152,gemm,290,layer1.1.conv3,64,256,1,1,0,1.1021247923374176,0.023104401049105324,0.6563042281078394,l40s
resnet152,gemm,290,layer1.2.conv1,256,64,1,1,0,1.1073632001876832,0.027804712773017735,0.6594236472921146,l40s
resnet152,gemm,290,layer1.2.conv2,64,64,3,1,1,0.899616003036499,0.02482432606831537,0.5357122810150617,l40s
resnet152,gemm,290,layer1.2.conv3,64,256,1,1,0,1.106436800956726,0.02776048115265052,0.658871985868272,l40s
resnet152,gemm,290,layer2.0.conv1,256,128,1,1,0,1.60903360247612,0.03572212382559376,0.9581633258000106,l40s
resnet152,gemm,290,layer2.0.conv2,128,128,3,2,1,0.9567760050296783,0.027593038622567685,0.5697504872577637,l40s
resnet152,gemm,290,layer2.0.conv3,128,512,1,1,0,0.9672432005405426,0.02189462119551252,0.5759835969001321,l40s
resnet152,gemm,290,layer2.0.downsample.0,256,512,1,2,0,1.5584400057792664,0.03832954329404425,0.928035347863042,l40s
resnet152,gemm,290,layer2.1.conv1,512,128,1,1,0,0.9899039924144745,0.03886046571366973,0.5894778705273422,l40s
resnet152,gemm,290,layer2.1.conv2,128,128,3,1,1,0.6739023983478546,0.035653907173884024,0.4013020997646735,l40s
resnet152,gemm,290,layer2.1.conv3,128,512,1,1,0,1.0190416038036347,0.03822305288649751,0.6068290250287415,l40s
resnet152,gemm,290,layer2.2.conv1,512,128,1,1,0,0.9960255950689316,0.029088825914134253,0.593123223333893,l40s
resnet152,gemm,290,layer2.2.conv2,128,128,3,1,1,0.6629071891307831,0.025919253574323436,0.3947545632712879,l40s
resnet152,gemm,290,layer2.2.conv3,128,512,1,1,0,1.0306096017360686,0.023246982880245758,0.6137176514407265,l40s
resnet152,gemm,290,layer2.3.conv1,512,128,1,1,0,0.9935135960578918,0.03404883114014682,0.5916273531897766,l40s
resnet152,gemm,290,layer2.3.conv2,128,128,3,1,1,0.658416000008583,0.025188528544814907,0.39208010532367155,l40s
resnet152,gemm,290,layer2.3.conv3,128,512,1,1,0,1.0195632070302962,0.02216244012973129,0.607139634503669,l40s
resnet152,gemm,290,layer2.4.conv1,512,128,1,1,0,0.9887248009443284,0.02783179137019485,0.588775673867775,l40s
resnet152,gemm,290,layer2.4.conv2,128,128,3,1,1,0.6591184049844742,0.025815812191704205,0.39249838042166985,l40s
resnet152,gemm,290,layer2.4.conv3,128,512,1,1,0,1.0204847931861878,0.026344704269695967,0.6076884297897224,l40s
resnet152,gemm,290,layer2.5.conv1,512,128,1,1,0,0.995792007446289,0.04015490100739151,0.592984124254152,l40s
resnet152,gemm,290,layer2.5.conv2,128,128,3,1,1,0.660302397608757,0.02656395991610602,0.3932034361202331,l40s
resnet152,gemm,290,layer2.5.conv3,128,512,1,1,0,1.0131232023239136,0.02234338341380152,0.6033046764778457,l40s
resnet152,gemm,290,layer2.6.conv1,512,128,1,1,0,0.9806704044342041,0.02438319335015788,0.5839793617611935,l40s
resnet152,gemm,290,layer2.6.conv2,128,128,3,1,1,0.6590447932481766,0.026736975305541803,0.39245454537312874,l40s
resnet152,gemm,290,layer2.6.conv3,128,512,1,1,0,1.025209590792656,0.027418773905159535,0.6105019992399681,l40s
resnet152,gemm,290,layer2.7.conv1,512,128,1,1,0,0.9992559939622879,0.031696632739329524,0.5950468933818993,l40s
resnet152,gemm,290,layer2.7.conv2,128,128,3,1,1,0.6582912027835846,0.025595728638009154,0.3920057898314586,l40s
resnet152,gemm,290,layer2.7.conv3,128,512,1,1,0,1.0207887947559358,0.025780256468537936,0.6078694596667056,l40s
resnet152,gemm,290,layer3.0.conv1,512,256,1,1,0,1.0729439973831176,0.03571240368550219,0.6389273582277618,l40s
resnet152,gemm,290,layer3.0.conv2,256,256,3,2,1,1.1227231979370118,0.030296211909336956,0.6685703714532066,l40s
resnet152,gemm,290,layer3.0.conv3,256,1024,1,1,0,0.7884767979383469,0.04323269028300827,0.4695300022734993,l40s
resnet152,gemm,290,layer3.0.downsample.0,512,1024,1,2,0,1.4408911883831024,0.09432150033727449,0.8580362094691387,l40s
resnet152,gemm,290,layer3.1.conv1,1024,256,1,1,0,0.9272736012935638,0.06525903182580087,0.5521821025830195,l40s
resnet152,gemm,290,layer3.1.conv2,256,256,3,1,1,1.0642959892749786,0.028878428793025993,0.6337775563854083,l40s
resnet152,gemm,290,layer3.1.conv3,256,1024,1,1,0,0.833815997838974,0.05143242005355578,0.49652903976969803,l40s
resnet152,gemm,290,layer3.2.conv1,1024,256,1,1,0,0.9225791931152344,0.045610763818987626,0.5493866297315582,l40s
resnet152,gemm,290,layer3.2.conv2,256,256,3,1,1,1.0693712115287781,0.019345627556631603,0.6367998001883913,l40s
resnet152,gemm,290,layer3.2.conv3,256,1024,1,1,0,0.825257596373558,0.04607227539850513,0.4914325977817773,l40s
resnet152,gemm,290,layer3.3.conv1,1024,256,1,1,0,0.9115439981222153,0.0464319953902389,0.5428152821107929,l40s
resnet152,gemm,290,layer3.3.conv2,256,256,3,1,1,1.0624319851398467,0.027104745998548382,0.6326675606720346,l40s
resnet152,gemm,290,layer3.3.conv3,256,1024,1,1,0,0.8329423993825913,0.04522119255901089,0.49600882067601765,l40s
resnet152,gemm,290,layer3.4.conv1,1024,256,1,1,0,0.9250880002975463,0.048220461977478105,0.5508805991737723,l40s
resnet152,gemm,290,layer3.4.conv2,256,256,3,1,1,1.0522543966770173,0.023570521316130483,0.6266069091137566,l40s
resnet152,gemm,290,layer3.4.conv3,256,1024,1,1,0,0.8245184123516083,0.05124189720205073,0.49099242113179326,l40s
resnet152,gemm,290,layer3.5.conv1,1024,256,1,1,0,0.9321024000644684,0.05113931062603488,0.5550576036805905,l40s
resnet152,gemm,290,layer3.5.conv2,256,256,3,1,1,1.0570560157299043,0.026635383816421967,0.6294662249626356,l40s
resnet152,gemm,290,layer3.5.conv3,256,1024,1,1,0,0.8302976042032242,0.050938202713683996,0.4944338717493933,l40s
resnet152,gemm,290,layer3.6.conv1,1024,256,1,1,0,0.9306015998125077,0.05729766853338726,0.5541638922263566,l40s
resnet152,gemm,290,layer3.6.conv2,256,256,3,1,1,1.0553920030593873,0.02546330847123062,0.6284753221548246,l40s
resnet152,gemm,290,layer3.6.conv3,256,1024,1,1,0,0.8185072004795074,0.0431344957278966,0.48741280492576927,l40s
resnet152,gemm,290,layer3.7.conv1,1024,256,1,1,0,0.9148608058691025,0.05167348972897797,0.5447904077619329,l40s
resnet152,gemm,290,layer3.7.conv2,256,256,3,1,1,1.0539663970470428,0.03452443871936481,0.6276263881139404,l40s
resnet152,gemm,290,layer3.7.conv3,256,1024,1,1,0,0.8377056002616883,0.04945041048423929,0.4988452588888342,l40s
resnet152,gemm,290,layer3.8.conv1,1024,256,1,1,0,0.9210527986288071,0.049988568891852714,0.5484776771681392,l40s
resnet152,gemm,290,layer3.8.conv2,256,256,3,1,1,1.0522144079208373,0.019312827647558168,0.6265830962116786,l40s
resnet152,gemm,290,layer3.8.conv3,256,1024,1,1,0,0.8252159982919693,0.05670753613085845,0.49140782654260573,l40s
resnet152,gemm,290,layer3.9.conv1,1024,256,1,1,0,0.9093840032815933,0.054535506778242177,0.5415290269095241,l40s
resnet152,gemm,290,layer3.9.conv2,256,256,3,1,1,1.0711471796035767,0.028141992724122503,0.637857371313348,l40s
resnet152,gemm,290,layer3.9.conv3,256,1024,1,1,0,0.8319343954324723,0.04699717679774062,0.49540856446273573,l40s
resnet152,gemm,290,layer3.10.conv1,1024,256,1,1,0,0.9117887914180756,0.05706914105008383,0.5429610540562229,l40s
resnet152,gemm,290,layer3.10.conv2,256,256,3,1,1,1.0486128091812135,0.02187024492186169,0.624438380388936,l40s
resnet152,gemm,290,layer3.10.conv3,256,1024,1,1,0,0.8207856029272079,0.04601968713961446,0.48876957066604976,l40s
resnet152,gemm,290,layer3.11.conv1,1024,256,1,1,0,0.9272816032171249,0.06481883693789549,0.5521868676480126,l40s
resnet152,gemm,290,layer3.11.conv2,256,256,3,1,1,1.0578207969665527,0.02628952807676975,0.629921644496503,l40s
resnet152,gemm,290,layer3.11.conv3,256,1024,1,1,0,0.835792002081871,0.05023175468285139,0.49770573042069216,l40s
resnet152,gemm,290,layer3.12.conv1,1024,256,1,1,0,0.9110783994197845,0.04898823932695996,0.5425380227667228,l40s
resnet152,gemm,290,layer3.12.conv2,256,256,3,1,1,1.0506944060325623,0.03586116381718863,0.6256779503761593,l40s
resnet152,gemm,290,layer3.12.conv3,256,1024,1,1,0,0.8169855982065201,0.05161049635257413,0.48650670607725127,l40s
resnet152,gemm,290,layer3.13.conv1,1024,256,1,1,0,0.9264176040887833,0.053706600815154784,0.5516723648576258,l40s
resnet152,gemm,290,layer3.13.conv2,256,256,3,1,1,1.0609616100788117,0.032640062633452066,0.6317919671129649,l40s
resnet152,gemm,290,layer3.13.conv3,256,1024,1,1,0,0.8254960000514984,0.0471081872411223,0.49157456477400585,l40s
resnet152,gemm,290,layer3.14.conv1,1024,256,1,1,0,0.9215056002140045,0.054261240097470666,0.5487473159576166,l40s
resnet152,gemm,290,layer3.14.conv2,256,256,3,1,1,1.0640591919422149,0.024342767061356064,0.6336365459555751,l40s
resnet152,gemm,290,layer3.14.conv3,256,1024,1,1,0,0.8261999994516372,0.0592072850848184,0.4919937893356062,l40s
resnet152,gemm,290,layer3.15.conv1,1024,256,1,1,0,0.9183744013309478,0.05597508337223056,0.5468827185179399,l40s
resnet152,gemm,290,layer3.15.conv2,256,256,3,1,1,1.069340807199478,0.03236630357340198,0.6367816947161153,l40s
resnet152,gemm,290,layer3.15.conv3,256,1024,1,1,0,0.8647151976823807,0.15139164817888523,0.5149292024766524,l40s
resnet152,gemm,290,layer3.16.conv1,1024,256,1,1,0,0.9233072012662887,0.07338709809966143,0.5498201512628365,l40s
resnet152,gemm,290,layer3.16.conv2,256,256,3,1,1,1.0513871908187866,0.028296964387213422,0.6260904967479758,l40s
resnet152,gemm,290,layer3.16.conv3,256,1024,1,1,0,0.8255359977483749,0.05422807605476898,0.4915983830001787,l40s
resnet152,gemm,290,layer3.17.conv1,1024,256,1,1,0,0.9192735970020294,0.04700145337972231,0.5474181804955036,l40s
resnet152,gemm,290,layer3.17.conv2,256,256,3,1,1,1.0626288056373596,0.024366493992730828,0.6327847652985833,l40s
resnet152,gemm,290,layer3.17.conv3,256,1024,1,1,0,0.8445007979869843,0.05780018923278331,0.5028917307847093,l40s
resnet152,gemm,290,layer3.18.conv1,1024,256,1,1,0,0.920782396197319,0.04831254757728803,0.5483166552400326,l40s
resnet152,gemm,290,layer3.18.conv2,256,256,3,1,1,1.0549200057983399,0.02353564587226276,0.6281942525334583,l40s
resnet152,gemm,290,layer3.18.conv3,256,1024,1,1,0,0.823454400897026,0.048469265677898915,0.4903588130129554,l40s
resnet152,gemm,290,layer3.19.conv1,1024,256,1,1,0,0.916415998339653,0.04979646600808656,0.5457165092352325,l40s
resnet152,gemm,290,layer3.19.conv2,256,256,3,1,1,1.0588288009166718,0.02918928484311299,0.6305219007097849,l40s
resnet152,gemm,290,layer3.19.conv3,256,1024,1,1,0,0.8355679988861084,0.04863510679074299,0.4975723387707531,l40s
resnet152,gemm,290,layer3.20.conv1,1024,256,1,1,0,0.9127039968967438,0.06267356322770133,0.5435060497131697,l40s
resnet152,gemm,290,layer3.20.conv2,256,256,3,1,1,1.049862402677536,0.022847500730288576,0.6251825007469521,l40s
resnet152,gemm,290,layer3.20.conv3,256,1024,1,1,0,0.8264367997646331,0.048405179307365584,0.4921348015401378,l40s
resnet152,gemm,290,layer3.21.conv1,1024,256,1,1,0,0.9236655950546264,0.05054909106102322,0.5500335711588854,l40s
resnet152,gemm,290,layer3.21.conv2,256,256,3,1,1,1.051718407869339,0.02197076127911612,0.626287733170031,l40s
resnet152,gemm,290,layer3.21.conv3,256,1024,1,1,0,0.8263680011034011,0.04933435313495316,0.492093832629386,l40s
resnet152,gemm,290,layer3.22.conv1,1024,256,1,1,0,0.9104399919509888,0.05360434359606837,0.5421578575404804,l40s
resnet152,gemm,290,layer3.22.conv2,256,256,3,1,1,1.0592783987522125,0.016823293223229667,0.6307896316985667,l40s
resnet152,gemm,290,layer3.22.conv3,256,1024,1,1,0,0.8268032044172287,0.04682233782005794,0.49235299182527503,l40s
resnet152,gemm,290,layer3.23.conv1,1024,256,1,1,0,0.9244447946548462,0.05172282941112524,0.5504975766832323,l40s
resnet152,gemm,290,layer3.23.conv2,256,256,3,1,1,1.0476527988910675,0.023181608223588713,0.6238667039174236,l40s
resnet152,gemm,290,layer3.23.conv3,256,1024,1,1,0,0.8417728036642075,0.05991591690401077,0.5012672376050435,l40s
resnet152,gemm,290,layer3.24.conv1,1024,256,1,1,0,0.9148496001958847,0.04921126853397558,0.5447837348962439,l40s
resnet152,gemm,290,layer3.24.conv2,256,256,3,1,1,1.062006402015686,0.028135593842598342,0.6324141302023275,l40s
resnet152,gemm,290,layer3.24.conv3,256,1024,1,1,0,0.8316463977098465,0.05118310027766245,0.495237064715739,l40s
resnet152,gemm,290,layer3.25.conv1,1024,256,1,1,0,0.9138464033603668,0.049474673214663985,0.5441863412713547,l40s
resnet152,gemm,290,layer3.25.conv2,256,256,3,1,1,1.063052809238434,0.02820156480001146,0.6330372551781802,l40s
resnet152,gemm,290,layer3.25.conv3,256,1024,1,1,0,0.8377056002616883,0.05336459182415594,0.4988452588888342,l40s
resnet152,gemm,290,layer3.26.conv1,1024,256,1,1,0,0.921643203496933,0.061868277727362975,0.5488292573285171,l40s
resnet152,gemm,290,layer3.26.conv2,256,256,3,1,1,1.058678388595581,0.025078502600965332,0.6304323316854986,l40s
resnet152,gemm,290,layer3.26.conv3,256,1024,1,1,0,0.826443201303482,0.04667895572344445,0.49213861359213246,l40s
resnet152,gemm,290,layer3.27.conv1,1024,256,1,1,0,0.9161503970623016,0.05809587654626395,0.5455583463461218,l40s
resnet152,gemm,290,layer3.27.conv2,256,256,3,1,1,1.0685520052909852,0.03047029255713819,0.6363119711137767,l40s
resnet152,gemm,290,layer3.27.conv3,256,1024,1,1,0,0.8389359951019287,0.04582828025912419,0.49957794664026317,l40s
resnet152,gemm,290,layer3.28.conv1,1024,256,1,1,0,0.9127631992101669,0.05691472357125175,0.5435413040953263,l40s
resnet152,gemm,290,layer3.28.conv2,256,256,3,1,1,1.0607999980449676,0.02148830086175272,0.6316957287723864,l40s
resnet152,gemm,290,layer3.28.conv3,256,1024,1,1,0,0.8191488027572632,0.05399880357479761,0.4877948726286123,l40s
resnet152,gemm,290,layer3.29.conv1,1024,256,1,1,0,0.9139824032783508,0.04664352616164663,0.5442673278545581,l40s
resnet152,gemm,290,layer3.29.conv2,256,256,3,1,1,1.0623455941677094,0.028330307332558917,0.632616115717091,l40s
resnet152,gemm,290,layer3.29.conv3,256,1024,1,1,0,0.8440943956375122,0.05132588626832715,0.5026497222733991,l40s
resnet152,gemm,290,layer3.30.conv1,1024,256,1,1,0,0.9170271992683411,0.05339925766120832,0.5460804732404979,l40s
resnet152,gemm,290,layer3.30.conv2,256,256,3,1,1,1.054915201663971,0.022946362216098696,0.628191391719764,l40s
resnet152,gemm,290,layer3.30.conv3,256,1024,1,1,0,0.8191551983356475,0.05397469993953552,0.4877986811312103,l40s
resnet152,gemm,290,layer3.31.conv1,1024,256,1,1,0,0.9345104038715363,0.05030924933802252,0.5564915457267782,l40s
resnet152,gemm,290,layer3.31.conv2,256,256,3,1,1,1.0539775967597962,0.03202762802239505,0.6276330574302327,l40s
resnet152,gemm,290,layer3.31.conv3,256,1024,1,1,0,0.8325935989618302,0.0485349411184768,0.4958011135338655,l40s
resnet152,gemm,290,layer3.32.conv1,1024,256,1,1,0,0.9210447996854783,0.06197208303136509,0.5484729138778442,l40s
resnet152,gemm,290,layer3.32.conv2,256,256,3,1,1,1.0545680046081543,0.02894676304151449,0.6279846393653089,l40s
resnet152,gemm,290,layer3.32.conv3,256,1024,1,1,0,0.8264288008213043,0.04749301000049078,0.49213003824984297,l40s
resnet152,gemm,290,layer3.33.conv1,1024,256,1,1,0,0.9283199965953827,0.05942689949981417,0.5528052204600788,l40s
resnet152,gemm,290,layer3.33.conv2,256,256,3,1,1,1.0521776020526885,0.021019091907069375,0.626561178687408,l40s
resnet152,gemm,290,layer3.33.conv3,256,1024,1,1,0,0.8319984048604965,0.051114689043772005,0.49544668143328496,l40s
resnet152,gemm,290,layer3.34.conv1,1024,256,1,1,0,0.9183136016130448,0.06340107333497914,0.546846512897483,l40s
resnet152,gemm,290,layer3.34.conv2,256,256,3,1,1,1.05521280169487,0.0328975221945451,0.6283686095447527,l40s
resnet152,gemm,290,layer3.34.conv3,256,1024,1,1,0,0.8276000082492828,0.055332167823907076,0.49282748049260694,l40s
resnet152,gemm,290,layer3.35.conv1,1024,256,1,1,0,0.9136736065149307,0.05364798957743822,0.5440834424879756,l40s
resnet152,gemm,290,layer3.35.conv2,256,256,3,1,1,1.0489439964294434,0.024024837131041622,0.6246355990640079,l40s
resnet152,gemm,290,layer3.35.conv3,256,1024,1,1,0,0.8350736051797867,0.04680828368882579,0.49727793229150064,l40s
resnet152,gemm,290,layer4.0.conv1,1024,512,1,1,0,1.1666544020175933,0.04975746875599253,0.6947309616009029,l40s
resnet152,gemm,290,layer4.0.conv2,512,512,3,2,1,1.772827184200287,0.02665445886015323,1.0557007561979894,l40s
resnet152,gemm,290,layer4.0.conv3,512,2048,1,1,0,0.9478831946849823,0.04761050138400725,0.5644549081458855,l40s
resnet152,gemm,290,layer4.0.downsample.0,1024,2048,1,2,0,1.680161601305008,0.028768164250148935,1.000519333661194,l40s
resnet152,gemm,290,layer4.1.conv1,2048,512,1,1,0,1.0617984056472778,0.020090073486079375,0.6322902704570731,l40s
resnet152,gemm,290,layer4.1.conv2,512,512,3,1,1,1.7400207757949828,0.028694349172720315,1.0361648699760944,l40s
resnet152,gemm,290,layer4.1.conv3,512,2048,1,1,0,0.9613871991634368,0.020863202466435405,0.572496406982692,l40s
resnet152,gemm,290,layer4.2.conv1,2048,512,1,1,0,1.0429615914821624,0.01733175828344445,0.6210731370919595,l40s
resnet152,gemm,290,layer4.2.conv2,512,512,3,1,1,1.7340431988239289,0.021694496330798858,1.0326052830153267,l40s
resnet152,gemm,290,layer4.2.conv3,512,2048,1,1,0,0.954041600227356,0.020644855533965504,0.5681221767020085,l40s
resnet152,gemm,293,conv1,3,64,7,2,3,1.1845440089702606,0.26726915854020056,0.7002163656531736,l40s
resnet152,gemm,293,layer1.0.conv1,64,64,1,1,0,0.737022402882576,0.01595860074357681,0.4356741028136534,l40s
resnet152,gemm,293,layer1.0.conv2,64,64,3,1,1,0.9087231963872909,0.01886991678946571,0.5371711385482336,l40s
resnet152,gemm,293,layer1.0.conv3,64,256,1,1,0,1.4132959961891174,0.0657227797206068,0.8354379225673588,l40s
resnet152,gemm,293,layer1.0.downsample.0,64,256,1,1,0,1.1762863874435425,0.02176750749229057,0.6953350596902111,l40s
resnet152,gemm,293,layer1.1.conv1,256,64,1,1,0,1.117763203382492,0.01585333332389635,0.6607404047518066,l40s
resnet152,gemm,293,layer1.1.conv2,64,64,3,1,1,0.8964960038661957,0.01944133393617115,0.529943310587071,l40s
resnet152,gemm,293,layer1.1.conv3,64,256,1,1,0,1.1294687986373901,0.028512149891794878,0.6676599023011776,l40s
resnet152,gemm,293,layer1.2.conv1,256,64,1,1,0,1.1292735874652862,0.025207214252529832,0.6675445076375514,l40s
resnet152,gemm,293,layer1.2.conv2,64,64,3,1,1,0.8989968031644822,0.02470171119128477,0.5314216014590128,l40s
resnet152,gemm,293,layer1.2.conv3,64,256,1,1,0,1.125409597158432,0.019629258011202622,0.6652603972717942,l40s
resnet152,gemm,293,layer2.0.conv1,256,128,1,1,0,1.6381295919418335,0.03331388631381826,0.9683432111024461,l40s
resnet152,gemm,293,layer2.0.conv2,128,128,3,2,1,0.9676879972219468,0.02376062243451751,0.5720268452414768,l40s
resnet152,gemm,293,layer2.0.conv3,128,512,1,1,0,0.9725887954235077,0.031443494613111696,0.5749238411145807,l40s
resnet152,gemm,293,layer2.0.downsample.0,256,512,1,2,0,1.5636032044887542,0.030695555926325578,0.924288624888279,l40s
resnet152,gemm,293,layer2.1.conv1,512,128,1,1,0,0.9873824030160904,0.018021289587102772,0.5836687472260744,l40s
resnet152,gemm,293,layer2.1.conv2,128,128,3,1,1,0.6713615983724595,0.006433468299227242,0.3968602051857336,l40s
resnet152,gemm,293,layer2.1.conv3,128,512,1,1,0,1.0283663898706437,0.042957396527809846,0.6078955029294949,l40s
resnet152,gemm,293,layer2.2.conv1,512,128,1,1,0,0.9897183954715729,0.022565956444178772,0.5850496162651178,l40s
resnet152,gemm,293,layer2.2.conv2,128,128,3,1,1,0.6608416050672531,0.006309645550473152,0.3906415493797151,l40s
resnet152,gemm,293,layer2.2.conv3,128,512,1,1,0,1.027704006433487,0.025067167804058918,0.6075039499609919,l40s
resnet152,gemm,293,layer2.3.conv1,512,128,1,1,0,0.9966000080108642,0.030901069286088385,0.589117525676339,l40s
resnet152,gemm,293,layer2.3.conv2,128,128,3,1,1,0.659089595079422,0.007199555520475412,0.3896058883515246,l40s
resnet152,gemm,293,layer2.3.conv3,128,512,1,1,0,1.0135056018829345,0.026028812341865572,0.599110884648793,l40s
resnet152,gemm,293,layer2.4.conv1,512,128,1,1,0,1.0020528048276902,0.03619917547586816,0.5923408230302653,l40s
resnet152,gemm,293,layer2.4.conv2,128,128,3,1,1,0.6598432004451752,0.007481181181053719,0.3900513650973005,l40s
resnet152,gemm,293,layer2.4.conv3,128,512,1,1,0,1.0185664027929306,0.02176556184684171,0.6021024624995579,l40s
resnet152,gemm,293,layer2.5.conv1,512,128,1,1,0,0.990729597210884,0.03128537236855221,0.5856473652735806,l40s
resnet152,gemm,293,layer2.5.conv2,128,128,3,1,1,0.6591615945100784,0.006059989269627383,0.389648449184454,l40s
resnet152,gemm,293,layer2.5.conv3,128,512,1,1,0,1.020580804347992,0.024536940431831345,0.6032932303605828,l40s
resnet152,gemm,293,layer2.6.conv1,512,128,1,1,0,0.9923600018024444,0.026219358149734147,0.5866111420256483,l40s
resnet152,gemm,293,layer2.6.conv2,128,128,3,1,1,0.6565375953912735,0.008440205133264128,0.38809733152860265,l40s
resnet152,gemm,293,layer2.6.conv3,128,512,1,1,0,1.0194416016340255,0.02502220685269842,0.6026198164746696,l40s
resnet152,gemm,293,layer2.7.conv1,512,128,1,1,0,0.9875424027442932,0.028310314761444102,0.5837633274420388,l40s
resnet152,gemm,293,layer2.7.conv2,128,128,3,1,1,0.6593360036611557,0.008552360736474428,0.389751547204434,l40s
resnet152,gemm,293,layer2.7.conv3,128,512,1,1,0,1.0254416018724442,0.02577729227047199,0.6061665807392712,l40s
resnet152,gemm,293,layer3.0.conv1,512,256,1,1,0,1.0711375951766968,0.02837807992779657,0.6331787323470709,l40s
resnet152,gemm,293,layer3.0.conv2,256,256,3,2,1,1.1475728094577788,0.09493738373841223,0.6783616783132131,l40s
resnet152,gemm,293,layer3.0.conv3,256,1024,1,1,0,0.7856848031282425,0.02258524098239253,0.4644397787074531,l40s
resnet152,gemm,293,layer3.0.downsample.0,512,1024,1,2,0,1.3670959949493409,0.0273075396118893,0.8081278380822658,l40s
resnet152,gemm,293,layer3.1.conv1,1024,256,1,1,0,0.9160880029201508,0.02511421722002998,0.5415246771463149,l40s
resnet152,gemm,293,layer3.1.conv2,256,256,3,1,1,1.0981279909610748,0.10216593007032795,0.6491334935889999,l40s
resnet152,gemm,293,layer3.1.conv3,256,1024,1,1,0,0.7594528019428253,0.01965093366190378,0.44893332525805346,l40s
resnet152,gemm,293,layer3.2.conv1,1024,256,1,1,0,0.9140175968408585,0.03560791557264841,0.5403008034790726,l40s
resnet152,gemm,293,layer3.2.conv2,256,256,3,1,1,1.0932735979557038,0.10308869267409128,0.6462639290967291,l40s
resnet152,gemm,293,layer3.2.conv3,256,1024,1,1,0,0.7698752015829087,0.023595892833553574,0.45509429077904606,l40s
resnet152,gemm,293,layer3.3.conv1,1024,256,1,1,0,0.9036688029766082,0.025081611151318774,0.5341833483455832,l40s
resnet152,gemm,293,layer3.3.conv2,256,256,3,1,1,1.0762415885925294,0.10377059776433376,0.6361958424695211,l40s
resnet152,gemm,293,layer3.3.conv3,256,1024,1,1,0,0.763705599308014,0.015981115446749735,0.45144727011139874,l40s
resnet152,gemm,293,layer3.4.conv1,1024,256,1,1,0,0.9108176022768021,0.03106037006045138,0.5384091991597857,l40s
resnet152,gemm,293,layer3.4.conv2,256,256,3,1,1,1.0840128064155579,0.09426004888902124,0.6407896218981728,l40s
resnet152,gemm,293,layer3.4.conv3,256,1024,1,1,0,0.7612736046314239,0.022032717743823236,0.45000965153341943,l40s
resnet152,gemm,293,layer3.5.conv1,1024,256,1,1,0,0.9061856031417846,0.02633917071309067,0.5356710977676306,l40s
resnet152,gemm,293,layer3.5.conv2,256,256,3,1,1,1.0738943934440612,0.10394768382574805,0.6348083512122162,l40s
resnet152,gemm,293,layer3.5.conv3,256,1024,1,1,0,0.7600896060466766,0.02715613982879335,0.44930975758294395,l40s
resnet152,gemm,293,layer3.6.conv1,1024,256,1,1,0,0.9112544000148773,0.025800471071825627,0.538667402250903,l40s
resnet152,gemm,293,layer3.6.conv2,256,256,3,1,1,1.0787567913532257,0.10544342835351787,0.6376826476220849,l40s
resnet152,gemm,293,layer3.6.conv3,256,1024,1,1,0,0.768120002746582,0.028432959275018713,0.4540567447352821,l40s
resnet152,gemm,293,layer3.7.conv1,1024,256,1,1,0,0.914708799123764,0.027828600199857438,0.5407093920556068,l40s
resnet152,gemm,293,layer3.7.conv2,256,256,3,1,1,1.0836624026298523,0.09491871628353009,0.6405824886355166,l40s
resnet152,gemm,293,layer3.7.conv3,256,1024,1,1,0,0.7584336042404175,0.024566507532668803,0.448330849617083,l40s
resnet152,gemm,293,layer3.8.conv1,1024,256,1,1,0,0.9128480076789856,0.02479180655651465,0.5396094273326127,l40s
resnet152,gemm,293,layer3.8.conv2,256,256,3,1,1,1.087662398815155,0.10516786443501497,0.642946995796322,l40s
resnet152,gemm,293,layer3.8.conv3,256,1024,1,1,0,0.7576079964637756,0.021874484292977472,0.4478428102766808,l40s
resnet152,gemm,293,layer3.9.conv1,1024,256,1,1,0,0.9077263981103897,0.030045514595373055,0.5365819038203928,l40s
resnet152,gemm,293,layer3.9.conv2,256,256,3,1,1,1.0771791994571687,0.10675852688459522,0.6367500898989649,l40s
resnet152,gemm,293,layer3.9.conv3,256,1024,1,1,0,0.7650287955999374,0.037174547486846704,0.45222944763419237,l40s
resnet152,gemm,293,layer3.10.conv1,1024,256,1,1,0,0.9072160005569458,0.028640995031608326,0.5362801938651659,l40s
resnet152,gemm,293,layer3.10.conv2,256,256,3,1,1,1.0908847808837892,0.09847996627570679,0.6448518339819512,l40s
resnet152,gemm,293,layer3.10.conv3,256,1024,1,1,0,0.7628959953784943,0.024385449712185325,0.4509686910827988,l40s
resnet152,gemm,293,layer3.11.conv1,1024,256,1,1,0,0.8887424081563949,0.02573041441243145,0.5253599480715825,l40s
resnet152,gemm,293,layer3.11.conv2,256,256,3,1,1,1.074239981174469,0.09513790428615064,0.6350126375728478,l40s
resnet152,gemm,293,layer3.11.conv3,256,1024,1,1,0,0.7720048010349274,0.02243163460717562,0.45635315526807907,l40s
resnet152,gemm,293,layer3.12.conv1,1024,256,1,1,0,0.9055263996124268,0.025727102678457018,0.5352814245296105,l40s
resnet152,gemm,293,layer3.12.conv2,256,256,3,1,1,1.0833407998085023,0.09556814236545355,0.640392380410711,l40s
resnet152,gemm,293,layer3.12.conv3,256,1024,1,1,0,0.7645295917987823,0.02568616510202528,0.45193435461213666,l40s
resnet152,gemm,293,layer3.13.conv1,1024,256,1,1,0,0.9089551985263824,0.027420326117699453,0.5373082813588242,l40s
resnet152,gemm,293,layer3.13.conv2,256,256,3,1,1,1.0852671980857849,0.10201006498674149,0.6415311271270039,l40s
resnet152,gemm,293,layer3.13.conv3,256,1024,1,1,0,0.7628031998872757,0.024979515436941647,0.45091383712961686,l40s
resnet152,gemm,293,layer3.14.conv1,1024,256,1,1,0,0.9018239974975586,0.02913603142877973,0.5330928333642106,l40s
resnet152,gemm,293,layer3.14.conv2,256,256,3,1,1,1.0736832022666931,0.09865360770315586,0.6346835103303622,l40s
resnet152,gemm,293,layer3.14.conv3,256,1024,1,1,0,0.7455999970436096,0.014263503372561725,0.4407445533532733,l40s
resnet152,gemm,293,layer3.15.conv1,1024,256,1,1,0,0.9118575930595398,0.024512481062256106,0.5390239661593119,l40s
resnet152,gemm,293,layer3.15.conv2,256,256,3,1,1,1.0615055978298187,0.026493093799329154,0.6274849952422122,l40s
resnet152,gemm,293,layer3.15.conv3,256,1024,1,1,0,0.7559632062911987,0.025798795572758076,0.44687052981417186,l40s
resnet152,gemm,293,layer3.16.conv1,1024,256,1,1,0,0.9091904014348984,0.02910773158234521,0.5374473162317752,l40s
resnet152,gemm,293,layer3.16.conv2,256,256,3,1,1,1.0834031999111176,0.0986419591023773,0.6404292668182557,l40s
resnet152,gemm,293,layer3.16.conv3,256,1024,1,1,0,0.7598000019788742,0.02020672056909211,0.4491385646966524,l40s
resnet152,gemm,293,layer3.17.conv1,1024,256,1,1,0,0.9105327993631362,0.013691061892799129,0.5382408443670348,l40s
resnet152,gemm,293,layer3.17.conv2,256,256,3,1,1,1.0996719896793365,0.11142449601306967,0.6500461934658193,l40s
resnet152,gemm,293,layer3.17.conv3,256,1024,1,1,0,0.7526543974876404,0.023227469458814473,0.44491460242141684,l40s
resnet152,gemm,293,layer3.18.conv1,1024,256,1,1,0,0.9162272036075592,0.024788158532872015,0.5416069624803298,l40s
resnet152,gemm,293,layer3.18.conv2,256,256,3,1,1,1.0895711958408356,0.10507988473841887,0.6440753379313293,l40s
resnet152,gemm,293,layer3.18.conv3,256,1024,1,1,0,0.7691008001565933,0.027156730136752436,0.45463652091301754,l40s
resnet152,gemm,293,layer3.19.conv1,1024,256,1,1,0,0.911398395895958,0.025305546375455634,0.5387525221550651,l40s
resnet152,gemm,293,layer3.19.conv2,256,256,3,1,1,1.0800927996635437,0.09514660389399243,0.6384723986794109,l40s
resnet152,gemm,293,layer3.19.conv3,256,1024,1,1,0,0.7598223984241486,0.020885006144841074,0.44915180384808523,l40s
resnet152,gemm,293,layer3.20.conv1,1024,256,1,1,0,0.9124879956245422,0.027659962744491007,0.5393966143594815,l40s
resnet152,gemm,293,layer3.20.conv2,256,256,3,1,1,1.078627198934555,0.10120715135947285,0.637606041998545,l40s
resnet152,gemm,293,layer3.20.conv3,256,1024,1,1,0,0.7647823989391327,0.024927214301436903,0.4520837958280702,l40s
resnet152,gemm,293,layer3.21.conv1,1024,256,1,1,0,0.9044752031564712,0.028617275682615288,0.5346600335501259,l40s
resnet152,gemm,293,layer3.21.conv2,256,256,3,1,1,1.0779344022274018,0.11056882639508588,0.637196510914224,l40s
resnet152,gemm,293,layer3.21.conv3,256,1024,1,1,0,0.7549488037824631,0.024853979464190903,0.4462708887433485,l40s
resnet152,gemm,293,layer3.22.conv1,1024,256,1,1,0,0.907475209236145,0.028764171337795397,0.5364334192058203,l40s
resnet152,gemm,293,layer3.22.conv2,256,256,3,1,1,1.088152003288269,0.11348632335996191,0.6432364143929931,l40s
resnet152,gemm,293,layer3.22.conv3,256,1024,1,1,0,0.7559552013874054,0.020281053517738106,0.44686579789657394,l40s
resnet152,gemm,293,layer3.23.conv1,1024,256,1,1,0,0.9108383923768997,0.021953122241776302,0.5384214887566446,l40s
resnet152,gemm,293,layer3.23.conv2,256,256,3,1,1,1.0605759978294373,0.036374373750665566,0.6269354832537601,l40s
resnet152,gemm,293,layer3.23.conv3,256,1024,1,1,0,0.7563776016235352,0.01968511171651686,0.44711549023046276,l40s
resnet152,gemm,293,layer3.24.conv1,1024,256,1,1,0,0.9107727974653244,0.024470325382647658,0.5383827138101329,l40s
resnet152,gemm,293,layer3.24.conv2,256,256,3,1,1,1.092937594652176,0.10879543681927385,0.6460653083529981,l40s
resnet152,gemm,293,layer3.24.conv3,256,1024,1,1,0,0.7487567961215973,0.015757791367890395,0.442610623639178,l40s
resnet152,gemm,293,layer3.25.conv1,1024,256,1,1,0,0.907516798377037,0.033405800588105626,0.5364580036846286,l40s
resnet152,gemm,293,layer3.25.conv2,256,256,3,1,1,1.0784175932407378,0.10376451013527732,0.6374821383393872,l40s
resnet152,gemm,293,layer3.25.conv3,256,1024,1,1,0,0.7601376056671143,0.024586331543779455,0.4493381314715636,l40s
resnet152,gemm,293,layer3.26.conv1,1024,256,1,1,0,0.908817595243454,0.034247858247870466,0.5372269402942926,l40s
resnet152,gemm,293,layer3.26.conv2,256,256,3,1,1,1.078185600042343,0.100673204459768,0.637345000813887,l40s
resnet152,gemm,293,layer3.26.conv3,256,1024,1,1,0,0.7556351959705353,0.024493782086067,0.4466766339412517,l40s
resnet152,gemm,293,layer3.27.conv1,1024,256,1,1,0,0.9008767962455749,0.02648196102492814,0.5325329167944728,l40s
resnet152,gemm,293,layer3.27.conv2,256,256,3,1,1,1.0781824052333833,0.09871848166634781,0.6373431122749202,l40s
resnet152,gemm,293,layer3.27.conv3,256,1024,1,1,0,0.7631888002157211,0.03146712863092038,0.45114177603145084,l40s
resnet152,gemm,293,layer3.28.conv1,1024,256,1,1,0,0.9038943976163865,0.023361736064241946,0.5343167035080593,l40s
resnet152,gemm,293,layer3.28.conv2,256,256,3,1,1,1.0767455995082855,0.09262798914683404,0.6364937771085111,l40s
resnet152,gemm,293,layer3.28.conv3,256,1024,1,1,0,0.766143998503685,0.02501463225509907,0.4528886745757956,l40s
resnet152,gemm,293,layer3.29.conv1,1024,256,1,1,0,0.9048976004123688,0.029150842686825877,0.534909724122318,l40s
resnet152,gemm,293,layer3.29.conv2,256,256,3,1,1,1.088672000169754,0.09984776412403597,0.6435437987736047,l40s
resnet152,gemm,293,layer3.29.conv3,256,1024,1,1,0,0.755467203259468,0.022201855121468134,0.44657732885447654,l40s
resnet152,gemm,293,layer3.30.conv1,1024,256,1,1,0,0.9095519930124283,0.024014967629057152,0.537661062904209,l40s
resnet152,gemm,293,layer3.30.conv2,256,256,3,1,1,1.079724806547165,0.11076410317944489,0.6382548678822562,l40s
resnet152,gemm,293,layer3.30.conv3,256,1024,1,1,0,0.7601536005735398,0.019446112105909696,0.4493475864982755,l40s
resnet152,gemm,293,layer3.31.conv1,1024,256,1,1,0,0.9025872021913528,0.019915810984317422,0.5335439845353711,l40s
resnet152,gemm,293,layer3.31.conv2,256,256,3,1,1,1.0661392033100128,0.031849352004793795,0.6302240461889412,l40s
resnet152,gemm,293,layer3.31.conv3,256,1024,1,1,0,0.7554591953754425,0.02337969865928573,0.44657259517518183,l40s
resnet152,gemm,293,layer3.32.conv1,1024,256,1,1,0,0.9104032099246979,0.027370019801182793,0.5381642405051916,l40s
resnet152,gemm,293,layer3.32.conv2,256,256,3,1,1,1.069705593585968,0.09999371693284245,0.6323322370358994,l40s
resnet152,gemm,293,layer3.32.conv3,256,1024,1,1,0,0.7642559975385665,0.028597771021601694,0.4517726255610409,l40s
resnet152,gemm,293,layer3.33.conv1,1024,256,1,1,0,0.9106864005327224,0.02714128731993999,0.5383316422199751,l40s
resnet152,gemm,293,layer3.33.conv2,256,256,3,1,1,1.0836335957050323,0.09478586417720562,0.6405654600742725,l40s
resnet152,gemm,293,layer3.33.conv3,256,1024,1,1,0,0.7560079991817474,0.021222279558552055,0.4468970081170374,l40s
resnet152,gemm,293,layer3.34.conv1,1024,256,1,1,0,0.9138768047094346,0.027788978389834185,0.5402175773989677,l40s
resnet152,gemm,293,layer3.34.conv2,256,256,3,1,1,1.0905455946922302,0.10988572135462148,0.6446513317460405,l40s
resnet152,gemm,293,layer3.34.conv3,256,1024,1,1,0,0.7539295971393585,0.019557997838557606,0.4456684078172876,l40s
resnet152,gemm,293,layer3.35.conv1,1024,256,1,1,0,0.9060544013977051,0.027864217408305955,0.53559354082782,l40s
resnet152,gemm,293,layer3.35.conv2,256,256,3,1,1,1.0992863953113556,0.11160319040013852,0.6498182580873789,l40s
resnet152,gemm,293,layer3.35.conv3,256,1024,1,1,0,0.7564672023057938,0.020008511176748386,0.44716845564467794,l40s
resnet152,gemm,293,layer4.0.conv1,1024,512,1,1,0,1.1598159968852997,0.027277914462000025,0.6855989613010877,l40s
resnet152,gemm,293,layer4.0.conv2,512,512,3,2,1,1.7932671904563904,0.04938560798746154,1.0600492892096307,l40s
resnet152,gemm,293,layer4.0.conv3,512,2048,1,1,0,0.9770623952150345,0.090756265001319,0.5775683083219516,l40s
resnet152,gemm,293,layer4.0.downsample.0,1024,2048,1,2,0,1.7425631940364839,0.08972488945091624,1.0300767699715296,l40s
resnet152,gemm,293,layer4.1.conv1,2048,512,1,1,0,1.0833136081695556,0.09472060794136564,0.640376306689131,l40s
resnet152,gemm,293,layer4.1.conv2,512,512,3,1,1,1.7769168019294739,0.14246047473973392,1.050384127303753,l40s
resnet152,gemm,293,layer4.1.conv3,512,2048,1,1,0,1.0138127982616425,0.08856692694272128,0.59929247683128,l40s
resnet152,gemm,293,layer4.2.conv1,2048,512,1,1,0,1.0633664071559905,0.09113058652654843,0.6285849705353871,l40s
resnet152,gemm,293,layer4.2.conv2,512,512,3,1,1,1.7511871993541717,0.06004122696418753,1.0351746554153762,l40s
resnet152,gemm,293,layer4.2.conv3,512,2048,1,1,0,1.0221760064363479,0.09486414560971426,0.6042361979500789,l40s
resnet152,gemm,296,conv1,3,64,7,2,3,1.1214383959770202,0.01121937298282246,0.6691118182244714,l40s
resnet152,gemm,296,layer1.0.conv1,64,64,1,1,0,0.738452798128128,0.016993412038100786,0.4406015490471803,l40s
resnet152,gemm,296,layer1.0.conv2,64,64,3,1,1,0.9059840053319931,0.017146033851867366,0.5405598802971617,l40s
resnet152,gemm,296,layer1.0.conv3,64,256,1,1,0,1.146152001619339,0.027426031992314158,0.6838573144242942,l40s
resnet152,gemm,296,layer1.0.downsample.0,64,256,1,1,0,1.1726080060005188,0.021548115589407682,0.6996424215313355,l40s
resnet152,gemm,296,layer1.1.conv1,256,64,1,1,0,1.1216592133045196,0.02188894570657466,0.6692435699854496,l40s
resnet152,gemm,296,layer1.1.conv2,64,64,3,1,1,0.8918207973241806,0.021738181100377126,0.5321093315233769,l40s
resnet152,gemm,296,layer1.1.conv3,64,256,1,1,0,1.1221328020095824,0.026785392348491543,0.6695261390509213,l40s
resnet152,gemm,296,layer1.2.conv1,256,64,1,1,0,1.1310223996639253,0.03141075911706803,0.6748301618765347,l40s
resnet152,gemm,296,layer1.2.conv2,64,64,3,1,1,0.8926271915435791,0.023434173120984576,0.5325904706606519,l40s
resnet152,gemm,296,layer1.2.conv3,64,256,1,1,0,1.1205120146274568,0.027735887583049405,0.668559088166896,l40s
resnet152,gemm,296,layer2.0.conv1,256,128,1,1,0,1.6238559782505035,0.0325641784974456,0.9688817772243791,l40s
resnet152,gemm,296,layer2.0.conv2,128,128,3,2,1,0.9621520012617111,0.020237060517833687,0.5740727955115686,l40s
resnet152,gemm,296,layer2.0.conv3,128,512,1,1,0,0.9187440007925034,0.017434400169193343,0.548173195298455,l40s
resnet152,gemm,296,layer2.0.downsample.0,256,512,1,2,0,1.4577360093593597,0.037422232124224894,0.8697654683598984,l40s
resnet152,gemm,296,layer2.1.conv1,512,128,1,1,0,0.9952448099851608,0.02892848142751413,0.5938177850665328,l40s
resnet152,gemm,296,layer2.1.conv2,128,128,3,1,1,0.6694784045219422,0.00464008272817062,0.39944763271764605,l40s
resnet152,gemm,296,layer2.1.conv3,128,512,1,1,0,0.8947631984949111,0.018102337228976174,0.5338649298731,l40s
resnet152,gemm,296,layer2.2.conv1,512,128,1,1,0,0.9913056015968322,0.02794159257055091,0.59146743671344,l40s
resnet152,gemm,296,layer2.2.conv2,128,128,3,1,1,0.6613487988710404,0.008291632752485796,0.39459706291547364,l40s
resnet152,gemm,296,layer2.2.conv3,128,512,1,1,0,0.9075903952121734,0.026007436074427705,0.5415183408397656,l40s
resnet152,gemm,296,layer2.3.conv1,512,128,1,1,0,0.9830559968948365,0.028246849621512464,0.5865452688782854,l40s
resnet152,gemm,296,layer2.3.conv2,128,128,3,1,1,0.6552480071783066,0.0055322358243103985,0.3909569950911707,l40s
resnet152,gemm,296,layer2.3.conv3,128,512,1,1,0,0.8891679972410202,0.021400504271661538,0.530526525108511,l40s
resnet152,gemm,296,layer2.4.conv1,512,128,1,1,0,0.9947568029165268,0.029782344596899234,0.5935266132124467,l40s
resnet152,gemm,296,layer2.4.conv2,128,128,3,1,1,0.6565392047166825,0.006020257669787897,0.39172739454930317,l40s
resnet152,gemm,296,layer2.4.conv3,128,512,1,1,0,0.88123519718647,0.01599566274035996,0.5257933803480385,l40s
resnet152,gemm,296,layer2.5.conv1,512,128,1,1,0,0.9934719979763031,0.029241596484517133,0.5927600279299194,l40s
resnet152,gemm,296,layer2.5.conv2,128,128,3,1,1,0.6602096021175384,0.005386561053794474,0.3939173554845657,l40s
resnet152,gemm,296,layer2.5.conv3,128,512,1,1,0,0.893283200263977,0.023630350812430367,0.5329818815390838,l40s
resnet152,gemm,296,layer2.6.conv1,512,128,1,1,0,0.9887312024831771,0.02687978093509436,0.5899314086284799,l40s
resnet152,gemm,296,layer2.6.conv2,128,128,3,1,1,0.6551727920770645,0.00645668778687658,0.3909121176254708,l40s
resnet152,gemm,296,layer2.6.conv3,128,512,1,1,0,0.8989183902740479,0.026303998753835864,0.5363441457947087,l40s
resnet152,gemm,296,layer2.7.conv1,512,128,1,1,0,0.9848767966032028,0.02103129073023381,0.5876316581154098,l40s
resnet152,gemm,296,layer2.7.conv2,128,128,3,1,1,0.6549392014741897,0.0075628781909914365,0.39077274462596373,l40s
resnet152,gemm,296,layer2.7.conv3,128,512,1,1,0,0.8946368008852005,0.015828540822700764,0.5337895141081715,l40s
resnet152,gemm,296,layer3.0.conv1,512,256,1,1,0,1.0772687911987304,0.023178106409903323,0.642757802997706,l40s
resnet152,gemm,296,layer3.0.conv2,256,256,3,2,1,1.1110288083553315,0.017178296000597792,0.6629008857956358,l40s
resnet152,gemm,296,layer3.0.conv3,256,1024,1,1,0,0.7827088057994842,0.023903851213501363,0.4670071169914975,l40s
resnet152,gemm,296,layer3.0.downsample.0,512,1024,1,2,0,1.364934402704239,0.029120747189473436,0.8143949263970811,l40s
resnet152,gemm,296,layer3.1.conv1,1024,256,1,1,0,0.9140304028987885,0.02023070645755428,0.5453608035804999,l40s
resnet152,gemm,296,layer3.1.conv2,256,256,3,1,1,1.0582271993160248,0.023202882792041215,0.6313965421275312,l40s
resnet152,gemm,296,layer3.1.conv3,256,1024,1,1,0,0.7723567903041839,0.024686928750371748,0.4608305352593252,l40s
resnet152,gemm,296,layer3.2.conv1,1024,256,1,1,0,0.9053008019924164,0.028459718664412305,0.540152243613416,l40s
resnet152,gemm,296,layer3.2.conv2,256,256,3,1,1,1.0564431965351104,0.02231734944379087,0.6303321079608953,l40s
resnet152,gemm,296,layer3.2.conv3,256,1024,1,1,0,0.7538831949234008,0.020239822751768416,0.44980817233798975,l40s
resnet152,gemm,296,layer3.3.conv1,1024,256,1,1,0,0.9130607962608337,0.025543712525818076,0.544782282938785,l40s
resnet152,gemm,296,layer3.3.conv2,256,256,3,1,1,1.0642175912857055,0.03306865501914332,0.6349707394058561,l40s
resnet152,gemm,296,layer3.3.conv3,256,1024,1,1,0,0.7559151977300644,0.024884648120995768,0.45102057695823583,l40s
resnet152,gemm,296,layer3.4.conv1,1024,256,1,1,0,0.9156480014324189,0.022169447412515336,0.5463259518221486,l40s
resnet152,gemm,296,layer3.4.conv2,256,256,3,1,1,1.0706992030143738,0.029336583040515653,0.6388380254060076,l40s
resnet152,gemm,296,layer3.4.conv3,256,1024,1,1,0,0.7657984048128128,0.03118303130491933,0.45691744181033095,l40s
resnet152,gemm,296,layer3.5.conv1,1024,256,1,1,0,0.9151936054229737,0.027127013764480637,0.5460548341743451,l40s
resnet152,gemm,296,layer3.5.conv2,256,256,3,1,1,1.0632128059864043,0.024892209672632414,0.6343712292402043,l40s
resnet152,gemm,296,layer3.5.conv3,256,1024,1,1,0,0.764998397231102,0.019162020753992162,0.45644011329232026,l40s
resnet152,gemm,296,layer3.6.conv1,1024,256,1,1,0,0.9158592015504837,0.021617336004668218,0.5464519654270997,l40s
resnet152,gemm,296,layer3.6.conv2,256,256,3,1,1,1.0599055886268616,0.024397106723816963,0.6323979614899242,l40s
resnet152,gemm,296,layer3.6.conv3,256,1024,1,1,0,0.7634176105260849,0.023223328589588962,0.45549692901201255,l40s
resnet152,gemm,296,layer3.7.conv1,1024,256,1,1,0,0.9071488052606582,0.029290633066781407,0.5412548639903657,l40s
resnet152,gemm,296,layer3.7.conv2,256,256,3,1,1,1.0620496034622193,0.026215003382268107,0.6336771986463591,l40s
resnet152,gemm,296,layer3.7.conv3,256,1024,1,1,0,0.7559343934059143,0.023125246164807618,0.4510320301540744,l40s
resnet152,gemm,296,layer3.8.conv1,1024,256,1,1,0,0.908324807882309,0.02580483942055266,0.5419565318262739,l40s
resnet152,gemm,296,layer3.8.conv2,256,256,3,1,1,1.0681648075580596,0.02496240554930722,0.6373258657029356,l40s
resnet152,gemm,296,layer3.8.conv3,256,1024,1,1,0,0.7543776005506515,0.02407758998847701,0.45010316192402217,l40s
resnet152,gemm,296,layer3.9.conv1,1024,256,1,1,0,0.9056831985712052,0.028597143802828153,0.5403804024414302,l40s
resnet152,gemm,296,layer3.9.conv2,256,256,3,1,1,1.059385597705841,0.02656071264070527,0.6320877063106184,l40s
resnet152,gemm,296,layer3.9.conv3,256,1024,1,1,0,0.7581568002700806,0.021729598894654218,0.4523580403059039,l40s
resnet152,gemm,296,layer3.10.conv1,1024,256,1,1,0,0.9143487989902497,0.033171881078590953,0.5455507761982,l40s
resnet152,gemm,296,layer3.10.conv2,256,256,3,1,1,1.0609903931617737,0.02899455598701622,0.633045215532034,l40s
resnet152,gemm,296,layer3.10.conv3,256,1024,1,1,0,0.7623488008975983,0.021948973715828553,0.4548592184106831,l40s
resnet152,gemm,296,layer3.11.conv1,1024,256,1,1,0,0.9119568049907685,0.027589651541914752,0.544123581035348,l40s
resnet152,gemm,296,layer3.11.conv2,256,256,3,1,1,1.059337604045868,0.028800581388118605,0.6320590706537664,l40s
resnet152,gemm,296,layer3.11.conv3,256,1024,1,1,0,0.7513215988874435,0.020334302361140245,0.44827978327326307,l40s
resnet152,gemm,296,layer3.12.conv1,1024,256,1,1,0,0.9179151982069016,0.02682329134396817,0.5476786860976014,l40s
resnet152,gemm,296,layer3.12.conv2,256,256,3,1,1,1.0654736042022706,0.03155146486646487,0.6357201457837108,l40s
resnet152,gemm,296,layer3.12.conv3,256,1024,1,1,0,0.7514367997646332,0.021129431602739644,0.4483485184518283,l40s
resnet152,gemm,296,layer3.13.conv1,1024,256,1,1,0,0.9076991945505142,0.02269049334191189,0.5415832565082142,l40s
resnet152,gemm,296,layer3.13.conv2,256,256,3,1,1,1.0612335979938508,0.02503584629237702,0.6331903249093978,l40s
resnet152,gemm,296,layer3.13.conv3,256,1024,1,1,0,0.7609072029590607,0.02779695927347181,0.45399908180285525,l40s
resnet152,gemm,296,layer3.14.conv1,1024,256,1,1,0,0.9072144001722335,0.022858823463294285,0.541294001521868,l40s
resnet152,gemm,296,layer3.14.conv2,256,256,3,1,1,1.0570032000541687,0.02785203221483218,0.6306662368566005,l40s
resnet152,gemm,296,layer3.14.conv3,256,1024,1,1,0,0.7610016018152237,0.022291035486923072,0.4540554053517119,l40s
resnet152,gemm,296,layer3.15.conv1,1024,256,1,1,0,0.9115439981222153,0.024884712546049362,0.5438772777561094,l40s
resnet152,gemm,296,layer3.15.conv2,256,256,3,1,1,1.0633743941783904,0.03294767739006584,0.6344676416417515,l40s
resnet152,gemm,296,layer3.15.conv3,256,1024,1,1,0,0.7596128016710282,0.024002820924326755,0.45322677081149404,l40s
resnet152,gemm,296,layer3.16.conv1,1024,256,1,1,0,0.9134367942810059,0.030824267997129028,0.5450066240348528,l40s
resnet152,gemm,296,layer3.16.conv2,256,256,3,1,1,1.0651856005191802,0.026446529813482316,0.6355483069482124,l40s
resnet152,gemm,296,layer3.16.conv3,256,1024,1,1,0,0.7575567990541459,0.021590446242914108,0.45200004658465154,l40s
resnet152,gemm,296,layer3.17.conv1,1024,256,1,1,0,0.9198351979255677,0.03457359661187283,0.54882426351617,l40s
resnet152,gemm,296,layer3.17.conv2,256,256,3,1,1,1.0635551989078522,0.02425212444761074,0.6345755196863304,l40s
resnet152,gemm,296,layer3.17.conv3,256,1024,1,1,0,0.7460256010293961,0.013320947474810831,0.44511989970870597,l40s
resnet152,gemm,296,layer3.18.conv1,1024,256,1,1,0,0.9145023971796036,0.02515324845739802,0.5456424213247831,l40s
resnet152,gemm,296,layer3.18.conv2,256,256,3,1,1,1.0542656004428863,0.03136619831113883,0.6290328343798822,l40s
resnet152,gemm,296,layer3.18.conv3,256,1024,1,1,0,0.7458304047584534,0.02188829423430524,0.4450034348790465,l40s
resnet152,gemm,296,layer3.19.conv1,1024,256,1,1,0,0.910249599814415,0.029869602809391996,0.5431049685429187,l40s
resnet152,gemm,296,layer3.19.conv2,256,256,3,1,1,1.0679904043674469,0.02379769655135285,0.6372218071684733,l40s
resnet152,gemm,296,layer3.19.conv3,256,1024,1,1,0,0.7616223990917206,0.025633563488994992,0.45442580714633196,l40s
resnet152,gemm,296,layer3.20.conv1,1024,256,1,1,0,0.9018943965435028,0.01970371306065933,0.5381197947943736,l40s
resnet152,gemm,296,layer3.20.conv2,256,256,3,1,1,1.0513920068740845,0.024071844528236415,0.6273182904294016,l40s
resnet152,gemm,296,layer3.20.conv3,256,1024,1,1,0,0.7570128053426742,0.027043903933732908,0.4516754700205789,l40s
resnet152,gemm,296,layer3.21.conv1,1024,256,1,1,0,0.9061632007360458,0.030291291766641065,0.5406667981297002,l40s
resnet152,gemm,296,layer3.21.conv2,256,256,3,1,1,1.0596975982189178,0.026879248569043373,0.6322738629745428,l40s
resnet152,gemm,296,layer3.21.conv3,256,1024,1,1,0,0.7499103963375091,0.020465913680594562,0.4474377822258074,l40s
resnet152,gemm,296,layer3.22.conv1,1024,256,1,1,0,0.8995328068733215,0.030447203561672666,0.5367107405264051,l40s
resnet152,gemm,296,layer3.22.conv2,256,256,3,1,1,1.0555871903896332,0.02237817635505071,0.6298213676202165,l40s
resnet152,gemm,296,layer3.22.conv3,256,1024,1,1,0,0.7593743979930878,0.021677514846607987,0.45308452606671784,l40s
resnet152,gemm,296,layer3.23.conv1,1024,256,1,1,0,0.9001231998205185,0.02533537743516214,0.5370630014261416,l40s
resnet152,gemm,296,layer3.23.conv2,256,256,3,1,1,1.0415583968162536,0.0298801056715137,0.6214510178898581,l40s
resnet152,gemm,296,layer3.23.conv3,256,1024,1,1,0,0.7534864068031311,0.02423896934013432,0.44957142672489503,l40s
resnet152,gemm,296,layer3.24.conv1,1024,256,1,1,0,0.9052991956472397,0.028926282694242064,0.5401512851795459,l40s
resnet152,gemm,296,layer3.24.conv2,256,256,3,1,1,1.0605168044567108,0.034974779040135164,0.6327626464665624,l40s
resnet152,gemm,296,layer3.24.conv3,256,1024,1,1,0,0.7616927951574326,0.027589857896880485,0.4544678093104217,l40s
resnet152,gemm,296,layer3.25.conv1,1024,256,1,1,0,0.9044591963291169,0.02497360165510311,0.5396500953923291,l40s
resnet152,gemm,296,layer3.25.conv2,256,256,3,1,1,1.0642591953277587,0.028571082099618672,0.6349955626652733,l40s
resnet152,gemm,296,layer3.25.conv3,256,1024,1,1,0,0.7580224007368088,0.02541397052640159,0.45227785015332966,l40s
resnet152,gemm,296,layer3.26.conv1,1024,256,1,1,0,0.9140655934810639,0.02907245168212592,0.5453818002171186,l40s
resnet152,gemm,296,layer3.26.conv2,256,256,3,1,1,1.0579472064971924,0.0315288288277928,0.6312294830141898,l40s
resnet152,gemm,296,layer3.26.conv3,256,1024,1,1,0,0.757190403342247,0.021348531909463585,0.4517814347537585,l40s
resnet152,gemm,296,layer3.27.conv1,1024,256,1,1,0,0.9094191998243332,0.02082997035092162,0.5426095062427063,l40s
resnet152,gemm,296,layer3.27.conv2,256,256,3,1,1,1.0675999999046326,0.0291024274222557,0.6369888703964726,l40s
resnet152,gemm,296,layer3.27.conv3,256,1024,1,1,0,0.7672608017921447,0.01804932582191161,0.45778998826969686,l40s
resnet152,gemm,296,layer3.28.conv1,1024,256,1,1,0,0.903937605023384,0.024595649050581106,0.5393388853354941,l40s
resnet152,gemm,296,layer3.28.conv2,256,256,3,1,1,1.061676800251007,0.02893356306932601,0.6334547637490084,l40s
resnet152,gemm,296,layer3.28.conv3,256,1024,1,1,0,0.7735376000404358,0.02574374287341878,0.4615350712841617,l40s
resnet152,gemm,296,layer3.29.conv1,1024,256,1,1,0,0.9083103984594345,0.026844140072703113,0.5419479343721705,l40s
resnet152,gemm,296,layer3.29.conv2,256,256,3,1,1,1.054916799068451,0.02544491916001607,0.6294213752912153,l40s
resnet152,gemm,296,layer3.29.conv3,256,1024,1,1,0,0.7569407939910888,0.018173004252657745,0.4516325040881077,l40s
resnet152,gemm,296,layer3.30.conv1,1024,256,1,1,0,0.893963199853897,0.022329171383762853,0.5333876066896007,l40s
resnet152,gemm,296,layer3.30.conv2,256,256,3,1,1,1.0658799946308135,0.03142283657858583,0.6359626206619804,l40s
resnet152,gemm,296,layer3.30.conv3,256,1024,1,1,0,0.760187205672264,0.02771442205501764,0.4535694918267911,l40s
resnet152,gemm,296,layer3.31.conv1,1024,256,1,1,0,0.9033487945795059,0.026258660978973728,0.5389875686442642,l40s
resnet152,gemm,296,layer3.31.conv2,256,256,3,1,1,1.0436544060707091,0.02421355878385342,0.622701612276759,l40s
resnet152,gemm,296,layer3.31.conv3,256,1024,1,1,0,0.7620624035596848,0.02705476530170307,0.45468833800905484,l40s
resnet152,gemm,296,layer3.32.conv1,1024,256,1,1,0,0.9155760020017624,0.03476799119062231,0.5462829930023593,l40s
resnet152,gemm,296,layer3.32.conv2,256,256,3,1,1,1.061551994085312,0.030023602945894422,0.6333802975270979,l40s
resnet152,gemm,296,layer3.32.conv3,256,1024,1,1,0,0.7533376008272171,0.01834675629692372,0.44948264089638795,l40s
resnet152,gemm,296,layer3.33.conv1,1024,256,1,1,0,0.9023024052381515,0.027852751711693866,0.5383632352191952,l40s
resnet152,gemm,296,layer3.33.conv2,256,256,3,1,1,1.0629183948040009,0.029950058154832704,0.6341955673382484,l40s
resnet152,gemm,296,layer3.33.conv3,256,1024,1,1,0,0.7584832042455674,0.018994907286300444,0.4525527908675906,l40s
resnet152,gemm,296,layer3.34.conv1,1024,256,1,1,0,0.909799998998642,0.028635366374044048,0.5428367119713617,l40s
resnet152,gemm,296,layer3.34.conv2,256,256,3,1,1,1.0554831981658936,0.02838953707859503,0.6297593201406962,l40s
resnet152,gemm,296,layer3.34.conv3,256,1024,1,1,0,0.7572927981615066,0.022716015250359052,0.45184252913392003,l40s
resnet152,gemm,296,layer3.35.conv1,1024,256,1,1,0,0.9010639995336532,0.0253059396515194,0.5376243342723317,l40s
resnet152,gemm,296,layer3.35.conv2,256,256,3,1,1,1.0597919940948486,0.026631083433752815,0.632330184745229,l40s
resnet152,gemm,296,layer3.35.conv3,256,1024,1,1,0,0.7685920059680938,0.026108122351369795,0.45858425788788776,l40s
resnet152,gemm,296,layer4.0.conv1,1024,512,1,1,0,1.142367994785309,0.027676712823459994,0.6815995678534843,l40s
resnet152,gemm,296,layer4.0.conv2,512,512,3,2,1,1.7931856036186218,0.027234154754037797,1.0699131436514402,l40s
resnet152,gemm,296,layer4.0.conv3,512,2048,1,1,0,0.9496512025594711,0.02599815392134975,0.566614131550249,l40s
resnet152,gemm,296,layer4.0.downsample.0,1024,2048,1,2,0,1.7038991928100586,0.022044169444591363,1.0166399608416028,l40s
resnet152,gemm,296,layer4.1.conv1,2048,512,1,1,0,1.0541423916816712,0.02342480239619597,0.6289593212573305,l40s
resnet152,gemm,296,layer4.1.conv2,512,512,3,1,1,1.7533728063106537,0.03212944476825522,1.0461586393550824,l40s
resnet152,gemm,296,layer4.1.conv3,512,2048,1,1,0,0.9870304048061371,0.024744914925724223,0.5889166192025083,l40s
resnet152,gemm,296,layer4.2.conv1,2048,512,1,1,0,1.0402640104293823,0.01851890664518504,0.6206787157893492,l40s
resnet152,gemm,296,layer4.2.conv2,512,512,3,1,1,1.753811204433441,0.03205328654992828,1.046420211783935,l40s
resnet152,gemm,296,layer4.2.conv3,512,2048,1,1,0,0.9930080056190491,0.021326997951124405,0.5924831845732819,l40s
resnet152,gemm,299,conv1,3,64,7,2,3,1.1555408120155335,0.024325618145012138,0.6762864532629065,l40s
resnet152,gemm,299,layer1.0.conv1,64,64,1,1,0,0.7546719998121262,0.025990853478890377,0.441675832495743,l40s
resnet152,gemm,299,layer1.0.conv2,64,64,3,1,1,0.9187424063682557,0.028838357487995542,0.5376989172552593,l40s
resnet152,gemm,299,layer1.0.conv3,64,256,1,1,0,1.1757232010364533,0.029969812851515693,0.6880983046033389,l40s
resnet152,gemm,299,layer1.0.downsample.0,64,256,1,1,0,1.1819968044757843,0.024338973617764974,0.6917699646390953,l40s
resnet152,gemm,299,layer1.1.conv1,256,64,1,1,0,1.1405088007450104,0.022884381459007924,0.6674888881039414,l40s
resnet152,gemm,299,layer1.1.conv2,64,64,3,1,1,0.9006415992975235,0.021851695034058066,0.5271053229072503,l40s
resnet152,gemm,299,layer1.1.conv3,64,256,1,1,0,1.1359632015228271,0.017353053142640087,0.6648285517973742,l40s
resnet152,gemm,299,layer1.2.conv1,256,64,1,1,0,1.1320032060146332,0.024958688601384758,0.6625109432029168,l40s
resnet152,gemm,299,layer1.2.conv2,64,64,3,1,1,0.9028031975030899,0.02079091967935518,0.5283704098419749,l40s
resnet152,gemm,299,layer1.2.conv3,64,256,1,1,0,1.1428608000278473,0.03018002057452772,0.6688654082895783,l40s
resnet152,gemm,299,layer2.0.conv1,256,128,1,1,0,1.6143647968769073,0.0402114039768844,0.9448156494343705,l40s
resnet152,gemm,299,layer2.0.conv2,128,128,3,2,1,0.9769247978925705,0.02064317475875039,0.571750473718852,l40s
resnet152,gemm,299,layer2.0.conv3,128,512,1,1,0,1.0063695907592773,0.02788465859173794,0.588983196551162,l40s
resnet152,gemm,299,layer2.0.downsample.0,256,512,1,2,0,1.4629551947116852,0.03352718333294242,0.8562023682992258,l40s
resnet152,gemm,299,layer2.1.conv1,512,128,1,1,0,1.0037855982780457,0.02065625121785779,0.5874709011028151,l40s
resnet152,gemm,299,layer2.1.conv2,128,128,3,1,1,0.6784576028585434,0.009957962693671513,0.39707094821354516,l40s
resnet152,gemm,299,layer2.1.conv3,128,512,1,1,0,0.9392704039812088,0.023530345670518794,0.5497130378764415,l40s
resnet152,gemm,299,layer2.2.conv1,512,128,1,1,0,1.0002815961837768,0.031984034309215724,0.5854201650977184,l40s
resnet152,gemm,299,layer2.2.conv2,128,128,3,1,1,0.6636207938194275,0.008878847829838983,0.38838762620668227,l40s
resnet152,gemm,299,layer2.2.conv3,128,512,1,1,0,0.9455343961715699,0.04073273967402035,0.5533790728772278,l40s
resnet152,gemm,299,layer2.3.conv1,512,128,1,1,0,0.9991536051034927,0.026888322202192616,0.5847600022726019,l40s
resnet152,gemm,299,layer2.3.conv2,128,128,3,1,1,0.6684704065322876,0.008168564596251265,0.39122588803800457,l40s
resnet152,gemm,299,layer2.3.conv3,128,512,1,1,0,0.9258816003799438,0.026915946820181804,0.5418771688125531,l40s
resnet152,gemm,299,layer2.4.conv1,512,128,1,1,0,0.9991807967424393,0.021391704710620685,0.5847759163250269,l40s
resnet152,gemm,299,layer2.4.conv2,128,128,3,1,1,0.6687216013669968,0.008283230464596315,0.3913729011612772,l40s
resnet152,gemm,299,layer2.4.conv3,128,512,1,1,0,0.9469119995832443,0.037275785926130456,0.5541853226570682,l40s
resnet152,gemm,299,layer2.5.conv1,512,128,1,1,0,0.9977023959159851,0.025686658226337478,0.5839106743179707,l40s
resnet152,gemm,299,layer2.5.conv2,128,128,3,1,1,0.6691456019878388,0.007034950983908023,0.3916210497970233,l40s
resnet152,gemm,299,layer2.5.conv3,128,512,1,1,0,0.9325759977102279,0.03660094954685194,0.5457951007282019,l40s
resnet152,gemm,299,layer2.6.conv1,512,128,1,1,0,0.9978463977575303,0.025069206744973663,0.5839949521675017,l40s
resnet152,gemm,299,layer2.6.conv2,128,128,3,1,1,0.6668527960777283,0.005543905752369474,0.39027917285001673,l40s
resnet152,gemm,299,layer2.6.conv3,128,512,1,1,0,0.9255823910236358,0.016754614206205453,0.5417020549331847,l40s
resnet152,gemm,299,layer2.7.conv1,512,128,1,1,0,1.0046767979860305,0.03582182408375373,0.5879924805082285,l40s
resnet152,gemm,299,layer2.7.conv2,128,128,3,1,1,0.6662591964006424,0.007100719046364354,0.38993176545765107,l40s
resnet152,gemm,299,layer2.7.conv3,128,512,1,1,0,0.9309087991714478,0.023572204507760902,0.5448193638481604,l40s
resnet152,gemm,299,layer3.0.conv1,512,256,1,1,0,1.0866271913051606,0.027001359937844853,0.6359543874049878,l40s
resnet152,gemm,299,layer3.0.conv2,256,256,3,2,1,1.1384319901466369,0.019968586828187564,0.6662734235707388,l40s
resnet152,gemm,299,layer3.0.conv3,256,1024,1,1,0,0.7847168028354645,0.02675798497008114,0.4592597144879292,l40s
resnet152,gemm,299,layer3.0.downsample.0,512,1024,1,2,0,1.3750143945217133,0.03114907383685419,0.8047345436761881,l40s
resnet152,gemm,299,layer3.1.conv1,1024,256,1,1,0,0.9235167980194092,0.029494658229720326,0.5404931555570764,l40s
resnet152,gemm,299,layer3.1.conv2,256,256,3,1,1,1.0666527926921845,0.03181818371362332,0.6242642635655128,l40s
resnet152,gemm,299,layer3.1.conv3,256,1024,1,1,0,0.7542768001556397,0.01887700339111601,0.4414445397787426,l40s
resnet152,gemm,299,layer3.2.conv1,1024,256,1,1,0,0.912292805314064,0.031939717977234786,0.53392425367216,l40s
resnet152,gemm,299,layer3.2.conv2,256,256,3,1,1,1.0754288017749787,0.02834946675837549,0.629400469915554,l40s
resnet152,gemm,299,layer3.2.conv3,256,1024,1,1,0,0.7653759986162185,0.024449391249287255,0.44794040516308437,l40s
resnet152,gemm,299,layer3.3.conv1,1024,256,1,1,0,0.9098752021789551,0.03148235337125293,0.5325093384803823,l40s
resnet152,gemm,299,layer3.3.conv2,256,256,3,1,1,1.060871994495392,0.024238953916730237,0.6208810204391031,l40s
resnet152,gemm,299,layer3.3.conv3,256,1024,1,1,0,0.7537855982780457,0.016767459883555436,0.4411570612473225,l40s
resnet152,gemm,299,layer3.4.conv1,1024,256,1,1,0,0.9116544008255005,0.027954678664261493,0.5335506240237492,l40s
resnet152,gemm,299,layer3.4.conv2,256,256,3,1,1,1.047081595659256,0.021261360687562795,0.6128101156116881,l40s
resnet152,gemm,299,layer3.4.conv3,256,1024,1,1,0,0.756376001238823,0.02664348205966176,0.44267310846318,l40s
resnet152,gemm,299,layer3.5.conv1,1024,256,1,1,0,0.9203631997108459,0.0258811412332161,0.5386474952455258,l40s
resnet152,gemm,299,layer3.5.conv2,256,256,3,1,1,1.0605663895606994,0.030470698457862343,0.6207021635132084,l40s
resnet152,gemm,299,layer3.5.conv3,256,1024,1,1,0,0.7608080029487609,0.022916804639569632,0.4452669612168885,l40s
resnet152,gemm,299,layer3.6.conv1,1024,256,1,1,0,0.9127328008413315,0.029930384778759683,0.534181763412615,l40s
resnet152,gemm,299,layer3.6.conv2,256,256,3,1,1,1.068481594324112,0.03509839822574158,0.625334579521918,l40s
resnet152,gemm,299,layer3.6.conv3,256,1024,1,1,0,0.7576688021421433,0.020086008592065573,0.44342972712051376,l40s
resnet152,gemm,299,layer3.7.conv1,1024,256,1,1,0,0.9088384002447129,0.02315459032138722,0.5319025445917079,l40s
resnet152,gemm,299,layer3.7.conv2,256,256,3,1,1,1.061895990371704,0.02678696516015208,0.6214803195137407,l40s
resnet152,gemm,299,layer3.7.conv3,256,1024,1,1,0,0.7590448021888733,0.027078362622387206,0.4442350385224274,l40s
resnet152,gemm,299,layer3.8.conv1,1024,256,1,1,0,0.9070464015007019,0.03529251935767427,0.5308537677226981,l40s
resnet152,gemm,299,layer3.8.conv2,256,256,3,1,1,1.050763201713562,0.025849215884155303,0.6149647952862509,l40s
resnet152,gemm,299,layer3.8.conv3,256,1024,1,1,0,0.7626288086175919,0.025949646014606288,0.44633259749303766,l40s
resnet152,gemm,299,layer3.9.conv1,1024,256,1,1,0,0.9020608007907868,0.02550023835760688,0.5279359181872822,l40s
resnet152,gemm,299,layer3.9.conv2,256,256,3,1,1,1.061838400363922,0.02432696368097738,0.6214466146530372,l40s
resnet152,gemm,299,layer3.9.conv3,256,1024,1,1,0,0.7580304026603699,0.02290404622709561,0.44364135576177566,l40s
resnet152,gemm,299,layer3.10.conv1,1024,256,1,1,0,0.9099983990192413,0.01760178332917653,0.5325814400914236,l40s
resnet152,gemm,299,layer3.10.conv2,256,256,3,1,1,1.0540127992630004,0.02343432835162455,0.6168666396680244,l40s
resnet152,gemm,299,layer3.10.conv3,256,1024,1,1,0,0.7572448074817657,0.02054317397577011,0.4431815819731615,l40s
resnet152,gemm,299,layer3.11.conv1,1024,256,1,1,0,0.9134928047657013,0.03089935314964909,0.5346265597825343,l40s
resnet152,gemm,299,layer3.11.conv2,256,256,3,1,1,1.0542768001556397,0.02843524784824208,0.6170211476053337,l40s
resnet152,gemm,299,layer3.11.conv3,256,1024,1,1,0,0.7567984014749527,0.020830368412875503,0.44292032046519597,l40s
resnet152,gemm,299,layer3.12.conv1,1024,256,1,1,0,0.9017135947942734,0.029311708000159704,0.5277327140169994,l40s
resnet152,gemm,299,layer3.12.conv2,256,256,3,1,1,1.0615679979324342,0.029084506203070584,0.6212883601808081,l40s
resnet152,gemm,299,layer3.12.conv3,256,1024,1,1,0,0.7708048015832901,0.02768440572986285,0.45111764119480896,l40s
resnet152,gemm,299,layer3.13.conv1,1024,256,1,1,0,0.9070064038038254,0.025558084802187617,0.5308303588562365,l40s
resnet152,gemm,299,layer3.13.conv2,256,256,3,1,1,1.0498415946960449,0.02648109783161958,0.6144254198399682,l40s
resnet152,gemm,299,layer3.13.conv3,256,1024,1,1,0,0.7588319987058639,0.02600451515958213,0.4441104941434925,l40s
resnet152,gemm,299,layer3.14.conv1,1024,256,1,1,0,0.9071920037269592,0.020880577244546512,0.5309389822059589,l40s
resnet152,gemm,299,layer3.14.conv2,256,256,3,1,1,1.0519808053970336,0.0286184339071684,0.6156774043676547,l40s
resnet152,gemm,299,layer3.14.conv3,256,1024,1,1,0,0.7497999995946885,0.014092970084751584,0.4388244682573826,l40s
resnet152,gemm,299,layer3.15.conv1,1024,256,1,1,0,0.9075152039527893,0.02284178196729541,0.5311281368702924,l40s
resnet152,gemm,299,layer3.15.conv2,256,256,3,1,1,1.0505696058273315,0.02871906623444253,0.6148514922562726,l40s
resnet152,gemm,299,layer3.15.conv3,256,1024,1,1,0,0.7548831939697266,0.01738397941058354,0.4417994350083572,l40s
resnet152,gemm,299,layer3.16.conv1,1024,256,1,1,0,0.909510400891304,0.021837619900220435,0.5322958365716604,l40s
resnet152,gemm,299,layer3.16.conv2,256,256,3,1,1,1.0589552104473114,0.029004403624751325,0.6197592123021094,l40s
resnet152,gemm,299,layer3.16.conv3,256,1024,1,1,0,0.7602431952953339,0.018568897581451037,0.4449364045106778,l40s
resnet152,gemm,299,layer3.17.conv1,1024,256,1,1,0,0.8949520021677018,0.03074154374908617,0.5237754556940702,l40s
resnet152,gemm,299,layer3.17.conv2,256,256,3,1,1,1.0594832062721253,0.026465263696730242,0.6200682246883342,l40s
resnet152,gemm,299,layer3.17.conv3,256,1024,1,1,0,0.7695856004953384,0.025514937571557407,0.4504040972238721,l40s
resnet152,gemm,299,layer3.18.conv1,1024,256,1,1,0,0.9146544009447097,0.025748884395726326,0.5353063901717829,l40s
resnet152,gemm,299,layer3.18.conv2,256,256,3,1,1,1.0530143916606902,0.02685969072746442,0.6162823162678847,l40s
resnet152,gemm,299,layer3.18.conv3,256,1024,1,1,0,0.759552001953125,0.023590499580255053,0.4445318799027533,l40s
resnet152,gemm,299,layer3.19.conv1,1024,256,1,1,0,0.9086960017681122,0.02615638149248329,0.5318192051201038,l40s
resnet152,gemm,299,layer3.19.conv2,256,256,3,1,1,1.0630864143371581,0.02801336195243621,0.622177021519507,l40s
resnet152,gemm,299,layer3.19.conv3,256,1024,1,1,0,0.7581728011369705,0.016978399162907522,0.44372469523337965,l40s
resnet152,gemm,299,layer3.20.conv1,1024,256,1,1,0,0.903204795718193,0.022083540681976797,0.5286054473496983,l40s
resnet152,gemm,299,layer3.20.conv2,256,256,3,1,1,1.0515216052532197,0.025349511173484038,0.6154086550224402,l40s
resnet152,gemm,299,layer3.20.conv3,256,1024,1,1,0,0.7603311985731125,0.028073736685486312,0.4449879089006444,l40s
resnet152,gemm,299,layer3.21.conv1,1024,256,1,1,0,0.9089728057384491,0.03582488358594543,0.5319812061272527,l40s
resnet152,gemm,299,layer3.21.conv2,256,256,3,1,1,1.055782413482666,0.029142727550798768,0.617902315874193,l40s
resnet152,gemm,299,layer3.21.conv3,256,1024,1,1,0,0.7567744016647339,0.017847250766034613,0.44290627444764036,l40s
resnet152,gemm,299,layer3.22.conv1,1024,256,1,1,0,0.9101440012454987,0.03252895272618746,0.5326666545746845,l40s
resnet152,gemm,299,layer3.22.conv2,256,256,3,1,1,1.0601616024971008,0.023516656630325178,0.6204652597148127,l40s
resnet152,gemm,299,layer3.22.conv3,256,1024,1,1,0,0.7633423954248428,0.023584362825982454,0.4467502279963942,l40s
resnet152,gemm,299,layer3.23.conv1,1024,256,1,1,0,0.9103599995374679,0.029788043648501378,0.5327930687326855,l40s
resnet152,gemm,299,layer3.23.conv2,256,256,3,1,1,1.0683727979660034,0.028203291000368145,0.6252709058702494,l40s
resnet152,gemm,299,layer3.23.conv3,256,1024,1,1,0,0.766017609834671,0.02219571726120281,0.448315911567349,l40s
resnet152,gemm,299,layer3.24.conv1,1024,256,1,1,0,0.9111743956804276,0.023920843039496178,0.5332696984400452,l40s
resnet152,gemm,299,layer3.24.conv2,256,256,3,1,1,1.0734911918640138,0.028889420107487147,0.6282664733306926,l40s
resnet152,gemm,299,layer3.24.conv3,256,1024,1,1,0,0.7565744012594223,0.023690377301830316,0.4427892231385452,l40s
resnet152,gemm,299,layer3.25.conv1,1024,256,1,1,0,0.9123456031084061,0.026126537139537453,0.5339551538642644,l40s
resnet152,gemm,299,layer3.25.conv2,256,256,3,1,1,1.0571407794952392,0.02710204133922475,0.618697306863108,l40s
resnet152,gemm,299,layer3.25.conv3,256,1024,1,1,0,0.7561264038085938,0.016962374330824606,0.44252703022944034,l40s
resnet152,gemm,299,layer3.26.conv1,1024,256,1,1,0,0.9131871998310089,0.02992682074728924,0.5344477028566397,l40s
resnet152,gemm,299,layer3.26.conv2,256,256,3,1,1,1.0516512155532838,0.026081399825239774,0.615484510145189,l40s
resnet152,gemm,299,layer3.26.conv3,256,1024,1,1,0,0.7627935975790023,0.02238506835908144,0.4464290411158768,l40s
resnet152,gemm,299,layer3.27.conv1,1024,256,1,1,0,0.9045648097991943,0.02366372468749532,0.5294014028794937,l40s
resnet152,gemm,299,layer3.27.conv2,256,256,3,1,1,1.0663263976573945,0.0220420533804603,0.6240732391221132,l40s
resnet152,gemm,299,layer3.27.conv3,256,1024,1,1,0,0.7679088026285171,0.02951403331069367,0.44942274228564766,l40s
resnet152,gemm,299,layer3.28.conv1,1024,256,1,1,0,0.9127968043088913,0.029398005024045614,0.534219221785026,l40s
resnet152,gemm,299,layer3.28.conv2,256,256,3,1,1,1.0597776055336,0.033807488360237066,0.620240523433922,l40s
resnet152,gemm,299,layer3.28.conv3,256,1024,1,1,0,0.7501903951168061,0.01716624960547363,0.43905294932899624,l40s
resnet152,gemm,299,layer3.29.conv1,1024,256,1,1,0,0.9082111984491348,0.03322841747408629,0.5315354713794068,l40s
resnet152,gemm,299,layer3.29.conv2,256,256,3,1,1,1.0660479962825775,0.026965012513231648,0.6239103032254312,l40s
resnet152,gemm,299,layer3.29.conv3,256,1024,1,1,0,0.7622655987739563,0.0172936734608045,0.4461200269854551,l40s
resnet152,gemm,299,layer3.30.conv1,1024,256,1,1,0,0.9084672003984451,0.02980313233455992,0.531685297892263,l40s
resnet152,gemm,299,layer3.30.conv2,256,256,3,1,1,1.045984011888504,0.02486698143448981,0.6121677488274408,l40s
resnet152,gemm,299,layer3.30.conv3,256,1024,1,1,0,0.7582544028759003,0.025096444473624215,0.4437724530884265,l40s
resnet152,gemm,299,layer3.31.conv1,1024,256,1,1,0,0.9138271987438202,0.02899626013580082,0.5348222656503867,l40s
resnet152,gemm,299,layer3.31.conv2,256,256,3,1,1,1.0542560040950775,0.02374380511311322,0.6170089765994347,l40s
resnet152,gemm,299,layer3.31.conv3,256,1024,1,1,0,0.7532560050487518,0.020432030181867393,0.4408471139715647,l40s
resnet152,gemm,299,layer3.32.conv1,1024,256,1,1,0,0.9086896032094955,0.028466741577788703,0.5318154603293809,l40s
resnet152,gemm,299,layer3.32.conv2,256,256,3,1,1,1.0636016130447388,0.03419755042438189,0.622478544324286,l40s
resnet152,gemm,299,layer3.32.conv3,256,1024,1,1,0,0.764031994342804,0.027905829555069088,0.44715381945898247,l40s
resnet152,gemm,299,layer3.33.conv1,1024,256,1,1,0,0.9196271955966949,0.02977067938723995,0.5382167448931622,l40s
resnet152,gemm,299,layer3.33.conv2,256,256,3,1,1,1.05693119764328,0.031087605072483086,0.6185746479610114,l40s
resnet152,gemm,299,layer3.33.conv3,256,1024,1,1,0,0.7488575994968414,0.01637942781293647,0.4382729235493978,l40s
resnet152,gemm,299,layer3.34.conv1,1024,256,1,1,0,0.9161264002323151,0.02808816085447876,0.5361678856439194,l40s
resnet152,gemm,299,layer3.34.conv2,256,256,3,1,1,1.0585567891597747,0.021644270034230514,0.6195260341082708,l40s
resnet152,gemm,299,layer3.34.conv3,256,1024,1,1,0,0.7633504003286362,0.02500002189905164,0.4467549129092409,l40s
resnet152,gemm,299,layer3.35.conv1,1024,256,1,1,0,0.8982239961624146,0.024432415601208308,0.5256904077154724,l40s
resnet152,gemm,299,layer3.35.conv2,256,256,3,1,1,1.057147204875946,0.03006957877565704,0.6187010673516031,l40s
resnet152,gemm,299,layer3.35.conv3,256,1024,1,1,0,0.7561936020851135,0.018865766991484508,0.4425663583809175,l40s
resnet152,gemm,299,layer4.0.conv1,1024,512,1,1,0,1.1614511966705323,0.03217294031328425,0.6797455375584899,l40s
resnet152,gemm,299,layer4.0.conv2,512,512,3,2,1,1.7901023924350739,0.03543275946219848,1.047667019086718,l40s
resnet152,gemm,299,layer4.0.conv3,512,2048,1,1,0,0.9445920020341874,0.01859332691267682,0.5528275316576369,l40s
resnet152,gemm,299,layer4.0.downsample.0,1024,2048,1,2,0,1.7261359989643097,0.035510175632172576,1.0102303444850589,l40s
resnet152,gemm,299,layer4.1.conv1,2048,512,1,1,0,1.0589856147766112,0.021852469031367783,0.6197770065987818,l40s
resnet152,gemm,299,layer4.1.conv2,512,512,3,1,1,1.7564623951911926,0.02573956759614512,1.0279790304087961,l40s
resnet152,gemm,299,layer4.1.conv3,512,2048,1,1,0,0.9851295977830887,0.02242347316221522,0.5765523768277626,l40s
resnet152,gemm,299,layer4.2.conv1,2048,512,1,1,0,1.0444767892360687,0.020691271086247146,0.6112856386922608,l40s
resnet152,gemm,299,layer4.2.conv2,512,512,3,1,1,1.7439599990844727,0.036891969306758615,1.020661936081722,l40s
resnet152,gemm,299,layer4.2.conv3,512,2048,1,1,0,0.9967248022556305,0.02171125599192302,0.5833385323889113,l40s
resnet152,gemm,302,conv1,3,64,7,2,3,1.1631744146347045,0.021954035716612835,0.6838216785474157,l40s
resnet152,gemm,302,layer1.0.conv1,64,64,1,1,0,0.7462256014347076,0.02159127626583078,0.43870053959912103,l40s
resnet152,gemm,302,layer1.0.conv2,64,64,3,1,1,0.8603855967521667,0.02321664947724972,0.505814360741298,l40s
resnet152,gemm,302,layer1.0.conv3,64,256,1,1,0,1.402151983976364,0.017267819073982442,0.8243148329241964,l40s
resnet152,gemm,302,layer1.0.downsample.0,64,256,1,1,0,1.187025600671768,0.013344298050012662,0.6978436152974032,l40s
resnet152,gemm,302,layer1.1.conv1,256,64,1,1,0,1.1110704004764558,0.019224059251005406,0.6531901120579298,l40s
resnet152,gemm,302,layer1.1.conv2,64,64,3,1,1,0.8425135970115661,0.024310196729721824,0.49530754361408796,l40s
resnet152,gemm,302,layer1.1.conv3,64,256,1,1,0,1.161057609319687,0.028364022472068193,0.682577224280316,l40s
resnet152,gemm,302,layer1.2.conv1,256,64,1,1,0,1.105760008096695,0.018222580958963872,0.6500681714571179,l40s
resnet152,gemm,302,layer1.2.conv2,64,64,3,1,1,0.8412400007247924,0.019758656987683258,0.4945588057295061,l40s
resnet152,gemm,302,layer1.2.conv3,64,256,1,1,0,1.151963186264038,0.0167711976404426,0.6772306798918828,l40s
resnet152,gemm,302,layer2.0.conv1,256,128,1,1,0,1.6158208012580872,0.03093422016977476,0.949929158212391,l40s
resnet152,gemm,302,layer2.0.conv2,128,128,3,2,1,0.9707487970590591,0.021255213962859967,0.5706960740374291,l40s
resnet152,gemm,302,layer2.0.conv3,128,512,1,1,0,0.9522287964820861,0.013102732887748039,0.5598083019871626,l40s
resnet152,gemm,302,layer2.0.downsample.0,256,512,1,2,0,1.4747040033340455,0.033271181448850426,0.8669676311932807,l40s
resnet152,gemm,302,layer2.1.conv1,512,128,1,1,0,1.0053488045930863,0.028919484333512453,0.5910371638447578,l40s
resnet152,gemm,302,layer2.1.conv2,128,128,3,1,1,0.6764415979385376,0.005948823955747113,0.3976750374851529,l40s
resnet152,gemm,302,layer2.1.conv3,128,512,1,1,0,0.9335503965616226,0.024173800926219173,0.5488274081285209,l40s
resnet152,gemm,302,layer2.2.conv1,512,128,1,1,0,1.0030111998319626,0.027770763285678873,0.5896629032081584,l40s
resnet152,gemm,302,layer2.2.conv2,128,128,3,1,1,0.6664735943078994,0.006445182475090061,0.39181492150537495,l40s
resnet152,gemm,302,layer2.2.conv3,128,512,1,1,0,0.9317151993513108,0.016088066010331765,0.5477485091938197,l40s
resnet152,gemm,302,layer2.3.conv1,512,128,1,1,0,1.004595199227333,0.02880130665457255,0.5905941247960236,l40s
resnet152,gemm,302,layer2.3.conv2,128,128,3,1,1,0.6641088038682937,0.0065612607017284455,0.39042467860845576,l40s
resnet152,gemm,302,layer2.3.conv3,128,512,1,1,0,0.9233136028051376,0.028227819575744134,0.5428092724117878,l40s
resnet152,gemm,302,layer2.4.conv1,512,128,1,1,0,1.003521603345871,0.025690647015007603,0.5899629656779187,l40s
resnet152,gemm,302,layer2.4.conv2,128,128,3,1,1,0.6682943969964981,0.00861076464333646,0.3928853580066903,l40s
resnet152,gemm,302,layer2.4.conv3,128,512,1,1,0,0.9227919936180115,0.016994058334857468,0.5425026222092054,l40s
resnet152,gemm,302,layer2.5.conv1,512,128,1,1,0,1.0016896069049834,0.029669443303505284,0.5888859484520077,l40s
resnet152,gemm,302,layer2.5.conv2,128,128,3,1,1,0.6691999971866608,0.006891251195074155,0.3934177536941629,l40s
resnet152,gemm,302,layer2.5.conv3,128,512,1,1,0,0.9243072003126145,0.023084775387365926,0.5433934010745358,l40s
resnet152,gemm,302,layer2.6.conv1,512,128,1,1,0,1.0162672013044358,0.03100213729965599,0.5974560089227304,l40s
resnet152,gemm,302,layer2.6.conv2,128,128,3,1,1,0.6632015943527222,0.0077229934698563995,0.3898913368104183,l40s
resnet152,gemm,302,layer2.6.conv3,128,512,1,1,0,0.9228560030460358,0.020225776819434167,0.5425402528808947,l40s
resnet152,gemm,302,layer2.7.conv1,512,128,1,1,0,0.9952047973871231,0.020218353952208213,0.5850735766582589,l40s
resnet152,gemm,302,layer2.7.conv2,128,128,3,1,1,0.6674479991197586,0.007850778668480274,0.39238776692360866,l40s
resnet152,gemm,302,layer2.7.conv3,128,512,1,1,0,0.9250832021236419,0.019383992731977027,0.543849606828631,l40s
resnet152,gemm,302,layer3.0.conv1,512,256,1,1,0,1.072335994243622,0.027995648981316915,0.6304184396806686,l40s
resnet152,gemm,302,layer3.0.conv2,256,256,3,2,1,1.1336511969566345,0.02937315181643481,0.6664651961362386,l40s
resnet152,gemm,302,layer3.0.conv3,256,1024,1,1,0,0.763646399974823,0.017379588772545612,0.4489420988609616,l40s
resnet152,gemm,302,layer3.0.downsample.0,512,1024,1,2,0,1.3614143908023835,0.029046186799920964,0.8003655016857151,l40s
resnet152,gemm,302,layer3.1.conv1,1024,256,1,1,0,0.9052336037158966,0.02644603069633419,0.532180173998182,l40s
resnet152,gemm,302,layer3.1.conv2,256,256,3,1,1,1.0610911905765534,0.026099294877233538,0.6238077023554621,l40s
resnet152,gemm,302,layer3.1.conv3,256,1024,1,1,0,0.7660992026329041,0.023882791446546012,0.45038408349343934,l40s
resnet152,gemm,302,layer3.2.conv1,1024,256,1,1,0,0.9065647989511489,0.026352617259456344,0.532962773880703,l40s
resnet152,gemm,302,layer3.2.conv2,256,256,3,1,1,1.051580798625946,0.0222719031809445,0.6182166129148036,l40s
resnet152,gemm,302,layer3.2.conv3,256,1024,1,1,0,0.7628288060426712,0.021458934960236178,0.4484614414049345,l40s
resnet152,gemm,302,layer3.3.conv1,1024,256,1,1,0,0.9106848001480102,0.027988227686235462,0.535384892265193,l40s
resnet152,gemm,302,layer3.3.conv2,256,256,3,1,1,1.0618496000766755,0.026424552511239666,0.624253565719438,l40s
resnet152,gemm,302,layer3.3.conv3,256,1024,1,1,0,0.7568560034036637,0.02364098949438049,0.4449500746873977,l40s
resnet152,gemm,302,layer3.4.conv1,1024,256,1,1,0,0.909424003958702,0.02760345567403055,0.5346436794637149,l40s
resnet152,gemm,302,layer3.4.conv2,256,256,3,1,1,1.0611040055751801,0.02809043671270755,0.6238152361988489,l40s
resnet152,gemm,302,layer3.4.conv3,256,1024,1,1,0,0.7557056039571762,0.01475373304378755,0.4442737633186129,l40s
resnet152,gemm,302,layer3.5.conv1,1024,256,1,1,0,0.9036976039409638,0.024691544690025685,0.5312771710339422,l40s
resnet152,gemm,302,layer3.5.conv2,256,256,3,1,1,1.069979190826416,0.022013029352862437,0.6290328922954417,l40s
resnet152,gemm,302,layer3.5.conv3,256,1024,1,1,0,0.7510079950094223,0.018380072817645386,0.44151207358799643,l40s
resnet152,gemm,302,layer3.6.conv1,1024,256,1,1,0,0.9037007957696914,0.030136682014920157,0.5312790474865625,l40s
resnet152,gemm,302,layer3.6.conv2,256,256,3,1,1,1.0686832070350647,0.029172139269451423,0.6282709929616684,l40s
resnet152,gemm,302,layer3.6.conv3,256,1024,1,1,0,0.7647040039300919,0.022066010583534384,0.44956385644334235,l40s
resnet152,gemm,302,layer3.7.conv1,1024,256,1,1,0,0.9067616015672684,0.026469817194796474,0.5330784726904465,l40s
resnet152,gemm,302,layer3.7.conv2,256,256,3,1,1,1.0642272055149078,0.025557530218584167,0.6256513424597441,l40s
resnet152,gemm,302,layer3.7.conv3,256,1024,1,1,0,0.7555536061525345,0.022467838414319614,0.444184404927818,l40s
resnet152,gemm,302,layer3.8.conv1,1024,256,1,1,0,0.899143996834755,0.02278555687509063,0.5286001389262587,l40s
resnet152,gemm,302,layer3.8.conv2,256,256,3,1,1,1.0561711966991425,0.026642283127379443,0.620915274161234,l40s
resnet152,gemm,302,layer3.8.conv3,256,1024,1,1,0,0.7601648032665252,0.01876953058044339,0.44689529377727083,l40s
resnet152,gemm,302,layer3.9.conv1,1024,256,1,1,0,0.9066128045320511,0.03197400201942544,0.5329909960084417,l40s
resnet152,gemm,302,layer3.9.conv2,256,256,3,1,1,1.0635007977485658,0.026033216854086206,0.6252242926795561,l40s
resnet152,gemm,302,layer3.9.conv3,256,1024,1,1,0,0.7597343981266022,0.027603148753017167,0.4466422617628673,l40s
resnet152,gemm,302,layer3.10.conv1,1024,256,1,1,0,0.9001407980918884,0.02869009867897727,0.5291861510498534,l40s
resnet152,gemm,302,layer3.10.conv2,256,256,3,1,1,1.0518112003803253,0.02234990020026367,0.6183520644106736,l40s
resnet152,gemm,302,layer3.10.conv3,256,1024,1,1,0,0.7646496027708054,0.028424560036195437,0.4495318744021367,l40s
resnet152,gemm,302,layer3.11.conv1,1024,256,1,1,0,0.8993423998355865,0.02596148034064208,0.5287167785903971,l40s
resnet152,gemm,302,layer3.11.conv2,256,256,3,1,1,1.067275208234787,0.027267048547730755,0.6274432408284675,l40s
resnet152,gemm,302,layer3.11.conv3,256,1024,1,1,0,0.7533040046691895,0.016880350852321018,0.4428618807706073,l40s
resnet152,gemm,302,layer3.12.conv1,1024,256,1,1,0,0.8985983997583389,0.023971778790839546,0.5282793864200899,l40s
resnet152,gemm,302,layer3.12.conv2,256,256,3,1,1,1.054480004310608,0.022783230868502775,0.6199210346015223,l40s
resnet152,gemm,302,layer3.12.conv3,256,1024,1,1,0,0.7537775993347168,0.01766939269579955,0.4431403035892812,l40s
resnet152,gemm,302,layer3.13.conv1,1024,256,1,1,0,0.9023855984210968,0.019499137074721465,0.5305058526438788,l40s
resnet152,gemm,302,layer3.13.conv2,256,256,3,1,1,1.0546271920204162,0.03940243125719012,0.6200075651729622,l40s
resnet152,gemm,302,layer3.13.conv3,256,1024,1,1,0,0.7522944003343582,0.021734660574221246,0.442268341811852,l40s
resnet152,gemm,302,layer3.14.conv1,1024,256,1,1,0,0.9101727992296219,0.028567491116681054,0.5350838906930941,l40s
resnet152,gemm,302,layer3.14.conv2,256,256,3,1,1,1.0644032061100006,0.02668729250681517,0.6257548119144083,l40s
resnet152,gemm,302,layer3.14.conv3,256,1024,1,1,0,0.749878391623497,0.02070544252455428,0.4408479880701776,l40s
resnet152,gemm,302,layer3.15.conv1,1024,256,1,1,0,0.8989535957574845,0.019047952742817047,0.5284882035340954,l40s
resnet152,gemm,302,layer3.15.conv2,256,256,3,1,1,1.056392002105713,0.03159102556911703,0.6210450840348467,l40s
resnet152,gemm,302,layer3.15.conv3,256,1024,1,1,0,0.7596367985010147,0.01930506285436782,0.4465848836612215,l40s
resnet152,gemm,302,layer3.16.conv1,1024,256,1,1,0,0.912756797671318,0.032777825750076095,0.5366030043612877,l40s
resnet152,gemm,302,layer3.16.conv2,256,256,3,1,1,1.0667328000068665,0.028419543103719882,0.6271243630228627,l40s
resnet152,gemm,302,layer3.16.conv3,256,1024,1,1,0,0.7587519973516464,0.023344993230743245,0.4460647155767715,l40s
resnet152,gemm,302,layer3.17.conv1,1024,256,1,1,0,0.9074287921190262,0.031086375511461345,0.5334707091059606,l40s
resnet152,gemm,302,layer3.17.conv2,256,256,3,1,1,1.0644239962100983,0.0315582637478132,0.6257670342612611,l40s
resnet152,gemm,302,layer3.17.conv3,256,1024,1,1,0,0.7520096004009247,0.020031258176954492,0.442100910026833,l40s
resnet152,gemm,302,layer3.18.conv1,1024,256,1,1,0,0.9071007907390595,0.027667987304432748,0.5332778795084447,l40s
resnet152,gemm,302,layer3.18.conv2,256,256,3,1,1,1.054251205921173,0.026228632243297502,0.619786525712104,l40s
resnet152,gemm,302,layer3.18.conv3,256,1024,1,1,0,0.7678479969501495,0.02182728848391294,0.4514121868031468,l40s
resnet152,gemm,302,layer3.19.conv1,1024,256,1,1,0,0.9113744020462036,0.028745518716414186,0.5357903041463511,l40s
resnet152,gemm,302,layer3.19.conv2,256,256,3,1,1,1.0476559937000274,0.027922010308106725,0.6159092489815489,l40s
resnet152,gemm,302,layer3.19.conv3,256,1024,1,1,0,0.7603952050209045,0.02210499789570702,0.4470307452731408,l40s
resnet152,gemm,302,layer3.20.conv1,1024,256,1,1,0,0.9031791985034943,0.025633779315236995,0.5309724042922065,l40s
resnet152,gemm,302,layer3.20.conv2,256,256,3,1,1,1.0566240072250366,0.032215317811268185,0.6211814781371683,l40s
resnet152,gemm,302,layer3.20.conv3,256,1024,1,1,0,0.7572415947914124,0.02204116665753616,0.4451767610266829,l40s
resnet152,gemm,302,layer3.21.conv1,1024,256,1,1,0,0.9141215950250625,0.02453760281746017,0.5374053586819918,l40s
resnet152,gemm,302,layer3.21.conv2,256,256,3,1,1,1.048206388950348,0.019500148127627268,0.6162328222988461,l40s
resnet152,gemm,302,layer3.21.conv3,256,1024,1,1,0,0.7583871960639954,0.027696613392312434,0.4458502515843391,l40s
resnet152,gemm,302,layer3.22.conv1,1024,256,1,1,0,0.9113487988710404,0.026378718473843002,0.5357752522280868,l40s
resnet152,gemm,302,layer3.22.conv2,256,256,3,1,1,1.0484912037849425,0.0179790386532339,0.6164002628441481,l40s
resnet152,gemm,302,layer3.22.conv3,256,1024,1,1,0,0.764041605591774,0.024981052077933844,0.44917443733484363,l40s
resnet152,gemm,302,layer3.23.conv1,1024,256,1,1,0,0.8993728011846542,0.027949314987941887,0.5287346513197901,l40s
resnet152,gemm,302,layer3.23.conv2,256,256,3,1,1,1.0509760081768036,0.02900074042708361,0.6178610610604138,l40s
resnet152,gemm,302,layer3.23.conv3,256,1024,1,1,0,0.7510064035654068,0.01635251793878033,0.44151113798977126,l40s
resnet152,gemm,302,layer3.24.conv1,1024,256,1,1,0,0.8948015958070755,0.02118284561066823,0.5260472733178742,l40s
resnet152,gemm,302,layer3.24.conv2,256,256,3,1,1,1.0527583956718445,0.017615316666742886,0.6189089135521346,l40s
resnet152,gemm,302,layer3.24.conv3,256,1024,1,1,0,0.7570944041013717,0.017052448062144388,0.4450902287031863,l40s
resnet152,gemm,302,layer3.25.conv1,1024,256,1,1,0,0.9122479975223541,0.029841005321644184,0.5363038844979789,l40s
resnet152,gemm,302,layer3.25.conv2,256,256,3,1,1,1.0522256016731262,0.028675344356112062,0.6185956878811264,l40s
resnet152,gemm,302,layer3.25.conv3,256,1024,1,1,0,0.7525807976722717,0.023833165824535738,0.4424367126992094,l40s
resnet152,gemm,302,layer3.26.conv1,1024,256,1,1,0,0.8989616066217423,0.02213467462050678,0.5284929130622406,l40s
resnet152,gemm,302,layer3.26.conv2,256,256,3,1,1,1.0643664121627807,0.027686906635163343,0.6257331810236049,l40s
resnet152,gemm,302,layer3.26.conv3,256,1024,1,1,0,0.7499871999025345,0.01559017403428202,0.4409119556567022,l40s
resnet152,gemm,302,layer3.27.conv1,1024,256,1,1,0,0.8950767993927002,0.02189238820004199,0.5262090634806359,l40s
resnet152,gemm,302,layer3.27.conv2,256,256,3,1,1,1.0588335812091827,0.025006407129876077,0.6224804704221628,l40s
resnet152,gemm,302,layer3.27.conv3,256,1024,1,1,0,0.7635856002569199,0.024796298169352908,0.4489063551542324,l40s
resnet152,gemm,302,layer3.28.conv1,1024,256,1,1,0,0.9197824001312256,0.025614037890106016,0.5407333043459633,l40s
resnet152,gemm,302,layer3.28.conv2,256,256,3,1,1,1.06667520403862,0.031193866779938094,0.6270905027769801,l40s
resnet152,gemm,302,layer3.28.conv3,256,1024,1,1,0,0.7585552036762238,0.02235586795489579,0.44594902202319786,l40s
resnet152,gemm,302,layer3.29.conv1,1024,256,1,1,0,0.9142127990722656,0.02715653835286173,0.5374589768701706,l40s
resnet152,gemm,302,layer3.29.conv2,256,256,3,1,1,1.0644112050533294,0.024698678906090118,0.625759514434327,l40s
resnet152,gemm,302,layer3.29.conv3,256,1024,1,1,0,0.7548880010843277,0.020531046160069382,0.44379310060641597,l40s
resnet152,gemm,302,layer3.30.conv1,1024,256,1,1,0,0.9029375970363617,0.026256101191636717,0.5308303685676278,l40s
resnet152,gemm,302,layer3.30.conv2,256,256,3,1,1,1.0443039894104005,0.022928346112839122,0.6139386303271223,l40s
resnet152,gemm,302,layer3.30.conv3,256,1024,1,1,0,0.7559040009975433,0.022186035332423453,0.4443903994786382,l40s
resnet152,gemm,302,layer3.31.conv1,1024,256,1,1,0,0.9028448015451431,0.025997063428439583,0.5307758147812236,l40s
resnet152,gemm,302,layer3.31.conv2,256,256,3,1,1,1.0478063941001892,0.0319542904002268,0.6159976682700053,l40s
resnet152,gemm,302,layer3.31.conv3,256,1024,1,1,0,0.753369602560997,0.015079880950685428,0.44290044528846517,l40s
resnet152,gemm,302,layer3.32.conv1,1024,256,1,1,0,0.9058143973350525,0.03052385030989238,0.5325216182928156,l40s
resnet152,gemm,302,layer3.32.conv2,256,256,3,1,1,1.055295991897583,0.01990967814929941,0.6204007476990413,l40s
resnet152,gemm,302,layer3.32.conv3,256,1024,1,1,0,0.7530992031097412,0.020108326170686405,0.44274147944094505,l40s
resnet152,gemm,302,layer3.33.conv1,1024,256,1,1,0,0.894361600279808,0.01611701669622451,0.5257886031853266,l40s
resnet152,gemm,302,layer3.33.conv2,256,256,3,1,1,1.052019202709198,0.029343958798626262,0.6184743474491258,l40s
resnet152,gemm,302,layer3.33.conv3,256,1024,1,1,0,0.7689327955245971,0.02257766699262266,0.45204993190201714,l40s
resnet152,gemm,302,layer3.34.conv1,1024,256,1,1,0,0.9077392041683197,0.028795980063919688,0.5336531980654137,l40s
resnet152,gemm,302,layer3.34.conv2,256,256,3,1,1,1.0581696033477783,0.030887997833982727,0.6220901227236653,l40s
resnet152,gemm,302,layer3.34.conv3,256,1024,1,1,0,0.7544799983501435,0.020810021807434805,0.44355323880148667,l40s
resnet152,gemm,302,layer3.35.conv1,1024,256,1,1,0,0.9144079983234406,0.023656571634224424,0.5375737330734625,l40s
resnet152,gemm,302,layer3.35.conv2,256,256,3,1,1,1.047262394428253,0.018735593368950466,0.6156778548661751,l40s
resnet152,gemm,302,layer3.35.conv3,256,1024,1,1,0,0.7474608033895492,0.01763033991297731,0.4394267057385044,l40s
resnet152,gemm,302,layer4.0.conv1,1024,512,1,1,0,1.1529311954975128,0.02408178497712238,0.6777997653966495,l40s
resnet152,gemm,302,layer4.0.conv2,512,512,3,2,1,1.7861008107662202,0.020948807150753083,1.0500355227093179,l40s
resnet152,gemm,302,layer4.0.conv3,512,2048,1,1,0,0.9465728014707565,0.023210221394875885,0.5564831841425459,l40s
resnet152,gemm,302,layer4.0.downsample.0,1024,2048,1,2,0,1.7252160012722015,0.037098803592160355,1.0142417912599249,l40s
resnet152,gemm,302,layer4.1.conv1,2048,512,1,1,0,1.0421872079372405,0.016451502036094207,0.6126941900764751,l40s
resnet152,gemm,302,layer4.1.conv2,512,512,3,1,1,1.7487215876579285,0.02410536693774588,1.028060552518164,l40s
resnet152,gemm,302,layer4.1.conv3,512,2048,1,1,0,0.988576003909111,0.023171183865135683,0.581176557753917,l40s
resnet152,gemm,302,layer4.2.conv1,2048,512,1,1,0,1.0506704032421113,0.023080123605506833,0.6176813981682591,l40s
resnet152,gemm,302,layer4.2.conv2,512,512,3,1,1,1.7393968105316162,0.03307945051199014,1.0225785846667668,l40s
resnet152,gemm,302,layer4.2.conv3,512,2048,1,1,0,0.9869472026824951,0.02134090925632502,0.5802189974991598,l40s
resnet152,gemm,305,conv1,3,64,7,2,3,1.183399999141693,0.025268247654257843,0.6801666676233368,l40s
resnet152,gemm,305,layer1.0.conv1,64,64,1,1,0,0.7762863993644714,0.02062160803568101,0.4461755397667795,l40s
resnet152,gemm,305,layer1.0.conv2,64,64,3,1,1,0.9346127957105637,0.024578953005378615,0.5371746419111418,l40s
resnet152,gemm,305,layer1.0.conv3,64,256,1,1,0,1.4738431990146637,0.02383285255109346,0.8471007419301966,l40s
resnet152,gemm,305,layer1.0.downsample.0,64,256,1,1,0,1.2350255966186523,0.0253819479189392,0.7098388077496127,l40s
resnet152,gemm,305,layer1.1.conv1,256,64,1,1,0,1.1484544157981873,0.017692579171977193,0.6600814715880612,l40s
resnet152,gemm,305,layer1.1.conv2,64,64,3,1,1,0.9145824015140533,0.021112910252049505,0.5256620455940018,l40s
resnet152,gemm,305,layer1.1.conv3,64,256,1,1,0,1.1857072055339812,0.017506788409933565,0.6814927491549407,l40s
resnet152,gemm,305,layer1.2.conv1,256,64,1,1,0,1.1504495918750763,0.019370970748277365,0.661228211713567,l40s
resnet152,gemm,305,layer1.2.conv2,64,64,3,1,1,0.9150032043457031,0.023841014059767598,0.5259039046948445,l40s
resnet152,gemm,305,layer1.2.conv3,64,256,1,1,0,1.1894847869873046,0.022817377865618577,0.6836639380941382,l40s
resnet152,gemm,305,layer2.0.conv1,256,128,1,1,0,1.7253440082073213,0.044161182512593225,0.9916524297933133,l40s
resnet152,gemm,305,layer2.0.conv2,128,128,3,2,1,1.0013855934143066,0.019253155231456424,0.5755527315976233,l40s
resnet152,gemm,305,layer2.0.conv3,128,512,1,1,0,1.0365456163883209,0.019807561255039772,0.5957611781728644,l40s
resnet152,gemm,305,layer2.0.downsample.0,256,512,1,2,0,1.607380783557892,0.027724635335198554,0.9238523170080346,l40s
resnet152,gemm,305,layer2.1.conv1,512,128,1,1,0,1.019220796227455,0.030307168220717308,0.5858036277211691,l40s
resnet152,gemm,305,layer2.1.conv2,128,128,3,1,1,0.860207998752594,0.018770540986229177,0.4944100121673541,l40s
resnet152,gemm,305,layer2.1.conv3,128,512,1,1,0,0.9395887970924377,0.02048227578843791,0.5400346303178117,l40s
resnet152,gemm,305,layer2.2.conv1,512,128,1,1,0,1.0058255910873413,0.02555304067183768,0.5781046484674168,l40s
resnet152,gemm,305,layer2.2.conv2,128,128,3,1,1,0.8614416033029556,0.024214145120016812,0.4951190342197397,l40s
resnet152,gemm,305,layer2.2.conv3,128,512,1,1,0,0.9330208033323288,0.016384787096175312,0.5362596341778555,l40s
resnet152,gemm,305,layer2.3.conv1,512,128,1,1,0,1.0127375990152359,0.02582786043801256,0.5820773689358232,l40s
resnet152,gemm,305,layer2.3.conv2,128,128,3,1,1,0.8495711982250214,0.02557776191592187,0.4882964434887497,l40s
resnet152,gemm,305,layer2.3.conv3,128,512,1,1,0,0.9431152045726776,0.028166391966771155,0.5420614554202762,l40s
resnet152,gemm,305,layer2.4.conv1,512,128,1,1,0,1.0206384032964706,0.02867856108602731,0.5866184063901152,l40s
resnet152,gemm,305,layer2.4.conv2,128,128,3,1,1,0.8395503968000412,0.01846589051654245,0.48253692420779026,l40s
resnet152,gemm,305,layer2.4.conv3,128,512,1,1,0,0.9362832009792328,0.025853097225087506,0.5381347179513609,l40s
resnet152,gemm,305,layer2.5.conv1,512,128,1,1,0,1.0270096004009246,0.03538720390828895,0.5902802924019886,l40s
resnet152,gemm,305,layer2.5.conv2,128,128,3,1,1,0.8394047975540161,0.015560310859148422,0.4824532401161482,l40s
resnet152,gemm,305,layer2.5.conv3,128,512,1,1,0,0.939595204591751,0.025762896928522058,0.5400383130687487,l40s
resnet152,gemm,305,layer2.6.conv1,512,128,1,1,0,1.0008096039295196,0.024504898712724717,0.5752216779819922,l40s
resnet152,gemm,305,layer2.6.conv2,128,128,3,1,1,0.8450336039066315,0.022602105372773733,0.48568843232700865,l40s
resnet152,gemm,305,layer2.6.conv3,128,512,1,1,0,0.9432223916053772,0.026959223719799585,0.5421230618482774,l40s
resnet152,gemm,305,layer2.7.conv1,512,128,1,1,0,1.0216048061847687,0.030077232226432844,0.5871738525897029,l40s
resnet152,gemm,305,layer2.7.conv2,128,128,3,1,1,0.840123200416565,0.021563084275544254,0.48286614672539724,l40s
resnet152,gemm,305,layer2.7.conv3,128,512,1,1,0,0.9412128061056138,0.021234222552998158,0.5409680398154316,l40s
resnet152,gemm,305,layer3.0.conv1,512,256,1,1,0,1.2654272079467774,0.03444159274372464,0.7273123270012845,l40s
resnet152,gemm,305,layer3.0.conv2,256,256,3,2,1,1.1464208006858825,0.02133171525938615,0.6589126383827476,l40s
resnet152,gemm,305,layer3.0.conv3,256,1024,1,1,0,0.8096879988908767,0.020820958631740917,0.46537332129427816,l40s
resnet152,gemm,305,layer3.0.downsample.0,512,1024,1,2,0,1.3949983954429626,0.031224940692624863,0.801784190177893,l40s
resnet152,gemm,305,layer3.1.conv1,1024,256,1,1,0,0.9210351973772049,0.02709193739953627,0.5293708310108318,l40s
resnet152,gemm,305,layer3.1.conv2,256,256,3,1,1,1.0813407838344573,0.025284492629945525,0.6215074852453388,l40s
resnet152,gemm,305,layer3.1.conv3,256,1024,1,1,0,0.7949887990951539,0.021904433740949067,0.4569248628279626,l40s
resnet152,gemm,305,layer3.2.conv1,1024,256,1,1,0,0.9228944003582,0.025190514121865962,0.5304394197356384,l40s
resnet152,gemm,305,layer3.2.conv2,256,256,3,1,1,1.084556806087494,0.034268809738133545,0.6233559144665971,l40s
resnet152,gemm,305,layer3.2.conv3,256,1024,1,1,0,0.7745888024568558,0.017396238242760525,0.4451998351593281,l40s
resnet152,gemm,305,layer3.3.conv1,1024,256,1,1,0,0.9254799991846084,0.03092170977591583,0.5319255090873745,l40s
resnet152,gemm,305,layer3.3.conv2,256,256,3,1,1,1.0597583949565887,0.01798545927162161,0.6091028701252968,l40s
resnet152,gemm,305,layer3.3.conv3,256,1024,1,1,0,0.7816864013671875,0.02189073145141728,0.4492792252239458,l40s
resnet152,gemm,305,layer3.4.conv1,1024,256,1,1,0,0.921835196018219,0.03177047230542056,0.5298306353121301,l40s
resnet152,gemm,305,layer3.4.conv2,256,256,3,1,1,1.0645616054534912,0.028107825105456962,0.6118635458730922,l40s
resnet152,gemm,305,layer3.4.conv3,256,1024,1,1,0,0.7805279970169068,0.0251401977720646,0.44861342496430223,l40s
resnet152,gemm,305,layer3.5.conv1,1024,256,1,1,0,0.9200383991003036,0.021636937057413194,0.5287979148685432,l40s
resnet152,gemm,305,layer3.5.conv2,256,256,3,1,1,1.0788864135742187,0.028081796452646857,0.6200968203457012,l40s
resnet152,gemm,305,layer3.5.conv3,256,1024,1,1,0,0.7799663960933685,0.018362658767609015,0.4482906412656591,l40s
resnet152,gemm,305,layer3.6.conv1,1024,256,1,1,0,0.9290607959032059,0.029174650995229742,0.5339835947501186,l40s
resnet152,gemm,305,layer3.6.conv2,256,256,3,1,1,1.0777167975902557,0.030197240390852875,0.6194245761283715,l40s
resnet152,gemm,305,layer3.6.conv3,256,1024,1,1,0,0.7724031955003738,0.018681897169438227,0.44394364367597255,l40s
resnet152,gemm,305,layer3.7.conv1,1024,256,1,1,0,0.9157088011503219,0.024949278042743436,0.5263094509409416,l40s
resnet152,gemm,305,layer3.7.conv2,256,256,3,1,1,1.0624896109104156,0.018849551359583293,0.6106726538461194,l40s
resnet152,gemm,305,layer3.7.conv3,256,1024,1,1,0,0.772774389386177,0.022002071533093807,0.44415698972002526,l40s
resnet152,gemm,305,layer3.8.conv1,1024,256,1,1,0,0.916430401802063,0.02274399105116282,0.5267241954998444,l40s
resnet152,gemm,305,layer3.8.conv2,256,256,3,1,1,1.064278393983841,0.02480673826795554,0.6117007682816739,l40s
resnet152,gemm,305,layer3.8.conv3,256,1024,1,1,0,0.7850415974855423,0.026461176033216086,0.4512076455084645,l40s
resnet152,gemm,305,layer3.9.conv1,1024,256,1,1,0,0.921051201224327,0.030104594737149562,0.5293800293236374,l40s
resnet152,gemm,305,layer3.9.conv2,256,256,3,1,1,1.0686528027057647,0.03509666095720387,0.614214987485131,l40s
resnet152,gemm,305,layer3.9.conv3,256,1024,1,1,0,0.7654448062181473,0.010311392686565595,0.4399442652295042,l40s
resnet152,gemm,305,layer3.10.conv1,1024,256,1,1,0,0.916945606470108,0.02889098059135392,0.5270203126558882,l40s
resnet152,gemm,305,layer3.10.conv2,256,256,3,1,1,1.0738735914230346,0.022637739108217876,0.6172156689679489,l40s
resnet152,gemm,305,layer3.10.conv3,256,1024,1,1,0,0.77984319627285,0.026262177190129615,0.44821983138613014,l40s
resnet152,gemm,305,layer3.11.conv1,1024,256,1,1,0,0.9231599986553192,0.031926771807197586,0.5305920740442482,l40s
resnet152,gemm,305,layer3.11.conv2,256,256,3,1,1,1.069022387266159,0.03332048460173583,0.6144274085591811,l40s
resnet152,gemm,305,layer3.11.conv3,256,1024,1,1,0,0.7818080008029937,0.02360050817960409,0.44934911527219434,l40s
resnet152,gemm,305,layer3.12.conv1,1024,256,1,1,0,0.9294336020946503,0.028769413541666938,0.5341978674770816,l40s
resnet152,gemm,305,layer3.12.conv2,256,256,3,1,1,1.0688464045524597,0.025289523015397632,0.6143262613764678,l40s
resnet152,gemm,305,layer3.12.conv3,256,1024,1,1,0,0.783670398592949,0.02793605932138,0.45041954023374714,l40s
resnet152,gemm,305,layer3.13.conv1,1024,256,1,1,0,0.9240895956754684,0.0299894120131876,0.5311263658372904,l40s
resnet152,gemm,305,layer3.13.conv2,256,256,3,1,1,1.063891190290451,0.02882240853539064,0.6114782204990007,l40s
resnet152,gemm,305,layer3.13.conv3,256,1024,1,1,0,0.7769168049097062,0.021560852383997985,0.4465378693588571,l40s
resnet152,gemm,305,layer3.14.conv1,1024,256,1,1,0,0.9171247988939285,0.026477508632941196,0.5271233046398849,l40s
resnet152,gemm,305,layer3.14.conv2,256,256,3,1,1,1.05660640001297,0.023480320385590104,0.6072912410068907,l40s
resnet152,gemm,305,layer3.14.conv3,256,1024,1,1,0,0.7840511947870255,0.024321057399660763,0.4506384052654833,l40s
resnet152,gemm,305,layer3.15.conv1,1024,256,1,1,0,0.9277071982622147,0.020521773619705294,0.5332056059065801,l40s
resnet152,gemm,305,layer3.15.conv2,256,256,3,1,1,1.0637999951839447,0.027129822428767186,0.6114258055321755,l40s
resnet152,gemm,305,layer3.15.conv3,256,1024,1,1,0,0.7703615874052048,0.019782744201856498,0.44277021645297854,l40s
resnet152,gemm,305,layer3.16.conv1,1024,256,1,1,0,0.9130736023187638,0.02826218726649099,0.5247948536711378,l40s
resnet152,gemm,305,layer3.16.conv2,256,256,3,1,1,1.0627648055553436,0.02782077532008152,0.6108308237165978,l40s
resnet152,gemm,305,layer3.16.conv3,256,1024,1,1,0,0.7772000014781952,0.02221019145172963,0.4467006383857383,l40s
resnet152,gemm,305,layer3.17.conv1,1024,256,1,1,0,0.9277552038431167,0.025539613201468303,0.533233197419182,l40s
resnet152,gemm,305,layer3.17.conv2,256,256,3,1,1,1.07392960190773,0.025178556690486877,0.617247861349861,l40s
resnet152,gemm,305,layer3.17.conv3,256,1024,1,1,0,0.7732192039489746,0.025367717479813225,0.4444126497158913,l40s
resnet152,gemm,305,layer3.18.conv1,1024,256,1,1,0,0.9163584023714065,0.025114033093499,0.5266828133696636,l40s
resnet152,gemm,305,layer3.18.conv2,256,256,3,1,1,1.0661248087882995,0.02904232932942887,0.6127620069207729,l40s
resnet152,gemm,305,layer3.18.conv3,256,1024,1,1,0,0.7748095989227295,0.01930579996987022,0.4453267393308045,l40s
resnet152,gemm,305,layer3.19.conv1,1024,256,1,1,0,0.9375279992818832,0.02591171406950697,0.538850173683988,l40s
resnet152,gemm,305,layer3.19.conv2,256,256,3,1,1,1.0638960003852844,0.022158953754445692,0.6114809851315646,l40s
resnet152,gemm,305,layer3.19.conv3,256,1024,1,1,0,0.774683204293251,0.01721366829479257,0.4452540932145292,l40s
resnet152,gemm,305,layer3.20.conv1,1024,256,1,1,0,0.9180752068758011,0.02958539630468734,0.5276695576653893,l40s
resnet152,gemm,305,layer3.20.conv2,256,256,3,1,1,1.050079995393753,0.023109352698591684,0.603540148489877,l40s
resnet152,gemm,305,layer3.20.conv3,256,1024,1,1,0,0.7760159969329834,0.020292655138263293,0.4460201242514205,l40s
resnet152,gemm,305,layer3.21.conv1,1024,256,1,1,0,0.9227935969829559,0.032404827398115975,0.530381482355315,l40s
resnet152,gemm,305,layer3.21.conv2,256,256,3,1,1,1.0594607949256898,0.023605532454515004,0.6089318226168905,l40s
resnet152,gemm,305,layer3.21.conv3,256,1024,1,1,0,0.7775952041149139,0.024398830562164756,0.4469277836119069,l40s
resnet152,gemm,305,layer3.22.conv1,1024,256,1,1,0,0.9352496057748795,0.030316797672190955,0.537540652541249,l40s
resnet152,gemm,305,layer3.22.conv2,256,256,3,1,1,1.079393607378006,0.02109807279612724,0.6203883332066201,l40s
resnet152,gemm,305,layer3.22.conv3,256,1024,1,1,0,0.7777743965387345,0.022869026817014353,0.44703077559590365,l40s
resnet152,gemm,305,layer3.23.conv1,1024,256,1,1,0,0.936694398522377,0.03251064528112822,0.5383710563516128,l40s
resnet152,gemm,305,layer3.23.conv2,256,256,3,1,1,1.071043199300766,0.026823588907104037,0.6155888831142502,l40s
resnet152,gemm,305,layer3.23.conv3,256,1024,1,1,0,0.7835839956998825,0.02556402444876041,0.4503698796220414,l40s
resnet152,gemm,305,layer3.24.conv1,1024,256,1,1,0,0.9294512003660202,0.028412959869063274,0.534207982195353,l40s
resnet152,gemm,305,layer3.24.conv2,256,256,3,1,1,1.0693167924880982,0.021451609572494684,0.6145966198308411,l40s
resnet152,gemm,305,layer3.24.conv3,256,1024,1,1,0,0.7744352042675018,0.019693392057425006,0.44511155362419064,l40s
resnet152,gemm,305,layer3.25.conv1,1024,256,1,1,0,0.9134240031242371,0.034855154258574966,0.5249962487601729,l40s
resnet152,gemm,305,layer3.25.conv2,256,256,3,1,1,1.0773376047611236,0.02689063750283285,0.6192066326408233,l40s
resnet152,gemm,305,layer3.25.conv3,256,1024,1,1,0,0.7756047993898392,0.019630709117631727,0.44578378585116857,l40s
resnet152,gemm,305,layer3.26.conv1,1024,256,1,1,0,0.915558397769928,0.019559952267294928,0.5262230056425504,l40s
resnet152,gemm,305,layer3.26.conv2,256,256,3,1,1,1.0667936027050018,0.02627985475048401,0.613146400473232,l40s
resnet152,gemm,305,layer3.26.conv3,256,1024,1,1,0,0.7800095945596695,0.020784019524322846,0.4483154698586046,l40s
resnet152,gemm,305,layer3.27.conv1,1024,256,1,1,0,0.9253408014774323,0.02459661819196715,0.5318455043208546,l40s
resnet152,gemm,305,layer3.27.conv2,256,256,3,1,1,1.069702398777008,0.028164532547510054,0.6148182494951412,l40s
resnet152,gemm,305,layer3.27.conv3,256,1024,1,1,0,0.7795599967241287,0.019908508919218984,0.4480570606463414,l40s
resnet152,gemm,305,layer3.28.conv1,1024,256,1,1,0,0.9152608007192612,0.021308453764331638,0.5260519598470517,l40s
resnet152,gemm,305,layer3.28.conv2,256,256,3,1,1,1.0628719985485078,0.03200835826346338,0.6108924335704139,l40s
resnet152,gemm,305,layer3.28.conv3,256,1024,1,1,0,0.7776527971029281,0.024912220772267627,0.4469608855476552,l40s
resnet152,gemm,305,layer3.29.conv1,1024,256,1,1,0,0.9278351992368699,0.02432077102810878,0.5332791752799507,l40s
resnet152,gemm,305,layer3.29.conv2,256,256,3,1,1,1.0719295978546142,0.030829995447767097,0.6160983463143467,l40s
resnet152,gemm,305,layer3.29.conv3,256,1024,1,1,0,0.7898928046226501,0.02410568015746616,0.45399590763013964,l40s
resnet152,gemm,305,layer3.30.conv1,1024,256,1,1,0,0.9239039987325668,0.028657655791383914,0.5310196928152641,l40s
resnet152,gemm,305,layer3.30.conv2,256,256,3,1,1,1.0673183917999267,0.029356794545524735,0.6134480263395148,l40s
resnet152,gemm,305,layer3.30.conv3,256,1024,1,1,0,0.7770319968461991,0.022369321377394637,0.44660407665616847,l40s
resnet152,gemm,305,layer3.31.conv1,1024,256,1,1,0,0.9283807963132858,0.027127877210700247,0.5335927606657883,l40s
resnet152,gemm,305,layer3.31.conv2,256,256,3,1,1,1.0736591875553132,0.025470303030319216,0.6170924389828725,l40s
resnet152,gemm,305,layer3.31.conv3,256,1024,1,1,0,0.7759167969226837,0.018918497284387614,0.4459631084152851,l40s
resnet152,gemm,305,layer3.32.conv1,1024,256,1,1,0,0.9172927975654602,0.02011392685978098,0.52721986294364,l40s
resnet152,gemm,305,layer3.32.conv2,256,256,3,1,1,1.0668944060802459,0.024986662975340097,0.6132043378535554,l40s
resnet152,gemm,305,layer3.32.conv3,256,1024,1,1,0,0.7722687989473342,0.018495121638546434,0.44386639840329445,l40s
resnet152,gemm,305,layer3.33.conv1,1024,256,1,1,0,0.9173824071884156,0.023037347561986624,0.5272713666437218,l40s
resnet152,gemm,305,layer3.33.conv2,256,256,3,1,1,1.0640687942504883,0.022976883109683145,0.6115802995033465,l40s
resnet152,gemm,305,layer3.33.conv3,256,1024,1,1,0,0.7788080036640167,0.022918767868556515,0.4476248478576451,l40s
resnet152,gemm,305,layer3.34.conv1,1024,256,1,1,0,0.9185631990432739,0.030557561960032117,0.5279500342638488,l40s
resnet152,gemm,305,layer3.34.conv2,256,256,3,1,1,1.0784159898757935,0.029861047841642816,0.6198264413364389,l40s
resnet152,gemm,305,layer3.34.conv3,256,1024,1,1,0,0.7758000016212463,0.02154811765614662,0.4458959795737857,l40s
resnet152,gemm,305,layer3.35.conv1,1024,256,1,1,0,0.9229728013277054,0.026148800543613182,0.5304844811909414,l40s
resnet152,gemm,305,layer3.35.conv2,256,256,3,1,1,1.069838398694992,0.027978102181896468,0.6148964163120072,l40s
resnet152,gemm,305,layer3.35.conv3,256,1024,1,1,0,0.7805680006742477,0.014028384490414955,0.44863641732050136,l40s
resnet152,gemm,305,layer4.0.conv1,1024,512,1,1,0,1.1723328053951263,0.02545323586948766,0.6738057277078359,l40s
resnet152,gemm,305,layer4.0.conv2,512,512,3,2,1,1.7889503836631775,0.02403902137029116,1.0282105981766043,l40s
resnet152,gemm,305,layer4.0.conv3,512,2048,1,1,0,0.9691888004541397,0.013231236048876313,0.5570474202981823,l40s
resnet152,gemm,305,layer4.0.downsample.0,1024,2048,1,2,0,1.7396032094955445,0.049504201629945045,0.9998479963221417,l40s
resnet152,gemm,305,layer4.1.conv1,2048,512,1,1,0,1.0530079901218414,0.0165039466827257,0.6052230320613382,l40s
resnet152,gemm,305,layer4.1.conv2,512,512,3,1,1,1.744068795442581,0.03284169126951001,1.0024146202149797,l40s
resnet152,gemm,305,layer4.1.conv3,512,2048,1,1,0,1.006472000479698,0.018480294249483827,0.5784761763723,l40s
resnet152,gemm,305,layer4.2.conv1,2048,512,1,1,0,1.0448927998542785,0.016480447514727693,0.6005587748994141,l40s
resnet152,gemm,305,layer4.2.conv2,512,512,3,1,1,1.7350080132484436,0.028630134914809105,0.99720687808593,l40s
resnet152,gemm,305,layer4.2.conv3,512,2048,1,1,0,0.9896496027708054,0.01739954756149354,0.568807396416756,l40s
resnet152,gemm,308,conv1,3,64,7,2,3,1.2485327899456025,0.027207891130694457,0.7201761847507756,l40s
resnet152,gemm,308,layer1.0.conv1,64,64,1,1,0,0.7741119921207428,0.024550465149670107,0.446521729781425,l40s
resnet152,gemm,308,layer1.0.conv2,64,64,3,1,1,0.9425296008586883,0.02867106019657457,0.543668037737844,l40s
resnet152,gemm,308,layer1.0.conv3,64,256,1,1,0,1.3539471983909608,0.03488394309002523,0.780981112825789,l40s
resnet152,gemm,308,layer1.0.downsample.0,64,256,1,1,0,1.227238404750824,0.015819695976484627,0.7078932001069705,l40s
resnet152,gemm,308,layer1.1.conv1,256,64,1,1,0,1.1684624075889587,0.021403730099643952,0.6739901470739791,l40s
resnet152,gemm,308,layer1.1.conv2,64,64,3,1,1,0.908145597577095,0.0167489023745511,0.5238347257902459,l40s
resnet152,gemm,308,layer1.1.conv3,64,256,1,1,0,1.2552367985248565,0.024837632971133745,0.7240431775602748,l40s
resnet152,gemm,308,layer1.2.conv1,256,64,1,1,0,1.1755487978458405,0.025510412259250787,0.6780777045173672,l40s
resnet152,gemm,308,layer1.2.conv2,64,64,3,1,1,0.9178144007921218,0.0286401616802325,0.529411865507023,l40s
resnet152,gemm,308,layer1.2.conv3,64,256,1,1,0,1.2656880021095276,0.03392219348645394,0.7300716198921658,l40s
resnet152,gemm,308,layer2.0.conv1,256,128,1,1,0,1.6409536063671113,0.026053022683327348,0.9465315745836209,l40s
resnet152,gemm,308,layer2.0.conv2,128,128,3,2,1,1.0125439941883088,0.019466392744969727,0.5840535999528045,l40s
resnet152,gemm,308,layer2.0.conv3,128,512,1,1,0,1.0443663954734803,0.030852743337395475,0.6024093337642981,l40s
resnet152,gemm,308,layer2.0.downsample.0,256,512,1,2,0,1.7743919968605042,0.03443157415579356,1.0235012398889292,l40s
resnet152,gemm,308,layer2.1.conv1,512,128,1,1,0,1.04238720536232,0.04306825745936257,0.6012677012860562,l40s
resnet152,gemm,308,layer2.1.conv2,128,128,3,1,1,0.8672432005405426,0.018830789250483978,0.5002414870045596,l40s
resnet152,gemm,308,layer2.1.conv3,128,512,1,1,0,1.0904512107372284,0.02161000788350389,0.628991884658325,l40s
resnet152,gemm,308,layer2.2.conv1,512,128,1,1,0,1.020459198951721,0.02543036004386655,0.5886192325208396,l40s
resnet152,gemm,308,layer2.2.conv2,128,128,3,1,1,0.8589615970849991,0.020411897891302645,0.4954645090763372,l40s
resnet152,gemm,308,layer2.2.conv3,128,512,1,1,0,1.0930639982223511,0.02611468896822475,0.6304989875055655,l40s
resnet152,gemm,308,layer2.3.conv1,512,128,1,1,0,1.0250720083713531,0.030386524404437627,0.5912799840169679,l40s
resnet152,gemm,308,layer2.3.conv2,128,128,3,1,1,0.8519776105880738,0.022446889221131423,0.49143601996478914,l40s
resnet152,gemm,308,layer2.3.conv3,128,512,1,1,0,1.0950384080410003,0.0220155638734691,0.6316378626250497,l40s
resnet152,gemm,308,layer2.4.conv1,512,128,1,1,0,1.017740797996521,0.024200656276964844,0.5870512099231918,l40s
resnet152,gemm,308,layer2.4.conv2,128,128,3,1,1,0.8496912002563477,0.02088109833790096,0.4901171773338727,l40s
resnet152,gemm,308,layer2.4.conv3,128,512,1,1,0,1.0863680005073548,0.02657515856498,0.6266366155067524,l40s
resnet152,gemm,308,layer2.5.conv1,512,128,1,1,0,1.016238409280777,0.02460949368568082,0.5861846050714569,l40s
resnet152,gemm,308,layer2.5.conv2,128,128,3,1,1,0.8472816079854966,0.019753990788384218,0.48872728114339936,l40s
resnet152,gemm,308,layer2.5.conv3,128,512,1,1,0,1.08128479719162,0.026220968032707282,0.6237045323450455,l40s
resnet152,gemm,308,layer2.6.conv1,512,128,1,1,0,1.0212607979774475,0.025208894360985012,0.5890816092663256,l40s
resnet152,gemm,308,layer2.6.conv2,128,128,3,1,1,0.847868800163269,0.018823097809538038,0.48906598416001945,l40s
resnet152,gemm,308,layer2.6.conv3,128,512,1,1,0,1.0847599983215332,0.027306555841990175,0.6257090909046102,l40s
resnet152,gemm,308,layer2.7.conv1,512,128,1,1,0,1.0235103964805603,0.0323070374413158,0.5903792181719462,l40s
resnet152,gemm,308,layer2.7.conv2,128,128,3,1,1,0.8594143956899643,0.020222405228028307,0.49572569146130163,l40s
resnet152,gemm,308,layer2.7.conv3,128,512,1,1,0,1.0921503901481628,0.0212842558322784,0.6299720019249505,l40s
resnet152,gemm,308,layer3.0.conv1,512,256,1,1,0,1.2553247928619384,0.029855632993177283,0.7240939342776551,l40s
resnet152,gemm,308,layer3.0.conv2,256,256,3,2,1,1.1437584042549134,0.022615923754079902,0.6597404333199988,l40s
resnet152,gemm,308,layer3.0.conv3,256,1024,1,1,0,0.8027983993291855,0.01733918712654842,0.4630685657667927,l40s
resnet152,gemm,308,layer3.0.downsample.0,512,1024,1,2,0,1.393340802192688,0.029040043184636884,0.8037040525178636,l40s
resnet152,gemm,308,layer3.1.conv1,1024,256,1,1,0,0.9293903976678848,0.026606588222587383,0.5360891088536212,l40s
resnet152,gemm,308,layer3.1.conv2,256,256,3,1,1,1.08753759264946,0.028100049143095867,0.6273112573050287,l40s
resnet152,gemm,308,layer3.1.conv3,256,1024,1,1,0,0.7918784022331238,0.022143146854043172,0.4567697149000294,l40s
resnet152,gemm,308,layer3.2.conv1,1024,256,1,1,0,0.9126911878585815,0.02340445660411204,0.5264567040776595,l40s
resnet152,gemm,308,layer3.2.conv2,256,256,3,1,1,1.0854624152183532,0.031247426045592892,0.6261142576130299,l40s
resnet152,gemm,308,layer3.2.conv3,256,1024,1,1,0,0.7864320039749145,0.020139541854848363,0.45362813435859944,l40s
resnet152,gemm,308,layer3.3.conv1,1024,256,1,1,0,0.9222496002912521,0.02283043564286115,0.5319701684043233,l40s
resnet152,gemm,308,layer3.3.conv2,256,256,3,1,1,1.0774384021759034,0.025096040937120995,0.6214858624712781,l40s
resnet152,gemm,308,layer3.3.conv3,256,1024,1,1,0,0.785115197300911,0.02171203955155198,0.4528685765687078,l40s
resnet152,gemm,308,layer3.4.conv1,1024,256,1,1,0,0.9255695939064026,0.02496123627854368,0.533885200475896,l40s
resnet152,gemm,308,layer3.4.conv2,256,256,3,1,1,1.075987195968628,0.020269767583722977,0.6206487806116276,l40s
resnet152,gemm,308,layer3.4.conv3,256,1024,1,1,0,0.7826224029064178,0.021410638133388785,0.45143068789581814,l40s
resnet152,gemm,308,layer3.5.conv1,1024,256,1,1,0,0.9430703997612,0.029265847894698632,0.5439799802782921,l40s
resnet152,gemm,308,layer3.5.conv2,256,256,3,1,1,1.07603520154953,0.027356062837583347,0.6206764710947124,l40s
resnet152,gemm,308,layer3.5.conv3,256,1024,1,1,0,0.7806912034749984,0.023257321269333775,0.450316737305403,l40s
resnet152,gemm,308,layer3.6.conv1,1024,256,1,1,0,0.9383151978254318,0.02531962896479056,0.5412370942160284,l40s
resnet152,gemm,308,layer3.6.conv2,256,256,3,1,1,1.0737215995788574,0.029961640458618013,0.6193419438370474,l40s
resnet152,gemm,308,layer3.6.conv3,256,1024,1,1,0,0.7809855997562408,0.01908151518114048,0.4504865503790662,l40s
resnet152,gemm,308,layer3.7.conv1,1024,256,1,1,0,0.9326272040605545,0.0341406716063279,0.5379561570380356,l40s
resnet152,gemm,308,layer3.7.conv2,256,256,3,1,1,1.0764079988002777,0.02900626225290282,0.6208915072586731,l40s
resnet152,gemm,308,layer3.7.conv3,256,1024,1,1,0,0.7848239958286285,0.01951470438976716,0.4527006063183539,l40s
resnet152,gemm,308,layer3.8.conv1,1024,256,1,1,0,0.9247615993022918,0.030539024686153934,0.5334191346456881,l40s
resnet152,gemm,308,layer3.8.conv2,256,256,3,1,1,1.076337593793869,0.025061227085420888,0.6208508963838038,l40s
resnet152,gemm,308,layer3.8.conv3,256,1024,1,1,0,0.7812016040086747,0.02529734213247613,0.4506111455195867,l40s
resnet152,gemm,308,layer3.9.conv1,1024,256,1,1,0,0.9221520036458969,0.022245821819313782,0.5319138729027053,l40s
resnet152,gemm,308,layer3.9.conv2,256,256,3,1,1,1.0782319962978364,0.030755051920195696,0.6219436218441812,l40s
resnet152,gemm,308,layer3.9.conv3,256,1024,1,1,0,0.7905695974826813,0.02142048103555715,0.4560147727636692,l40s
resnet152,gemm,308,layer3.10.conv1,1024,256,1,1,0,0.9178720057010651,0.03140226560029653,0.5294450930552939,l40s
resnet152,gemm,308,layer3.10.conv2,256,256,3,1,1,1.0777248084545135,0.028375061445460127,0.6216510667676163,l40s
resnet152,gemm,308,layer3.10.conv3,256,1024,1,1,0,0.7786943942308426,0.021161711049262993,0.44916494179413424,l40s
resnet152,gemm,308,layer3.11.conv1,1024,256,1,1,0,0.9316383957862854,0.029162077369168614,0.5373857946285355,l40s
resnet152,gemm,308,layer3.11.conv2,256,256,3,1,1,1.0707631945610045,0.03251065529954502,0.6176354825763883,l40s
resnet152,gemm,308,layer3.11.conv3,256,1024,1,1,0,0.787758395075798,0.0217132252242041,0.4543932206184191,l40s
resnet152,gemm,308,layer3.12.conv1,1024,256,1,1,0,0.923129603266716,0.026560865147491453,0.5324777699591584,l40s
resnet152,gemm,308,layer3.12.conv2,256,256,3,1,1,1.0706847965717317,0.02868599479789704,0.6175902612051426,l40s
resnet152,gemm,308,layer3.12.conv3,256,1024,1,1,0,0.7853312015533447,0.021555318407426534,0.4529931717092283,l40s
resnet152,gemm,308,layer3.13.conv1,1024,256,1,1,0,0.9163008034229279,0.023026282266053105,0.528538795302241,l40s
resnet152,gemm,308,layer3.13.conv2,256,256,3,1,1,1.0862063884735107,0.03504061864570935,0.6265433947768838,l40s
resnet152,gemm,308,layer3.13.conv3,256,1024,1,1,0,0.780524805188179,0.024813400080121818,0.45022075577867365,l40s
resnet152,gemm,308,layer3.14.conv1,1024,256,1,1,0,0.936737596988678,0.029809538713859815,0.540327105659202,l40s
resnet152,gemm,308,layer3.14.conv2,256,256,3,1,1,1.079559999704361,0.023178389235502198,0.6227096381109134,l40s
resnet152,gemm,308,layer3.14.conv3,256,1024,1,1,0,0.7811775952577591,0.023261886911117843,0.45059729683994115,l40s
resnet152,gemm,308,layer3.15.conv1,1024,256,1,1,0,0.9329584032297135,0.023538973768141368,0.5381471986798397,l40s
resnet152,gemm,308,layer3.15.conv2,256,256,3,1,1,1.0618543863296508,0.022398403148155444,0.6124967216448375,l40s
resnet152,gemm,308,layer3.15.conv3,256,1024,1,1,0,0.7859695971012115,0.022000241041626938,0.45336140975129413,l40s
resnet152,gemm,308,layer3.16.conv1,1024,256,1,1,0,0.9185519993305207,0.024109566321146178,0.5298373256195164,l40s
resnet152,gemm,308,layer3.16.conv2,256,256,3,1,1,1.0558560073375702,0.023039016561363427,0.6090367486813769,l40s
resnet152,gemm,308,layer3.16.conv3,256,1024,1,1,0,0.7823328018188477,0.01792757572836278,0.4512636407761706,l40s
resnet152,gemm,308,layer3.17.conv1,1024,256,1,1,0,0.9157936036586761,0.024113123287947173,0.5282462333494697,l40s
resnet152,gemm,308,layer3.17.conv2,256,256,3,1,1,1.0769151985645293,0.03878732412895057,0.6211840692114442,l40s
resnet152,gemm,308,layer3.17.conv3,256,1024,1,1,0,0.7841200023889542,0.025838541044794935,0.45229453023164073,l40s
resnet152,gemm,308,layer3.18.conv1,1024,256,1,1,0,0.920628798007965,0.02337614822000531,0.5310352604755825,l40s
resnet152,gemm,308,layer3.18.conv2,256,256,3,1,1,1.0690608024597168,0.024836330462076717,0.6166535121721439,l40s
resnet152,gemm,308,layer3.18.conv3,256,1024,1,1,0,0.7851984024047851,0.02551758738643846,0.4529165707701757,l40s
resnet152,gemm,308,layer3.19.conv1,1024,256,1,1,0,0.9317199975252152,0.025103169251384144,0.5374328639802456,l40s
resnet152,gemm,308,layer3.19.conv2,256,256,3,1,1,1.065702396631241,0.029628375204282312,0.6147163232445693,l40s
resnet152,gemm,308,layer3.19.conv3,256,1024,1,1,0,0.781483194231987,0.021644056635828243,0.4507735718285482,l40s
resnet152,gemm,308,layer3.20.conv1,1024,256,1,1,0,0.9163967996835709,0.024292687044533943,0.5285941676731526,l40s
resnet152,gemm,308,layer3.20.conv2,256,256,3,1,1,1.0670928061008453,0.025176616186986012,0.6155183364516912,l40s
resnet152,gemm,308,layer3.20.conv3,256,1024,1,1,0,0.7802543997764587,0.021506299017211315,0.4500647810703464,l40s
resnet152,gemm,308,layer3.21.conv1,1024,256,1,1,0,0.9151952058076859,0.02341794225478145,0.5279010666988543,l40s
resnet152,gemm,308,layer3.21.conv2,256,256,3,1,1,1.0688495934009552,0.026597584363885665,0.6165316829856391,l40s
resnet152,gemm,308,layer3.21.conv3,256,1024,1,1,0,0.7796991974115371,0.0193396064542848,0.44974453035354206,l40s
resnet152,gemm,308,layer3.22.conv1,1024,256,1,1,0,0.9350592017173767,0.032771339784719675,0.5393589770583967,l40s
resnet152,gemm,308,layer3.22.conv2,256,256,3,1,1,1.0820239961147309,0.03472491820609753,0.6241309155882451,l40s
resnet152,gemm,308,layer3.22.conv3,256,1024,1,1,0,0.7826895982027053,0.024164694732830172,0.45146944735212013,l40s
resnet152,gemm,308,layer3.23.conv1,1024,256,1,1,0,0.9203904002904892,0.029184851537597506,0.5308977483813807,l40s
resnet152,gemm,308,layer3.23.conv2,256,256,3,1,1,1.067542403936386,0.030954595121952914,0.6157776725752431,l40s
resnet152,gemm,308,layer3.23.conv3,256,1024,1,1,0,0.7819279998540878,0.014566123134509935,0.4510301437171361,l40s
resnet152,gemm,308,layer3.24.conv1,1024,256,1,1,0,0.9310703963041306,0.02799824202657495,0.5370581623041843,l40s
resnet152,gemm,308,layer3.24.conv2,256,256,3,1,1,1.069431984424591,0.019071998551469384,0.6168676166101403,l40s
resnet152,gemm,308,layer3.24.conv3,256,1024,1,1,0,0.777891194820404,0.022365009874884795,0.44870164191794204,l40s
resnet152,gemm,308,layer3.25.conv1,1024,256,1,1,0,0.9280287951231003,0.02418090175016075,0.5353037119992121,l40s
resnet152,gemm,308,layer3.25.conv2,256,256,3,1,1,1.0683040022850037,0.024611240438948467,0.6162169762102271,l40s
resnet152,gemm,308,layer3.25.conv3,256,1024,1,1,0,0.7800863981246948,0.020419645928127006,0.44996787469385924,l40s
resnet152,gemm,308,layer3.26.conv1,1024,256,1,1,0,0.9264256000518799,0.029373648140489077,0.5343789602272918,l40s
resnet152,gemm,308,layer3.26.conv2,256,256,3,1,1,1.07745920419693,0.026131344024802425,0.621497861451408,l40s
resnet152,gemm,308,layer3.26.conv3,256,1024,1,1,0,0.7761679947376251,0.018205687493115644,0.4477076690954645,l40s
resnet152,gemm,308,layer3.27.conv1,1024,256,1,1,0,0.9166416019201279,0.024979326137665677,0.5287353740092311,l40s
resnet152,gemm,308,layer3.27.conv2,256,256,3,1,1,1.0830751955509186,0.03432525784764743,0.6247372663428767,l40s
resnet152,gemm,308,layer3.27.conv3,256,1024,1,1,0,0.7865615963935852,0.028677348389958734,0.4537028855981363,l40s
resnet152,gemm,308,layer3.28.conv1,1024,256,1,1,0,0.9271840035915375,0.03231571493463178,0.5348164210389665,l40s
resnet152,gemm,308,layer3.28.conv2,256,256,3,1,1,1.0617616176605225,0.021474838400599914,0.6124432110068028,l40s
resnet152,gemm,308,layer3.28.conv3,256,1024,1,1,0,0.7779759913682938,0.014681473726750058,0.44875055409296144,l40s
resnet152,gemm,308,layer3.29.conv1,1024,256,1,1,0,0.9359152019023895,0.031869122439434044,0.5398527333716893,l40s
resnet152,gemm,308,layer3.29.conv2,256,256,3,1,1,1.073492807149887,0.02782509842453499,0.6192099722461348,l40s
resnet152,gemm,308,layer3.29.conv3,256,1024,1,1,0,0.7875151991844177,0.02291947106268702,0.45425294085115,l40s
resnet152,gemm,308,layer3.30.conv1,1024,256,1,1,0,0.9206703990697861,0.03284552853650158,0.5310592567167907,l40s
resnet152,gemm,308,layer3.30.conv2,256,256,3,1,1,1.067872005701065,0.02249996802873902,0.6159677928053925,l40s
resnet152,gemm,308,layer3.30.conv3,256,1024,1,1,0,0.7821840018033981,0.01782043040173172,0.45117781024910686,l40s
resnet152,gemm,308,layer3.31.conv1,1024,256,1,1,0,0.9160527974367142,0.019768882165723634,0.5283957409856983,l40s
resnet152,gemm,308,layer3.31.conv2,256,256,3,1,1,1.0703999876976014,0.028638720862886456,0.617425978320459,l40s
resnet152,gemm,308,layer3.31.conv3,256,1024,1,1,0,0.7926064014434815,0.028111621611499275,0.45718963794733664,l40s
resnet152,gemm,308,layer3.32.conv1,1024,256,1,1,0,0.9350623905658721,0.03326006072895041,0.5393608164436028,l40s
resnet152,gemm,308,layer3.32.conv2,256,256,3,1,1,1.0711583971977234,0.02580447365322454,0.6178634425702368,l40s
resnet152,gemm,308,layer3.32.conv3,256,1024,1,1,0,0.779203200340271,0.02633373875424815,0.4494584303157149,l40s
resnet152,gemm,308,layer3.33.conv1,1024,256,1,1,0,0.9328160017728806,0.031782975736705396,0.5380650589565495,l40s
resnet152,gemm,308,layer3.33.conv2,256,256,3,1,1,1.0653999865055084,0.02592053974557136,0.6145418876411683,l40s
resnet152,gemm,308,layer3.33.conv3,256,1024,1,1,0,0.7819920003414154,0.021921647924176224,0.4510670603501288,l40s
resnet152,gemm,308,layer3.34.conv1,1024,256,1,1,0,0.9151392012834549,0.024762166724270326,0.5278687622812898,l40s
resnet152,gemm,308,layer3.34.conv2,256,256,3,1,1,1.0723568081855774,0.023542528758314522,0.6185547075974323,l40s
resnet152,gemm,308,layer3.34.conv3,256,1024,1,1,0,0.7780367970466614,0.01989787615853801,0.4487856279026448,l40s
resnet152,gemm,308,layer3.35.conv1,1024,256,1,1,0,0.9202800005674362,0.02875677098012368,0.5308340678341126,l40s
resnet152,gemm,308,layer3.35.conv2,256,256,3,1,1,1.0749455988407135,0.02827438501039047,0.6200479686412336,l40s
resnet152,gemm,308,layer3.35.conv3,256,1024,1,1,0,0.7813104063272476,0.01911395652105588,0.4506739046552001,l40s
resnet152,gemm,308,layer4.0.conv1,1024,512,1,1,0,1.1716831982135774,0.03723169087615615,0.6758479570751245,l40s
resnet152,gemm,308,layer4.0.conv2,512,512,3,2,1,1.7876144051551819,0.026263652290045954,1.03112816297462,l40s
resnet152,gemm,308,layer4.0.conv3,512,2048,1,1,0,0.9719391942024231,0.017707442863563825,0.5606320205021939,l40s
resnet152,gemm,308,layer4.0.downsample.0,1024,2048,1,2,0,1.7215647995471954,0.026336785497238707,0.9930295616770717,l40s
resnet152,gemm,308,layer4.1.conv1,2048,512,1,1,0,1.0580016016960143,0.0175215820185185,0.6102743661244513,l40s
resnet152,gemm,308,layer4.1.conv2,512,512,3,1,1,1.748276799917221,0.03197369278812559,1.0084375242620065,l40s
resnet152,gemm,308,layer4.1.conv3,512,2048,1,1,0,0.9896111905574798,0.020324425118808925,0.5708255460662832,l40s
resnet152,gemm,308,layer4.2.conv1,2048,512,1,1,0,1.0557856023311616,0.02126349860382468,0.6089961378065076,l40s
resnet152,gemm,308,layer4.2.conv2,512,512,3,1,1,1.7371632158756256,0.026073545318923613,1.002027008960817,l40s
resnet152,gemm,308,layer4.2.conv3,512,2048,1,1,0,0.987311989068985,0.016934872798760076,0.5694993252659231,l40s
resnet152,gemm,311,conv1,3,64,7,2,3,1.2239264011383058,0.055597661094533686,0.704597441470663,l40s
resnet152,gemm,311,layer1.0.conv1,64,64,1,1,0,0.7492319971323014,0.022979595366389417,0.4313224616744911,l40s
resnet152,gemm,311,layer1.0.conv2,64,64,3,1,1,0.9299344062805176,0.01795123919598099,0.5353503305357254,l40s
resnet152,gemm,311,layer1.0.conv3,64,256,1,1,0,1.3186176002025605,0.021261295918313137,0.7591098504916722,l40s
resnet152,gemm,311,layer1.0.downsample.0,64,256,1,1,0,1.2332848072052003,0.019253369276458352,0.7099849459520149,l40s
resnet152,gemm,311,layer1.1.conv1,256,64,1,1,0,1.1653919994831086,0.018858193970995973,0.670899998874515,l40s
resnet152,gemm,311,layer1.1.conv2,64,64,3,1,1,0.9097295939922333,0.01943234795729977,0.5237187005369937,l40s
resnet152,gemm,311,layer1.1.conv3,64,256,1,1,0,1.1935472071170807,0.01681189924838641,0.6871085611250897,l40s
resnet152,gemm,311,layer1.2.conv1,256,64,1,1,0,1.1765568137168885,0.02148458421560045,0.6773274274652377,l40s
resnet152,gemm,311,layer1.2.conv2,64,64,3,1,1,0.9089344024658204,0.017487034175037913,0.5232609198122142,l40s
resnet152,gemm,311,layer1.2.conv3,64,256,1,1,0,1.2037151992321014,0.020780221835004456,0.6929621330575804,l40s
resnet152,gemm,311,layer2.0.conv1,256,128,1,1,0,1.6556991815567017,0.03305713313268605,0.9531630383043718,l40s
resnet152,gemm,311,layer2.0.conv2,128,128,3,2,1,0.9943055987358094,0.035781852438117684,0.5724079325829002,l40s
resnet152,gemm,311,layer2.0.conv3,128,512,1,1,0,1.0354528069496154,0.021127528631915585,0.5960958092429218,l40s
resnet152,gemm,311,layer2.0.downsample.0,256,512,1,2,0,1.7822207868099214,0.04742673982752149,1.0259997703736117,l40s
resnet152,gemm,311,layer2.1.conv1,512,128,1,1,0,1.0149840056896209,0.043561931425556775,0.58431220445725,l40s
resnet152,gemm,311,layer2.1.conv2,128,128,3,1,1,0.8640320032835007,0.027175876589697365,0.49741123183233904,l40s
resnet152,gemm,311,layer2.1.conv3,128,512,1,1,0,1.0989103972911836,0.021912632947418166,0.6326274632336996,l40s
resnet152,gemm,311,layer2.2.conv1,512,128,1,1,0,1.0308144032955169,0.041821798204144806,0.5934255446386562,l40s
resnet152,gemm,311,layer2.2.conv2,128,128,3,1,1,0.8544687926769257,0.03348573632344436,0.49190582422010753,l40s
resnet152,gemm,311,layer2.2.conv3,128,512,1,1,0,0.9386304020881653,0.027443247322379436,0.5403564946248484,l40s
resnet152,gemm,311,layer2.3.conv1,512,128,1,1,0,1.0145776003599167,0.028470436959003993,0.5840782425497012,l40s
resnet152,gemm,311,layer2.3.conv2,128,128,3,1,1,0.8522048056125641,0.03138148328022654,0.4906024782904926,l40s
resnet152,gemm,311,layer2.3.conv3,128,512,1,1,0,1.06911358833313,0.02517330809090099,0.6154738538856958,l40s
resnet152,gemm,311,layer2.4.conv1,512,128,1,1,0,1.029337579011917,0.020485650326944525,0.5925753573963853,l40s
resnet152,gemm,311,layer2.4.conv2,128,128,3,1,1,0.8594800055027008,0.026733966922716273,0.4947907098900483,l40s
resnet152,gemm,311,layer2.4.conv3,128,512,1,1,0,1.0616127848625183,0.023299570242724242,0.6111557454361584,l40s
resnet152,gemm,311,layer2.5.conv1,512,128,1,1,0,1.0791855961084367,0.2453829529944723,0.6212721689660418,l40s
resnet152,gemm,311,layer2.5.conv2,128,128,3,1,1,0.852441594004631,0.05624212690720453,0.4907387940812666,l40s
resnet152,gemm,311,layer2.5.conv3,128,512,1,1,0,0.9269823998212814,0.017124492396662416,0.5336509013899464,l40s
resnet152,gemm,311,layer2.6.conv1,512,128,1,1,0,1.0147984087467194,0.029720379011900708,0.5842053588732413,l40s
resnet152,gemm,311,layer2.6.conv2,128,128,3,1,1,0.8583375990390778,0.029352969553229274,0.49413304234513744,l40s
resnet152,gemm,311,layer2.6.conv3,128,512,1,1,0,1.0620767951011658,0.023189059123219048,0.6114228696902502,l40s
resnet152,gemm,311,layer2.7.conv1,512,128,1,1,0,1.0014560103416443,0.022783056597605066,0.5765243252992006,l40s
resnet152,gemm,311,layer2.7.conv2,128,128,3,1,1,0.8460640043020249,0.02937988739295366,0.48706730420816097,l40s
resnet152,gemm,311,layer2.7.conv3,128,512,1,1,0,1.0652992010116578,0.02760685335620754,0.6132779640470684,l40s
resnet152,gemm,311,layer3.0.conv1,512,256,1,1,0,1.272001600265503,0.08600994721860393,0.7322736663414656,l40s
resnet152,gemm,311,layer3.0.conv2,256,256,3,2,1,1.1360671997070313,0.029779650385265262,0.6540181186612548,l40s
resnet152,gemm,311,layer3.0.conv3,256,1024,1,1,0,0.8621040016412735,0.04958789721779902,0.49630130804688827,l40s
resnet152,gemm,311,layer3.0.downsample.0,512,1024,1,2,0,1.4228992104530334,0.09698695914840087,0.8191433261210791,l40s
resnet152,gemm,311,layer3.1.conv1,1024,256,1,1,0,0.9290543973445893,0.059010230634349195,0.5348437216055235,l40s
resnet152,gemm,311,layer3.1.conv2,256,256,3,1,1,1.072516793012619,0.02492726729125508,0.6174330315844029,l40s
resnet152,gemm,311,layer3.1.conv3,256,1024,1,1,0,0.7919104039669037,0.047797446703089524,0.45589182812801105,l40s
resnet152,gemm,311,layer3.2.conv1,1024,256,1,1,0,0.9353056013584137,0.04692284661036691,0.5384424529917862,l40s
resnet152,gemm,311,layer3.2.conv2,256,256,3,1,1,1.0779695868492127,0.028040281909295178,0.620572129313284,l40s
resnet152,gemm,311,layer3.2.conv3,256,1024,1,1,0,0.7916464000940323,0.05650689268074287,0.45573984476267915,l40s
resnet152,gemm,311,layer3.3.conv1,1024,256,1,1,0,0.926462396979332,0.05905637842371262,0.5333515429712913,l40s
resnet152,gemm,311,layer3.3.conv2,256,256,3,1,1,1.0667855858802795,0.028704804942470328,0.6141336551854387,l40s
resnet152,gemm,311,layer3.3.conv3,256,1024,1,1,0,0.7920656085014344,0.052182434274426544,0.4559811772243564,l40s
resnet152,gemm,311,layer3.4.conv1,1024,256,1,1,0,0.9302224010229111,0.05326974202776606,0.5355161251116564,l40s
resnet152,gemm,311,layer3.4.conv2,256,256,3,1,1,1.0805087864398957,0.030668308685380376,0.6220339112744497,l40s
resnet152,gemm,311,layer3.4.conv3,256,1024,1,1,0,0.7854000002145767,0.045855669985957616,0.452143879049893,l40s
resnet152,gemm,311,layer3.5.conv1,1024,256,1,1,0,0.926296004652977,0.06346946367667587,0.5332557532184753,l40s
resnet152,gemm,311,layer3.5.conv2,256,256,3,1,1,1.0768303990364074,0.030469080457797802,0.6199163147009751,l40s
resnet152,gemm,311,layer3.5.conv3,256,1024,1,1,0,0.7909791976213455,0.04775336493162734,0.45535574555968716,l40s
resnet152,gemm,311,layer3.6.conv1,1024,256,1,1,0,0.9350015997886658,0.051510217539758894,0.5382674435075163,l40s
resnet152,gemm,311,layer3.6.conv2,256,256,3,1,1,1.0812144100666046,0.03048264492070885,0.6224401290025403,l40s
resnet152,gemm,311,layer3.6.conv3,256,1024,1,1,0,0.790923199057579,0.04622104939241164,0.4553235079637671,l40s
resnet152,gemm,311,layer3.7.conv1,1024,256,1,1,0,0.9318655967712403,0.05914492737360803,0.5364620900969949,l40s
resnet152,gemm,311,layer3.7.conv2,256,256,3,1,1,1.0797248005867004,0.028434462569086574,0.6215825815002111,l40s
resnet152,gemm,311,layer3.7.conv3,256,1024,1,1,0,0.7860016018152237,0.05544114835458186,0.4524902127413685,l40s
resnet152,gemm,311,layer3.8.conv1,1024,256,1,1,0,0.9312000006437302,0.042465136032234826,0.5360789156446256,l40s
resnet152,gemm,311,layer3.8.conv2,256,256,3,1,1,1.0646496057510375,0.022698960192001127,0.6129040010716813,l40s
resnet152,gemm,311,layer3.8.conv3,256,1024,1,1,0,0.7904432028532028,0.04837440778589128,0.45504718081108486,l40s
resnet152,gemm,311,layer3.9.conv1,1024,256,1,1,0,0.9297503918409348,0.05848024802947601,0.5352443959769128,l40s
resnet152,gemm,311,layer3.9.conv2,256,256,3,1,1,1.0799615979194641,0.03252811419031563,0.6217189024380201,l40s
resnet152,gemm,311,layer3.9.conv3,256,1024,1,1,0,0.7894480019807816,0.047917113288610806,0.45447425748186737,l40s
resnet152,gemm,311,layer3.10.conv1,1024,256,1,1,0,0.9242160052061081,0.05397958610822,0.532058326406568,l40s
resnet152,gemm,311,layer3.10.conv2,256,256,3,1,1,1.0685967922210693,0.021615648715393336,0.6151763415369293,l40s
resnet152,gemm,311,layer3.10.conv3,256,1024,1,1,0,0.7954672008752823,0.05464211393873728,0.4579394267410841,l40s
resnet152,gemm,311,layer3.11.conv1,1024,256,1,1,0,0.9394911974668503,0.05931444968126854,0.5408520425768226,l40s
resnet152,gemm,311,layer3.11.conv2,256,256,3,1,1,1.0630079984664917,0.029912187948402152,0.6119589505428955,l40s
resnet152,gemm,311,layer3.11.conv3,256,1024,1,1,0,0.7856928020715713,0.057663177464217404,0.4523124410149788,l40s
resnet152,gemm,311,layer3.12.conv1,1024,256,1,1,0,0.9325135976076127,0.05252591421995705,0.5368351351844725,l40s
resnet152,gemm,311,layer3.12.conv2,256,256,3,1,1,1.0757888019084931,0.02771469875397996,0.6193166816914338,l40s
resnet152,gemm,311,layer3.12.conv3,256,1024,1,1,0,0.7986768037080765,0.04689214719288138,0.45978715054377395,l40s
resnet152,gemm,311,layer3.13.conv1,1024,256,1,1,0,0.9378912001848221,0.04865747777364677,0.5399309463489541,l40s
resnet152,gemm,311,layer3.13.conv2,256,256,3,1,1,1.070398396253586,0.03361134558994849,0.6162134999728237,l40s
resnet152,gemm,311,layer3.13.conv3,256,1024,1,1,0,0.7865199983119965,0.04675693930268952,0.452788646409401,l40s
resnet152,gemm,311,layer3.14.conv1,1024,256,1,1,0,0.9237327992916107,0.053804670224506794,0.5317801514683186,l40s
resnet152,gemm,311,layer3.14.conv2,256,256,3,1,1,1.0703248083591461,0.019063991244502313,0.6161711364433686,l40s
resnet152,gemm,311,layer3.14.conv3,256,1024,1,1,0,0.786710399389267,0.05164778932881872,0.45289825766688613,l40s
resnet152,gemm,311,layer3.15.conv1,1024,256,1,1,0,0.923719996213913,0.04602899688802843,0.5317727809141903,l40s
resnet152,gemm,311,layer3.15.conv2,256,256,3,1,1,1.0636895954608918,0.0273123608750681,0.6123513364722469,l40s
resnet152,gemm,311,layer3.15.conv3,256,1024,1,1,0,0.7876944035291672,0.04914521950677804,0.453464735192598,l40s
resnet152,gemm,311,layer3.16.conv1,1024,256,1,1,0,0.9388992011547088,0.07268419590929555,0.5405112385166218,l40s
resnet152,gemm,311,layer3.16.conv2,256,256,3,1,1,1.062582403421402,0.023786939403974108,0.6117139413825458,l40s
resnet152,gemm,311,layer3.16.conv3,256,1024,1,1,0,0.7868576049804688,0.05290959426081808,0.45298300188257956,l40s
resnet152,gemm,311,layer3.17.conv1,1024,256,1,1,0,0.9266463905572891,0.05730561977123446,0.5334574655203557,l40s
resnet152,gemm,311,layer3.17.conv2,256,256,3,1,1,1.059899204969406,0.020297303731973353,0.6101692612755752,l40s
resnet152,gemm,311,layer3.17.conv3,256,1024,1,1,0,0.7844895988702774,0.04903051311058003,0.4516197736320279,l40s
resnet152,gemm,311,layer3.18.conv1,1024,256,1,1,0,0.9274896025657654,0.049585682617688684,0.5339428909701516,l40s
resnet152,gemm,311,layer3.18.conv2,256,256,3,1,1,1.0639776051044465,0.03227754992469788,0.6125171396265696,l40s
resnet152,gemm,311,layer3.18.conv3,256,1024,1,1,0,0.7817744016647339,0.05417979755090572,0.4500566722867714,l40s
resnet152,gemm,311,layer3.19.conv1,1024,256,1,1,0,0.9346975952386856,0.05171312260362507,0.5380924323075681,l40s
resnet152,gemm,311,layer3.19.conv2,256,256,3,1,1,1.0751136004924775,0.028987351246603645,0.61892797760779,l40s
resnet152,gemm,311,layer3.19.conv3,256,1024,1,1,0,0.7935807913541794,0.05385788259066528,0.4568534469624807,l40s
resnet152,gemm,311,layer3.20.conv1,1024,256,1,1,0,0.9254208087921143,0.050648451878611514,0.532751915108785,l40s
resnet152,gemm,311,layer3.20.conv2,256,256,3,1,1,1.0684943974018097,0.02966332325750275,0.6151173942606853,l40s
resnet152,gemm,311,layer3.20.conv3,256,1024,1,1,0,0.7897968053817749,0.058962306304954956,0.45467505875855163,l40s
resnet152,gemm,311,layer3.21.conv1,1024,256,1,1,0,0.9304720014333725,0.045278351318523424,0.5356598166035937,l40s
resnet152,gemm,311,layer3.21.conv2,256,256,3,1,1,1.077228808403015,0.03333761056571409,0.6201456734435503,l40s
resnet152,gemm,311,layer3.21.conv3,256,1024,1,1,0,0.7814159959554672,0.04683529976645604,0.44985034309449073,l40s
resnet152,gemm,311,layer3.22.conv1,1024,256,1,1,0,0.9243104070425033,0.044325977968577034,0.5321126722335168,l40s
resnet152,gemm,311,layer3.22.conv2,256,256,3,1,1,1.0719247996807098,0.03239158809725428,0.6170922292398804,l40s
resnet152,gemm,311,layer3.22.conv3,256,1024,1,1,0,0.7993791997432709,0.04667875481252702,0.4601915101922273,l40s
resnet152,gemm,311,layer3.23.conv1,1024,256,1,1,0,0.9324000000953674,0.05009786218853349,0.5367697386733661,l40s
resnet152,gemm,311,layer3.23.conv2,256,256,3,1,1,1.0668912053108215,0.03052176516219876,0.6141944588256415,l40s
resnet152,gemm,311,layer3.23.conv3,256,1024,1,1,0,0.786241602897644,0.04770868988311081,0.4526283780333879,l40s
resnet152,gemm,311,layer3.24.conv1,1024,256,1,1,0,0.9289663940668106,0.055045477829078364,0.5347930593399607,l40s
resnet152,gemm,311,layer3.24.conv2,256,256,3,1,1,1.0824880003929138,0.026743730219698603,0.6231733172764142,l40s
resnet152,gemm,311,layer3.24.conv3,256,1024,1,1,0,0.7913504034280777,0.04737261017224081,0.4555694435904179,l40s
resnet152,gemm,311,layer3.25.conv1,1024,256,1,1,0,0.9326079994440079,0.04378989047354337,0.5368894810114212,l40s
resnet152,gemm,311,layer3.25.conv2,256,256,3,1,1,1.0652672052383423,0.019558127230534614,0.6132595445244606,l40s
resnet152,gemm,311,layer3.25.conv3,256,1024,1,1,0,0.789665600657463,0.050515078649722565,0.4545995260198403,l40s
resnet152,gemm,311,layer3.26.conv1,1024,256,1,1,0,0.9377248018980027,0.06262223725220775,0.5398351531647815,l40s
resnet152,gemm,311,layer3.26.conv2,256,256,3,1,1,1.0649728059768677,0.027808287541106185,0.613090062955787,l40s
resnet152,gemm,311,layer3.26.conv3,256,1024,1,1,0,0.7901807963848114,0.051974725240708466,0.45489611704934074,l40s
resnet152,gemm,311,layer3.27.conv1,1024,256,1,1,0,0.9234655976295472,0.05037870356347616,0.531626327180133,l40s
resnet152,gemm,311,layer3.27.conv2,256,256,3,1,1,1.0715952157974242,0.026122833055642846,0.6169024923727804,l40s
resnet152,gemm,311,layer3.27.conv3,256,1024,1,1,0,0.7916752070188522,0.057375262319782606,0.45575642850946807,l40s
resnet152,gemm,311,layer3.28.conv1,1024,256,1,1,0,0.9323376029729843,0.04720034712903522,0.5367338175160602,l40s
resnet152,gemm,311,layer3.28.conv2,256,256,3,1,1,1.0790192008018493,0.02775418820897603,0.6211763774975472,l40s
resnet152,gemm,311,layer3.28.conv3,256,1024,1,1,0,0.7891087979078293,0.04385696353685076,0.454278982405101,l40s
resnet152,gemm,311,layer3.29.conv1,1024,256,1,1,0,0.9192464023828506,0.047639835507291665,0.5291973950375445,l40s
resnet152,gemm,311,layer3.29.conv2,256,256,3,1,1,1.0726144015789032,0.02752765056335457,0.6174892234812404,l40s
resnet152,gemm,311,layer3.29.conv3,256,1024,1,1,0,0.7857360035181046,0.0504172354736266,0.4523373114881273,l40s
resnet152,gemm,311,layer3.30.conv1,1024,256,1,1,0,0.9251407951116561,0.05482257083150653,0.5325907151194359,l40s
resnet152,gemm,311,layer3.30.conv2,256,256,3,1,1,1.070897603034973,0.015520844218503239,0.6165008863880551,l40s
resnet152,gemm,311,layer3.30.conv3,256,1024,1,1,0,0.7937792062759399,0.05798360788156501,0.4569676716790094,l40s
resnet152,gemm,311,layer3.31.conv1,1024,256,1,1,0,0.9319216012954712,0.0538910132281088,0.5364943311242717,l40s
resnet152,gemm,311,layer3.31.conv2,256,256,3,1,1,1.0674336016178132,0.030333979144320667,0.6145067088513081,l40s
resnet152,gemm,311,layer3.31.conv3,256,1024,1,1,0,0.7870656013488769,0.04650425918702851,0.45310274250495625,l40s
resnet152,gemm,311,layer3.32.conv1,1024,256,1,1,0,0.9217296034097672,0.055824513765367165,0.5306269394027902,l40s
resnet152,gemm,311,layer3.32.conv2,256,256,3,1,1,1.0665280044078826,0.027720230476881946,0.6139853691069194,l40s
resnet152,gemm,311,layer3.32.conv3,256,1024,1,1,0,0.7869231998920441,0.05809342942168683,0.4530207639627393,l40s
resnet152,gemm,311,layer3.33.conv1,1024,256,1,1,0,0.9425696045160293,0.06214171850584704,0.5426242387878362,l40s
resnet152,gemm,311,layer3.33.conv2,256,256,3,1,1,1.0650687992572785,0.024876355707752096,0.613145324954967,l40s
resnet152,gemm,311,layer3.33.conv3,256,1024,1,1,0,0.7830591946840286,0.05174891502293159,0.45079630979550755,l40s
resnet152,gemm,311,layer3.34.conv1,1024,256,1,1,0,0.9351119935512543,0.05677363618117103,0.5383309956644122,l40s
resnet152,gemm,311,layer3.34.conv2,256,256,3,1,1,1.0668496131896972,0.01939255090259125,0.6141705148187941,l40s
resnet152,gemm,311,layer3.34.conv3,256,1024,1,1,0,0.7879983991384506,0.045022270150012,0.4536397412455111,l40s
resnet152,gemm,311,layer3.35.conv1,1024,256,1,1,0,0.9402480036020279,0.05362979663205855,0.5412877253646433,l40s
resnet152,gemm,311,layer3.35.conv2,256,256,3,1,1,1.069627195596695,0.030233742247298148,0.6157695304586434,l40s
resnet152,gemm,311,layer3.35.conv3,256,1024,1,1,0,0.7954160004854203,0.042322998126692955,0.4579099513872838,l40s
resnet152,gemm,311,layer4.0.conv1,1024,512,1,1,0,1.1851776123046875,0.04577071140309048,0.6822903015586046,l40s
resnet152,gemm,311,layer4.0.conv2,512,512,3,2,1,1.7966927945613862,0.031166023620446376,1.0343311043697916,l40s
resnet152,gemm,311,layer4.0.conv3,512,2048,1,1,0,0.9623968034982682,0.019638426700935793,0.5540384820474165,l40s
resnet152,gemm,311,layer4.0.downsample.0,1024,2048,1,2,0,1.7115760147571564,0.038568185768279105,0.9853305556272328,l40s
resnet152,gemm,311,layer4.1.conv1,2048,512,1,1,0,1.057951992750168,0.01972748753415672,0.6090482782275753,l40s
resnet152,gemm,311,layer4.1.conv2,512,512,3,1,1,1.7463248014450072,0.026526247223159737,1.005334949822585,l40s
resnet152,gemm,311,layer4.1.conv3,512,2048,1,1,0,0.9634992003440856,0.019247812974328312,0.5546731166106761,l40s
resnet152,gemm,311,layer4.2.conv1,2048,512,1,1,0,1.0511504054069518,0.019399825838419517,0.6051326987977075,l40s
resnet152,gemm,311,layer4.2.conv2,512,512,3,1,1,1.7352304100990295,0.027110814957747517,0.9989480627109254,l40s
resnet152,gemm,311,layer4.2.conv3,512,2048,1,1,0,0.9619791984558106,0.02833230028872147,0.5537980726206836,l40s
resnet152,gemm,314,conv1,3,64,7,2,3,1.222140806913376,0.07096154041837881,0.7002461514161822,l40s
resnet152,gemm,314,layer1.0.conv1,64,64,1,1,0,0.7640576034784317,0.022489851218896507,0.4377796676696398,l40s
resnet152,gemm,314,layer1.0.conv2,64,64,3,1,1,0.9297839999198914,0.017268879388193225,0.5327353966983572,l40s
resnet152,gemm,314,layer1.0.conv3,64,256,1,1,0,1.5261359870433808,0.026919683489732314,0.8744253079674887,l40s
resnet152,gemm,314,layer1.0.downsample.0,64,256,1,1,0,1.2835072100162506,0.02021194922843655,0.7354070652453919,l40s
resnet152,gemm,314,layer1.1.conv1,256,64,1,1,0,1.1845551967620849,0.02383830391381387,0.6787108432845914,l40s
resnet152,gemm,314,layer1.1.conv2,64,64,3,1,1,0.922803196310997,0.017914844460917363,0.5287356277410746,l40s
resnet152,gemm,314,layer1.1.conv3,64,256,1,1,0,1.3029647827148438,0.33971081102066886,0.746555609112855,l40s
resnet152,gemm,314,layer1.2.conv1,256,64,1,1,0,1.225836807489395,0.09970223113860545,0.7023638371724789,l40s
resnet152,gemm,314,layer1.2.conv2,64,64,3,1,1,0.9273584008216857,0.021472007624462476,0.5313456088573909,l40s
resnet152,gemm,314,layer1.2.conv3,64,256,1,1,0,1.2307664036750794,0.026413504467801698,0.7051883323022826,l40s
resnet152,gemm,314,layer2.0.conv1,256,128,1,1,0,1.7986207902431488,0.12809321215711889,1.0305500635444929,l40s
resnet152,gemm,314,layer2.0.conv2,128,128,3,2,1,1.027295994758606,0.017743127289021367,0.5886065358637189,l40s
resnet152,gemm,314,layer2.0.conv3,128,512,1,1,0,1.0759119987487793,0.023384800227807652,0.6164618938542041,l40s
resnet152,gemm,314,layer2.0.downsample.0,256,512,1,2,0,1.8828895926475524,0.055695525385085765,1.0788332926407918,l40s
resnet152,gemm,314,layer2.1.conv1,512,128,1,1,0,1.0656831979751586,0.02162818654217604,0.6106011302377591,l40s
resnet152,gemm,314,layer2.1.conv2,128,128,3,1,1,0.8631104052066803,0.01604653817979475,0.4945336380835518,l40s
resnet152,gemm,314,layer2.1.conv3,128,512,1,1,0,1.125513595342636,0.024409910659517222,0.6448819637205139,l40s
resnet152,gemm,314,layer2.2.conv1,512,128,1,1,0,1.0560208022594453,0.032867945861032526,0.6050648979352989,l40s
resnet152,gemm,314,layer2.2.conv2,128,128,3,1,1,0.8518448024988174,0.015725634406885763,0.4880788213431729,l40s
resnet152,gemm,314,layer2.2.conv3,128,512,1,1,0,1.137708806991577,0.019845378426159962,0.6518694155546804,l40s
resnet152,gemm,314,layer2.3.conv1,512,128,1,1,0,1.0543727993965148,0.040607602925749005,0.604120646949028,l40s
resnet152,gemm,314,layer2.3.conv2,128,128,3,1,1,0.8494719952344895,0.023429048583221507,0.48671928147223575,l40s
resnet152,gemm,314,layer2.3.conv3,128,512,1,1,0,1.1047855973243714,0.017714668258534426,0.6330055082771265,l40s
resnet152,gemm,314,layer2.4.conv1,512,128,1,1,0,1.0607391953468324,0.02130770047152904,0.6077683806940951,l40s
resnet152,gemm,314,layer2.4.conv2,128,128,3,1,1,0.8589392006397247,0.023988903498796166,0.49214367620006216,l40s
resnet152,gemm,314,layer2.4.conv3,128,512,1,1,0,1.1416592001914978,0.020794693150289853,0.6541328598478233,l40s
resnet152,gemm,314,layer2.5.conv1,512,128,1,1,0,1.0580415844917297,0.03437111702590179,0.6062227391373951,l40s
resnet152,gemm,314,layer2.5.conv2,128,128,3,1,1,0.8449984014034271,0.01795114664754437,0.48415606056881766,l40s
resnet152,gemm,314,layer2.5.conv3,128,512,1,1,0,1.1183823883533477,0.021955688870755104,0.6407960186142269,l40s
resnet152,gemm,314,layer2.6.conv1,512,128,1,1,0,1.0542832016944885,0.02953105238302677,0.6040693104371754,l40s
resnet152,gemm,314,layer2.6.conv2,128,128,3,1,1,0.83748479783535,0.013913227711699328,0.4798510149046434,l40s
resnet152,gemm,314,layer2.6.conv3,128,512,1,1,0,1.1461664021015168,0.01715316067102413,0.6567153370659089,l40s
resnet152,gemm,314,layer2.7.conv1,512,128,1,1,0,1.0538703978061676,0.0396938226782716,0.603832787499351,l40s
resnet152,gemm,314,layer2.7.conv2,128,128,3,1,1,0.8601024091243744,0.02813571506019596,0.4928101560852464,l40s
resnet152,gemm,314,layer2.7.conv3,128,512,1,1,0,1.113464003801346,0.019270126328036208,0.6379779473787017,l40s
resnet152,gemm,314,layer3.0.conv1,512,256,1,1,0,1.3104320108890533,0.03469369500585274,0.7508340832143315,l40s
resnet152,gemm,314,layer3.0.conv2,256,256,3,2,1,1.170955204963684,0.12447315150705937,0.6709184990127608,l40s
resnet152,gemm,314,layer3.0.conv3,256,1024,1,1,0,0.792191994190216,0.025351521649838116,0.4538997405016098,l40s
resnet152,gemm,314,layer3.0.downsample.0,512,1024,1,2,0,1.4006399929523468,0.030028733629114172,0.8025202652888644,l40s
resnet152,gemm,314,layer3.1.conv1,1024,256,1,1,0,0.9311087936162948,0.03331644434600185,0.533494459551082,l40s
resnet152,gemm,314,layer3.1.conv2,256,256,3,1,1,1.1123552083969117,0.10543887783597675,0.6373426443839314,l40s
resnet152,gemm,314,layer3.1.conv3,256,1024,1,1,0,0.7774607986211777,0.020528682289901085,0.4454592539843231,l40s
resnet152,gemm,314,layer3.2.conv1,1024,256,1,1,0,0.9221632003784179,0.02540690125702211,0.5283689312964625,l40s
resnet152,gemm,314,layer3.2.conv2,256,256,3,1,1,1.1031520009040832,0.09376207784720708,0.6320695117047159,l40s
resnet152,gemm,314,layer3.2.conv3,256,1024,1,1,0,0.7813280016183853,0.019823368771747306,0.44767503305022227,l40s
resnet152,gemm,314,layer3.3.conv1,1024,256,1,1,0,0.9148991912603378,0.022299582296242983,0.5242068949746133,l40s
resnet152,gemm,314,layer3.3.conv2,256,256,3,1,1,1.0944016039371491,0.10594734584084581,0.6270558244398787,l40s
resnet152,gemm,314,layer3.3.conv3,256,1024,1,1,0,0.7767951995134353,0.021173564815596728,0.44507788776944335,l40s
resnet152,gemm,314,layer3.4.conv1,1024,256,1,1,0,0.9307967990636825,0.026152450423149724,0.5333156970193886,l40s
resnet152,gemm,314,layer3.4.conv2,256,256,3,1,1,1.0891200065612794,0.09305373275443739,0.624029644301828,l40s
resnet152,gemm,314,layer3.4.conv3,256,1024,1,1,0,0.7749071955680847,0.019835540705068877,0.4439961241223156,l40s
resnet152,gemm,314,layer3.5.conv1,1024,256,1,1,0,0.9182192027568817,0.028329339015292696,0.5261091514576317,l40s
resnet152,gemm,314,layer3.5.conv2,256,256,3,1,1,1.0980591893196106,0.12143080876722362,0.6291514995642641,l40s
resnet152,gemm,314,layer3.5.conv3,256,1024,1,1,0,0.7741552025079728,0.01700654638239808,0.4435652570378877,l40s
resnet152,gemm,314,layer3.6.conv1,1024,256,1,1,0,0.9243775993585587,0.028937500219492585,0.5296377084739955,l40s
resnet152,gemm,314,layer3.6.conv2,256,256,3,1,1,1.0964559853076934,0.10023480171561124,0.6282329168339197,l40s
resnet152,gemm,314,layer3.6.conv3,256,1024,1,1,0,0.7698240011930466,0.016499390699546097,0.44108362232392573,l40s
resnet152,gemm,314,layer3.7.conv1,1024,256,1,1,0,0.9253519982099533,0.03292070481067071,0.5301960067009868,l40s
resnet152,gemm,314,layer3.7.conv2,256,256,3,1,1,1.099897599220276,0.10125377002424939,0.6302048474685189,l40s
resnet152,gemm,314,layer3.7.conv3,256,1024,1,1,0,0.7799215972423553,0.02464362232465816,0.44686920998459934,l40s
resnet152,gemm,314,layer3.8.conv1,1024,256,1,1,0,0.9134928017854691,0.029154870745984874,0.5234010804468615,l40s
resnet152,gemm,314,layer3.8.conv2,256,256,3,1,1,1.0931648015975952,0.09850547113846608,0.6263471777164931,l40s
resnet152,gemm,314,layer3.8.conv3,256,1024,1,1,0,0.7785855919122696,0.01811371185129535,0.44610372323759606,l40s
resnet152,gemm,314,layer3.9.conv1,1024,256,1,1,0,0.9262032002210617,0.020486042664291482,0.5306837172241807,l40s
resnet152,gemm,314,layer3.9.conv2,256,256,3,1,1,1.0887055933475493,0.10706698048110452,0.6237921992739155,l40s
resnet152,gemm,314,layer3.9.conv3,256,1024,1,1,0,0.7772335976362228,0.027226188725848224,0.4453290753548128,l40s
resnet152,gemm,314,layer3.10.conv1,1024,256,1,1,0,0.9079248011112213,0.019525795267219353,0.520210800717088,l40s
resnet152,gemm,314,layer3.10.conv2,256,256,3,1,1,1.0940976023674012,0.10803640942998823,0.6268816416222882,l40s
resnet152,gemm,314,layer3.10.conv3,256,1024,1,1,0,0.7772672057151795,0.027603984878085363,0.44534833166948024,l40s
resnet152,gemm,314,layer3.11.conv1,1024,256,1,1,0,0.9272224009037018,0.022953497369274354,0.5312676854146726,l40s
resnet152,gemm,314,layer3.11.conv2,256,256,3,1,1,1.0983439922332763,0.10392606245866673,0.6293146821886216,l40s
resnet152,gemm,314,layer3.11.conv3,256,1024,1,1,0,0.7789391964673996,0.020004270258612344,0.4463063269207824,l40s
resnet152,gemm,314,layer3.12.conv1,1024,256,1,1,0,0.9279264062643051,0.02811908925524723,0.5316710571387409,l40s
resnet152,gemm,314,layer3.12.conv2,256,256,3,1,1,1.1002992033958434,0.1070477478988083,0.6304349533423617,l40s
resnet152,gemm,314,layer3.12.conv3,256,1024,1,1,0,0.7741791993379593,0.014848014699700717,0.44357900642564174,l40s
resnet152,gemm,314,layer3.13.conv1,1024,256,1,1,0,0.9141696095466614,0.025169770232294674,0.5237888688484454,l40s
resnet152,gemm,314,layer3.13.conv2,256,256,3,1,1,1.0946592152118684,0.09257896610013264,0.6272034271569005,l40s
resnet152,gemm,314,layer3.13.conv3,256,1024,1,1,0,0.784070399403572,0.023265450971412794,0.44924633603255154,l40s
resnet152,gemm,314,layer3.14.conv1,1024,256,1,1,0,0.9241840004920959,0.030801952835816254,0.5295267827440042,l40s
resnet152,gemm,314,layer3.14.conv2,256,256,3,1,1,1.0932143926620483,0.0976782483670092,0.6263755917517919,l40s
resnet152,gemm,314,layer3.14.conv3,256,1024,1,1,0,0.776531207561493,0.019872518577535782,0.4449266291359808,l40s
resnet152,gemm,314,layer3.15.conv1,1024,256,1,1,0,0.9115087985992432,0.026785510523873443,0.5222643124184205,l40s
resnet152,gemm,314,layer3.15.conv2,256,256,3,1,1,1.0783807992935182,0.02848036049115568,0.6178764346913059,l40s
resnet152,gemm,314,layer3.15.conv3,256,1024,1,1,0,0.7820719987154007,0.021072660834017674,0.448101318712973,l40s
resnet152,gemm,314,layer3.16.conv1,1024,256,1,1,0,0.9139247983694077,0.03057523245837239,0.5236486001627705,l40s
resnet152,gemm,314,layer3.16.conv2,256,256,3,1,1,1.0937247931957246,0.10314393675529425,0.6266680343307205,l40s
resnet152,gemm,314,layer3.16.conv3,256,1024,1,1,0,0.7816816002130509,0.021326255638848424,0.44787763331826014,l40s
resnet152,gemm,314,layer3.17.conv1,1024,256,1,1,0,0.9212784081697464,0.022467610227706096,0.5278619747040466,l40s
resnet152,gemm,314,layer3.17.conv2,256,256,3,1,1,1.0977056086063386,0.09394292849461401,0.6289489095416717,l40s
resnet152,gemm,314,layer3.17.conv3,256,1024,1,1,0,0.7751136004924775,0.026298104064825013,0.4441143872988021,l40s
resnet152,gemm,314,layer3.18.conv1,1024,256,1,1,0,0.9178671926259995,0.02614366681513654,0.525907461326662,l40s
resnet152,gemm,314,layer3.18.conv2,256,256,3,1,1,1.0873184144496917,0.09768813759381714,0.6229973917696936,l40s
resnet152,gemm,314,layer3.18.conv3,256,1024,1,1,0,0.7773376077413559,0.018943943143453882,0.4453886696956742,l40s
resnet152,gemm,314,layer3.19.conv1,1024,256,1,1,0,0.913631996512413,0.027499494274140703,0.5234808344091615,l40s
resnet152,gemm,314,layer3.19.conv2,256,256,3,1,1,1.0893407940864563,0.09818989186992207,0.6241561482315808,l40s
resnet152,gemm,314,layer3.19.conv3,256,1024,1,1,0,0.7856543958187103,0.021119594198707816,0.4501539134469404,l40s
resnet152,gemm,314,layer3.20.conv1,1024,256,1,1,0,0.9390095978975296,0.029867934010827366,0.5380213583828131,l40s
resnet152,gemm,314,layer3.20.conv2,256,256,3,1,1,1.0937615931034088,0.11369625626042398,0.6266891194573955,l40s
resnet152,gemm,314,layer3.20.conv3,256,1024,1,1,0,0.7753984004259109,0.022015603464138066,0.4442775682155853,l40s
resnet152,gemm,314,layer3.21.conv1,1024,256,1,1,0,0.9224927961826325,0.017527216694543348,0.5285577787615979,l40s
resnet152,gemm,314,layer3.21.conv2,256,256,3,1,1,1.090857595205307,0.09566621288848842,0.6250252249696544,l40s
resnet152,gemm,314,layer3.21.conv3,256,1024,1,1,0,0.7798160016536713,0.023567007662231326,0.4468087072142439,l40s
resnet152,gemm,314,layer3.22.conv1,1024,256,1,1,0,0.9223136007785797,0.031599057051416274,0.5284551057378927,l40s
resnet152,gemm,314,layer3.22.conv2,256,256,3,1,1,1.0955839991569518,0.09926392291930972,0.6277332976879988,l40s
resnet152,gemm,314,layer3.22.conv3,256,1024,1,1,0,0.7753072023391724,0.02014965884446079,0.4442253147363676,l40s
resnet152,gemm,314,layer3.23.conv1,1024,256,1,1,0,0.9251823961734772,0.026201421905350852,0.5300988303587496,l40s
resnet152,gemm,314,layer3.23.conv2,256,256,3,1,1,1.072760009765625,0.02989031869136876,0.6146559086990775,l40s
resnet152,gemm,314,layer3.23.conv3,256,1024,1,1,0,0.7743888020515441,0.023456564814527427,0.4436991018292842,l40s
resnet152,gemm,314,layer3.24.conv1,1024,256,1,1,0,0.9128464013338089,0.02641725768925373,0.5230307144252146,l40s
resnet152,gemm,314,layer3.24.conv2,256,256,3,1,1,1.0909024119377135,0.09810263818517165,0.6250509034710261,l40s
resnet152,gemm,314,layer3.24.conv3,256,1024,1,1,0,0.7736351996660232,0.01781563276715158,0.44326731265476843,l40s
resnet152,gemm,314,layer3.25.conv1,1024,256,1,1,0,0.9178463965654373,0.023941218479037654,0.5258955458736382,l40s
resnet152,gemm,314,layer3.25.conv2,256,256,3,1,1,1.0892768025398254,0.10415901181647469,0.6241194831975699,l40s
resnet152,gemm,314,layer3.25.conv3,256,1024,1,1,0,0.7765503942966461,0.018658548254593284,0.4449376224989168,l40s
resnet152,gemm,314,layer3.26.conv1,1024,256,1,1,0,0.9247983992099762,0.027537173899132458,0.5298788128334971,l40s
resnet152,gemm,314,layer3.26.conv2,256,256,3,1,1,1.076286393404007,0.09499968660270298,0.6166764095752658,l40s
resnet152,gemm,314,layer3.26.conv3,256,1024,1,1,0,0.7766512006521225,0.02784578043494762,0.4449953811974737,l40s
resnet152,gemm,314,layer3.27.conv1,1024,256,1,1,0,0.9194976061582565,0.028248756160043912,0.5268416342097877,l40s
resnet152,gemm,314,layer3.27.conv2,256,256,3,1,1,1.0853231966495513,0.10482322837269145,0.6218541981393999,l40s
resnet152,gemm,314,layer3.27.conv3,256,1024,1,1,0,0.7685919940471649,0.018047094186335707,0.4403777230874869,l40s
resnet152,gemm,314,layer3.28.conv1,1024,256,1,1,0,0.9168015986680984,0.030753928895503036,0.5252969113280271,l40s
resnet152,gemm,314,layer3.28.conv2,256,256,3,1,1,1.0942991852760315,0.11027846669110265,0.6269971419436597,l40s
resnet152,gemm,314,layer3.28.conv3,256,1024,1,1,0,0.7753584057092666,0.024326523832916305,0.4442546525693286,l40s
resnet152,gemm,314,layer3.29.conv1,1024,256,1,1,0,0.9131567984819412,0.0233924710535781,0.5232085616971172,l40s
resnet152,gemm,314,layer3.29.conv2,256,256,3,1,1,1.0899984121322632,0.09956491430148261,0.6245329415626546,l40s
resnet152,gemm,314,layer3.29.conv3,256,1024,1,1,0,0.7839071959257126,0.022358106065946057,0.4491528258522005,l40s
resnet152,gemm,314,layer3.30.conv1,1024,256,1,1,0,0.9170783966779709,0.019007504203972472,0.5254555074079849,l40s
resnet152,gemm,314,layer3.30.conv2,256,256,3,1,1,1.0891167998313904,0.10754574890151652,0.6240278069519491,l40s
resnet152,gemm,314,layer3.30.conv3,256,1024,1,1,0,0.7769488036632538,0.02382130225288479,0.44516589785317795,l40s
resnet152,gemm,314,layer3.31.conv1,1024,256,1,1,0,0.9188799947500229,0.022545387485233097,0.5264877633552676,l40s
resnet152,gemm,314,layer3.31.conv2,256,256,3,1,1,1.0702992022037505,0.02887097665579021,0.6132459475760785,l40s
resnet152,gemm,314,layer3.31.conv3,256,1024,1,1,0,0.777275201678276,0.02905783469808881,0.4453529130911574,l40s
resnet152,gemm,314,layer3.32.conv1,1024,256,1,1,0,0.9271919965744019,0.020395265585950777,0.5312502647423096,l40s
resnet152,gemm,314,layer3.32.conv2,256,256,3,1,1,1.087308806180954,0.09317295504669483,0.6229918865503545,l40s
resnet152,gemm,314,layer3.32.conv3,256,1024,1,1,0,0.7693919897079468,0.019566603718846266,0.4408360940701455,l40s
resnet152,gemm,314,layer3.33.conv1,1024,256,1,1,0,0.9274816036224365,0.02593668216963089,0.5314161999763367,l40s
resnet152,gemm,314,layer3.33.conv2,256,256,3,1,1,1.0920192003250122,0.09599390291415852,0.6256907861798994,l40s
resnet152,gemm,314,layer3.33.conv3,256,1024,1,1,0,0.7679120004177094,0.015606118290279879,0.4399881092890438,l40s
resnet152,gemm,314,layer3.34.conv1,1024,256,1,1,0,0.9163695991039276,0.02961240691086528,0.5250493899045439,l40s
resnet152,gemm,314,layer3.34.conv2,256,256,3,1,1,1.1041311860084533,0.09480385843578074,0.6326305522959313,l40s
resnet152,gemm,314,layer3.34.conv3,256,1024,1,1,0,0.7748320043087006,0.01874400039625065,0.44395304202432323,l40s
resnet152,gemm,314,layer3.35.conv1,1024,256,1,1,0,0.9170496046543122,0.020862155340445245,0.525439010533284,l40s
resnet152,gemm,314,layer3.35.conv2,256,256,3,1,1,1.0906016170978545,0.09511797542247558,0.6248785580033144,l40s
resnet152,gemm,314,layer3.35.conv3,256,1024,1,1,0,0.7820255994796753,0.023534129339075723,0.44807473348968163,l40s
resnet152,gemm,314,layer4.0.conv1,1024,512,1,1,0,1.1665168046951293,0.03804166223822014,0.6683754428535041,l40s
resnet152,gemm,314,layer4.0.conv2,512,512,3,2,1,1.8064943969249725,0.055540657399208736,1.0350613790537395,l40s
resnet152,gemm,314,layer4.0.conv3,512,2048,1,1,0,0.996411207318306,0.09050388109203608,0.5709105769201682,l40s
resnet152,gemm,314,layer4.0.downsample.0,1024,2048,1,2,0,1.756216013431549,0.10002307891862397,1.0062535327388655,l40s
resnet152,gemm,314,layer4.1.conv1,2048,512,1,1,0,1.078273606300354,0.10100515469400449,0.6178150166611597,l40s
resnet152,gemm,314,layer4.1.conv2,512,512,3,1,1,1.7770320057868958,0.14138725421874318,1.0181804060191664,l40s
resnet152,gemm,314,layer4.1.conv3,512,2048,1,1,0,1.014043202996254,0.09285590539441047,0.58101312569804,l40s
resnet152,gemm,314,layer4.2.conv1,2048,512,1,1,0,1.065385603904724,0.089379966711603,0.6104306187047776,l40s
resnet152,gemm,314,layer4.2.conv2,512,512,3,1,1,1.7538703978061676,0.05177301101823688,1.0049095727752642,l40s
resnet152,gemm,314,layer4.2.conv3,512,2048,1,1,0,1.016763198375702,0.09117721407892762,0.5825715928448318,l40s
resnet152,gemm,317,conv1,3,64,7,2,3,1.2275776028633119,0.02393615122193574,0.7039132339841034,l40s
resnet152,gemm,317,layer1.0.conv1,64,64,1,1,0,0.7718416005373001,0.019528994273828922,0.4425866974848789,l40s
resnet152,gemm,317,layer1.0.conv2,64,64,3,1,1,0.8951984018087387,0.022385185580930476,0.5133215208592846,l40s
resnet152,gemm,317,layer1.0.conv3,64,256,1,1,0,1.5192448019981384,0.0200667016010753,0.8711600140745852,l40s
resnet152,gemm,317,layer1.0.downsample.0,64,256,1,1,0,1.285947185754776,0.022299210262346825,0.7373833150311985,l40s
resnet152,gemm,317,layer1.1.conv1,256,64,1,1,0,1.1764927983283997,0.034112019164719946,0.674620364935547,l40s
resnet152,gemm,317,layer1.1.conv2,64,64,3,1,1,0.8842415988445282,0.030632286988753234,0.5070387094177314,l40s
resnet152,gemm,317,layer1.1.conv3,64,256,1,1,0,1.2687439918518066,0.03752841295473947,0.727518720054189,l40s
resnet152,gemm,317,layer1.2.conv1,256,64,1,1,0,1.1824495851993562,0.04065357059563421,0.6780360847244293,l40s
resnet152,gemm,317,layer1.2.conv2,64,64,3,1,1,0.873089599609375,0.03325423718520493,0.5006439692166275,l40s
resnet152,gemm,317,layer1.2.conv3,64,256,1,1,0,1.2648895978927612,0.05313650507878958,0.7253085470187475,l40s
resnet152,gemm,317,layer2.0.conv1,256,128,1,1,0,1.8093279898166656,0.06097005683057537,1.0374984959640223,l40s
resnet152,gemm,317,layer2.0.conv2,128,128,3,2,1,1.045305609703064,0.0474190988380806,0.5993954683692115,l40s
resnet152,gemm,317,layer2.0.conv3,128,512,1,1,0,0.9963263869285583,0.03638867195168686,0.5713099746123911,l40s
resnet152,gemm,317,layer2.0.downsample.0,256,512,1,2,0,1.7475983917713165,0.07128415336556604,1.0021017268381534,l40s
resnet152,gemm,317,layer2.1.conv1,512,128,1,1,0,1.074719989299774,0.059744540101238953,0.6162621585232692,l40s
resnet152,gemm,317,layer2.1.conv2,128,128,3,1,1,0.8656096041202546,0.03959183603304838,0.4963548164961378,l40s
resnet152,gemm,317,layer2.1.conv3,128,512,1,1,0,0.9852287977933883,0.051172772422641066,0.5649464340595629,l40s
resnet152,gemm,317,layer2.2.conv1,512,128,1,1,0,1.0403616011142731,0.03699559080633493,0.5965604923428784,l40s
resnet152,gemm,317,layer2.2.conv2,128,128,3,1,1,0.8639456033706665,0.03341154856322011,0.49540065103542685,l40s
resnet152,gemm,317,layer2.2.conv3,128,512,1,1,0,0.9712047964334488,0.03542691450240178,0.5569048404954192,l40s
resnet152,gemm,317,layer2.3.conv1,512,128,1,1,0,1.0561696112155914,0.048355207648579396,0.6056250659285464,l40s
resnet152,gemm,317,layer2.3.conv2,128,128,3,1,1,0.8573983937501908,0.03282420721581622,0.4916463731089062,l40s
resnet152,gemm,317,layer2.3.conv3,128,512,1,1,0,0.978600001335144,0.04414253455191322,0.5611453728953143,l40s
resnet152,gemm,317,layer2.4.conv1,512,128,1,1,0,1.0368752002716064,0.04905270541947717,0.5945613326267006,l40s
resnet152,gemm,317,layer2.4.conv2,128,128,3,1,1,0.8467056035995484,0.02333696640785729,0.4855149509668795,l40s
resnet152,gemm,317,layer2.4.conv3,128,512,1,1,0,0.9649120092391967,0.026589895809444694,0.5532964525822252,l40s
resnet152,gemm,317,layer2.5.conv1,512,128,1,1,0,1.0587247967720033,0.03210652377048641,0.6070902514485885,l40s
resnet152,gemm,317,layer2.5.conv2,128,128,3,1,1,0.8549712032079697,0.020794939028845872,0.4902545820399869,l40s
resnet152,gemm,317,layer2.5.conv3,128,512,1,1,0,0.9621680021286011,0.021686349180403096,0.5517229936703083,l40s
resnet152,gemm,317,layer2.6.conv1,512,128,1,1,0,1.025091189146042,0.0316044037166966,0.5878041863889777,l40s
resnet152,gemm,317,layer2.6.conv2,128,128,3,1,1,0.8551983952522277,0.029602266278215626,0.4903848577034042,l40s
resnet152,gemm,317,layer2.6.conv3,128,512,1,1,0,0.9647344022989273,0.024808810686483686,0.5531946098348408,l40s
resnet152,gemm,317,layer2.7.conv1,512,128,1,1,0,1.0633616030216217,0.042432946787799276,0.6097490725894382,l40s
resnet152,gemm,317,layer2.7.conv2,128,128,3,1,1,0.8511184006929398,0.02186150979908082,0.4880453215647787,l40s
resnet152,gemm,317,layer2.7.conv3,128,512,1,1,0,0.9578128010034561,0.023448492712913115,0.5492256495500659,l40s
resnet152,gemm,317,layer3.0.conv1,512,256,1,1,0,1.322948807477951,0.03871905149778833,0.7586006548955497,l40s
resnet152,gemm,317,layer3.0.conv2,256,256,3,2,1,1.1598528027534485,0.028378676568400665,0.6650787171640951,l40s
resnet152,gemm,317,layer3.0.conv3,256,1024,1,1,0,0.7873056024312973,0.020605832399494706,0.45145401109352573,l40s
resnet152,gemm,317,layer3.0.downsample.0,512,1024,1,2,0,1.4070191919803618,0.03379989008784004,0.806807999261679,l40s
resnet152,gemm,317,layer3.1.conv1,1024,256,1,1,0,0.9294191986322403,0.027643663028266954,0.532944289884524,l40s
resnet152,gemm,317,layer3.1.conv2,256,256,3,1,1,1.0920480072498322,0.03855111690661575,0.6261983296665921,l40s
resnet152,gemm,317,layer3.1.conv3,256,1024,1,1,0,0.7800608009099961,0.022778828527534035,0.44729972247133426,l40s
resnet152,gemm,317,layer3.2.conv1,1024,256,1,1,0,0.9309424042701722,0.03128992444602061,0.533817721107217,l40s
resnet152,gemm,317,layer3.2.conv2,256,256,3,1,1,1.0761376023292542,0.023528396335576292,0.6170750412035916,l40s
resnet152,gemm,317,layer3.2.conv3,256,1024,1,1,0,0.772067204117775,0.022372597638038,0.44271606229697713,l40s
resnet152,gemm,317,layer3.3.conv1,1024,256,1,1,0,0.9198015958070755,0.022069421710186415,0.5274293978792891,l40s
resnet152,gemm,317,layer3.3.conv2,256,256,3,1,1,1.0631216049194336,0.022626148753428315,0.6096114537212972,l40s
resnet152,gemm,317,layer3.3.conv3,256,1024,1,1,0,0.7775856077671051,0.02112109598999222,0.4458804059198725,l40s
resnet152,gemm,317,layer3.4.conv1,1024,256,1,1,0,0.9121120005846024,0.023057966057779083,0.523020057216463,l40s
resnet152,gemm,317,layer3.4.conv2,256,256,3,1,1,1.066588807106018,0.030728690110732183,0.6115996046115895,l40s
resnet152,gemm,317,layer3.4.conv3,256,1024,1,1,0,0.7721951991319657,0.01584816919256402,0.44278945674809994,l40s
resnet152,gemm,317,layer3.5.conv1,1024,256,1,1,0,0.9288255959749222,0.03536433471901552,0.5326039083353334,l40s
resnet152,gemm,317,layer3.5.conv2,256,256,3,1,1,1.0692607939243317,0.022392957800819374,0.6131317659006639,l40s
resnet152,gemm,317,layer3.5.conv3,256,1024,1,1,0,0.7801951974630356,0.025532402490925987,0.44737678767036176,l40s
resnet152,gemm,317,layer3.6.conv1,1024,256,1,1,0,0.9287903994321823,0.03354900947595797,0.5325837260575147,l40s
resnet152,gemm,317,layer3.6.conv2,256,256,3,1,1,1.0695504128932953,0.03278356359416593,0.6132978381918094,l40s
resnet152,gemm,317,layer3.6.conv3,256,1024,1,1,0,0.785633596777916,0.016818190479607063,0.4504952554890197,l40s
resnet152,gemm,317,layer3.7.conv1,1024,256,1,1,0,0.9246735960245133,0.028441236756201242,0.5302230831184371,l40s
resnet152,gemm,317,layer3.7.conv2,256,256,3,1,1,1.0617936074733734,0.02117759607921374,0.6088499580938123,l40s
resnet152,gemm,317,layer3.7.conv3,256,1024,1,1,0,0.7893600046634675,0.020507141215280026,0.4526320392000812,l40s
resnet152,gemm,317,layer3.8.conv1,1024,256,1,1,0,0.9132224023342133,0.024307385482975705,0.5236567798845592,l40s
resnet152,gemm,317,layer3.8.conv2,256,256,3,1,1,1.0638544082641601,0.025950338423340307,0.6100316552393582,l40s
resnet152,gemm,317,layer3.8.conv3,256,1024,1,1,0,0.7749231964349746,0.0203390577735132,0.44435373537242645,l40s
resnet152,gemm,317,layer3.9.conv1,1024,256,1,1,0,0.9321024030447006,0.03435303172477707,0.5344828835270033,l40s
resnet152,gemm,317,layer3.9.conv2,256,256,3,1,1,1.067953598499298,0.03101045429963955,0.612382198494955,l40s
resnet152,gemm,317,layer3.9.conv3,256,1024,1,1,0,0.7754687964916229,0.023956886554475164,0.4446665914390746,l40s
resnet152,gemm,317,layer3.10.conv1,1024,256,1,1,0,0.9217007994651795,0.019278085543658424,0.5285184325650412,l40s
resnet152,gemm,317,layer3.10.conv2,256,256,3,1,1,1.058787202835083,0.017460312653710373,0.6071260361139166,l40s
resnet152,gemm,317,layer3.10.conv3,256,1024,1,1,0,0.7730623990297317,0.024411228532822703,0.4432867234651885,l40s
resnet152,gemm,317,layer3.11.conv1,1024,256,1,1,0,0.9209232032299042,0.024016750791681415,0.5280725460651328,l40s
resnet152,gemm,317,layer3.11.conv2,256,256,3,1,1,1.066873598098755,0.01765891578246296,0.6117629084615777,l40s
resnet152,gemm,317,layer3.11.conv3,256,1024,1,1,0,0.7839632064104081,0.023048404122723784,0.44953742611606123,l40s
resnet152,gemm,317,layer3.12.conv1,1024,256,1,1,0,0.9266799956560134,0.022416842442036768,0.5313735857424501,l40s
resnet152,gemm,317,layer3.12.conv2,256,256,3,1,1,1.0740800082683564,0.02886113215219348,0.6158951828498266,l40s
resnet152,gemm,317,layer3.12.conv3,256,1024,1,1,0,0.7828351974487304,0.02145123932594991,0.4488906071823127,l40s
resnet152,gemm,317,layer3.13.conv1,1024,256,1,1,0,0.9213968008756638,0.02746390908112867,0.5283441147624244,l40s
resnet152,gemm,317,layer3.13.conv2,256,256,3,1,1,1.0534176051616668,0.01973568002880255,0.6040470202906629,l40s
resnet152,gemm,317,layer3.13.conv3,256,1024,1,1,0,0.7866272032260895,0.023993229885565126,0.4510650058059119,l40s
resnet152,gemm,317,layer3.14.conv1,1024,256,1,1,0,0.9216591984033584,0.03088674847228592,0.5284945778304032,l40s
resnet152,gemm,317,layer3.14.conv2,256,256,3,1,1,1.070356798171997,0.030275222125342886,0.613760232803803,l40s
resnet152,gemm,317,layer3.14.conv3,256,1024,1,1,0,0.7874736070632935,0.025175631889234544,0.451550347719053,l40s
resnet152,gemm,317,layer3.15.conv1,1024,256,1,1,0,0.919836801290512,0.030507770926355406,0.5274495852838507,l40s
resnet152,gemm,317,layer3.15.conv2,256,256,3,1,1,1.07017440199852,0.03537887729755684,0.6136556438311473,l40s
resnet152,gemm,317,layer3.15.conv3,256,1024,1,1,0,0.7789440035820008,0.02085400008417949,0.446659332473162,l40s
resnet152,gemm,317,layer3.16.conv1,1024,256,1,1,0,0.9328607976436615,0.027280310380953018,0.5349177594921117,l40s
resnet152,gemm,317,layer3.16.conv2,256,256,3,1,1,1.0784992039203645,0.03966696180168723,0.6184292224867162,l40s
resnet152,gemm,317,layer3.16.conv3,256,1024,1,1,0,0.7754255950450897,0.028230757885752602,0.4446418190174606,l40s
resnet152,gemm,317,layer3.17.conv1,1024,256,1,1,0,0.9261088013648987,0.030106161500703638,0.5310460535198402,l40s
resnet152,gemm,317,layer3.17.conv2,256,256,3,1,1,1.0584640026092529,0.016209997257359984,0.6069407077765,l40s
resnet152,gemm,317,layer3.17.conv3,256,1024,1,1,0,0.7737167984247207,0.023781807395813637,0.4436619668659882,l40s
resnet152,gemm,317,layer3.18.conv1,1024,256,1,1,0,0.9114687949419021,0.023875077304174774,0.5226512324977537,l40s
resnet152,gemm,317,layer3.18.conv2,256,256,3,1,1,1.063759994506836,0.026474055534941338,0.6099775168345065,l40s
resnet152,gemm,317,layer3.18.conv3,256,1024,1,1,0,0.7704255938529968,0.023903761779744796,0.4417747359093613,l40s
resnet152,gemm,317,layer3.19.conv1,1024,256,1,1,0,0.9183104038238525,0.02136044879204479,0.5265743238139483,l40s
resnet152,gemm,317,layer3.19.conv2,256,256,3,1,1,1.0704560101032257,0.029261597533756817,0.6138171225606689,l40s
resnet152,gemm,317,layer3.19.conv3,256,1024,1,1,0,0.7762623965740204,0.01899093952961571,0.4451216548087446,l40s
resnet152,gemm,317,layer3.20.conv1,1024,256,1,1,0,0.9348143994808197,0.02936815354407621,0.5360379869904823,l40s
resnet152,gemm,317,layer3.20.conv2,256,256,3,1,1,1.064492803812027,0.02816157515519901,0.6103977217703961,l40s
resnet152,gemm,317,layer3.20.conv3,256,1024,1,1,0,0.7832191973924637,0.024373339148140116,0.44911079908025264,l40s
resnet152,gemm,317,layer3.21.conv1,1024,256,1,1,0,0.9287312030792236,0.02411855631234555,0.5325497818928818,l40s
resnet152,gemm,317,layer3.21.conv2,256,256,3,1,1,1.0621744096279144,0.026667634311704488,0.6090683163267141,l40s
resnet152,gemm,317,layer3.21.conv3,256,1024,1,1,0,0.7788464009761811,0.0218846034840359,0.4466033655300151,l40s
resnet152,gemm,317,layer3.22.conv1,1024,256,1,1,0,0.9218031972646713,0.022616880583840576,0.5285771491512878,l40s
resnet152,gemm,317,layer3.22.conv2,256,256,3,1,1,1.0608495891094207,0.026723710179037526,0.6083086424018671,l40s
resnet152,gemm,317,layer3.22.conv3,256,1024,1,1,0,0.7913360029459,0.021713849758608992,0.4537651091893754,l40s
resnet152,gemm,317,layer3.23.conv1,1024,256,1,1,0,0.9265215992927551,0.03188252368359882,0.5312827586566085,l40s
resnet152,gemm,317,layer3.23.conv2,256,256,3,1,1,1.0753152012825011,0.02995048760791307,0.6166034628861788,l40s
resnet152,gemm,317,layer3.23.conv3,256,1024,1,1,0,0.7784463912248611,0.02055370903076492,0.4463739933444848,l40s
resnet152,gemm,317,layer3.24.conv1,1024,256,1,1,0,0.9304816037416458,0.030375899256753432,0.5335534904879063,l40s
resnet152,gemm,317,layer3.24.conv2,256,256,3,1,1,1.0742320001125336,0.03767436566387322,0.6159823374788492,l40s
resnet152,gemm,317,layer3.24.conv3,256,1024,1,1,0,0.7794448047876358,0.0211417379474033,0.4469465001401342,l40s
resnet152,gemm,317,layer3.25.conv1,1024,256,1,1,0,0.9257135987281799,0.03212340864931736,0.5308194378130672,l40s
resnet152,gemm,317,layer3.25.conv2,256,256,3,1,1,1.0582911968231201,0.020392687903637203,0.6068416180900441,l40s
resnet152,gemm,317,layer3.25.conv3,256,1024,1,1,0,0.7672336041927338,0.019671978328360304,0.4399443964185146,l40s
resnet152,gemm,317,layer3.26.conv1,1024,256,1,1,0,0.9187023997306824,0.024748894719464443,0.5267991007289405,l40s
resnet152,gemm,317,layer3.26.conv2,256,256,3,1,1,1.0641743838787079,0.026487147787552436,0.610215134531508,l40s
resnet152,gemm,317,layer3.26.conv3,256,1024,1,1,0,0.7765696048736572,0.021323785462511298,0.4452978131120566,l40s
resnet152,gemm,317,layer3.27.conv1,1024,256,1,1,0,0.9357743948698044,0.027572144635864586,0.5365884641719606,l40s
resnet152,gemm,317,layer3.27.conv2,256,256,3,1,1,1.0559151947498322,0.03018996758945235,0.6054791793330483,l40s
resnet152,gemm,317,layer3.27.conv3,256,1024,1,1,0,0.7742895960807801,0.018331920784491015,0.4439904184844885,l40s
resnet152,gemm,317,layer3.28.conv1,1024,256,1,1,0,0.9224511981010437,0.03143315688003108,0.5289487235130972,l40s
resnet152,gemm,317,layer3.28.conv2,256,256,3,1,1,1.0547920167446136,0.02081045294957654,0.6048351305493713,l40s
resnet152,gemm,317,layer3.28.conv3,256,1024,1,1,0,0.7689808070659637,0.02520822747750871,0.4409462713485011,l40s
resnet152,gemm,317,layer3.29.conv1,1024,256,1,1,0,0.9212143927812576,0.031761649703082956,0.5282395189541115,l40s
resnet152,gemm,317,layer3.29.conv2,256,256,3,1,1,1.0673759996891021,0.024924910379338115,0.6120509938155262,l40s
resnet152,gemm,317,layer3.29.conv3,256,1024,1,1,0,0.7788015961647033,0.016183764444865554,0.4465776737125106,l40s
resnet152,gemm,317,layer3.30.conv1,1024,256,1,1,0,0.9231248050928116,0.025426545887307455,0.5293349808665253,l40s
resnet152,gemm,317,layer3.30.conv2,256,256,3,1,1,1.0686495840549468,0.02203770530619369,0.6127812880858209,l40s
resnet152,gemm,317,layer3.30.conv3,256,1024,1,1,0,0.7892111986875534,0.025971903583586902,0.45254671140043956,l40s
resnet152,gemm,317,layer3.31.conv1,1024,256,1,1,0,0.929294404387474,0.028619091506179917,0.5328727308073536,l40s
resnet152,gemm,317,layer3.31.conv2,256,256,3,1,1,1.0651040017604827,0.022374842454282375,0.6107481927495818,l40s
resnet152,gemm,317,layer3.31.conv3,256,1024,1,1,0,0.7801216065883636,0.02274207372490098,0.4473345894496861,l40s
resnet152,gemm,317,layer3.32.conv1,1024,256,1,1,0,0.9299855977296829,0.03395731833554435,0.533269072464034,l40s
resnet152,gemm,317,layer3.32.conv2,256,256,3,1,1,1.0720352053642273,0.02885656184370626,0.6147226591562138,l40s
resnet152,gemm,317,layer3.32.conv3,256,1024,1,1,0,0.7778815984725952,0.020984808501814913,0.4460501318697797,l40s
resnet152,gemm,317,layer3.33.conv1,1024,256,1,1,0,0.9169504016637802,0.025429309363229135,0.5257944761558541,l40s
resnet152,gemm,317,layer3.33.conv2,256,256,3,1,1,1.0685536026954652,0.027035035117184712,0.6127262507920503,l40s
resnet152,gemm,317,layer3.33.conv3,256,1024,1,1,0,0.7779584050178527,0.023346438909931305,0.4460941740089791,l40s
resnet152,gemm,317,layer3.34.conv1,1024,256,1,1,0,0.9160527944564819,0.024135332840767548,0.5252797733862181,l40s
resnet152,gemm,317,layer3.34.conv2,256,256,3,1,1,1.0649103939533233,0.02359676670002491,0.6106371748413499,l40s
resnet152,gemm,317,layer3.34.conv3,256,1024,1,1,0,0.7758591949939728,0.018770946804803134,0.44489045237600494,l40s
resnet152,gemm,317,layer3.35.conv1,1024,256,1,1,0,0.9273648023605346,0.026739099731381628,0.5317662651957972,l40s
resnet152,gemm,317,layer3.35.conv2,256,256,3,1,1,1.054971194267273,0.0176786242349901,0.604937873894589,l40s
resnet152,gemm,317,layer3.35.conv3,256,1024,1,1,0,0.7793088048696518,0.017805304126862903,0.4468685155452162,l40s
resnet152,gemm,317,layer4.0.conv1,1024,512,1,1,0,1.176416003704071,0.0303587792412782,0.6745763296320046,l40s
resnet152,gemm,317,layer4.0.conv2,512,512,3,2,1,1.7857439875602723,0.026867515269443126,1.023975040290129,l40s
resnet152,gemm,317,layer4.0.conv3,512,2048,1,1,0,0.9710639923810959,0.027186157536368848,0.5568241011306584,l40s
resnet152,gemm,317,layer4.0.downsample.0,1024,2048,1,2,0,1.7270223915576934,0.02876870140990047,0.9903031091222175,l40s
resnet152,gemm,317,layer4.1.conv1,2048,512,1,1,0,1.0597072005271913,0.020678662675613083,0.6076535779566475,l40s
resnet152,gemm,317,layer4.1.conv2,512,512,3,1,1,1.753414398431778,0.027422343221727586,1.0054367209335893,l40s
resnet152,gemm,317,layer4.1.conv3,512,2048,1,1,0,0.9919904053211213,0.027507387900603655,0.5688236512804343,l40s
resnet152,gemm,317,layer4.2.conv1,2048,512,1,1,0,1.0523328006267547,0.02427331087439128,0.6034249754874427,l40s
resnet152,gemm,317,layer4.2.conv2,512,512,3,1,1,1.747140794992447,0.03254937476491236,1.0018393333017093,l40s
resnet152,gemm,317,layer4.2.conv3,512,2048,1,1,0,0.9940928012132645,0.01811415229661444,0.5700291997427894,l40s
resnet152,gemm,320,conv1,3,64,7,2,3,1.2619120001792907,0.019426047823090882,0.7176693591482393,l40s
resnet152,gemm,320,layer1.0.conv1,64,64,1,1,0,0.7994048058986664,0.02559332970083692,0.4546341857972718,l40s
resnet152,gemm,320,layer1.0.conv2,64,64,3,1,1,0.910193607211113,0.02330968608265043,0.5176415333994885,l40s
resnet152,gemm,320,layer1.0.conv3,64,256,1,1,0,1.2968975901603699,0.028423931887221168,0.737566218784709,l40s
resnet152,gemm,320,layer1.0.downsample.0,64,256,1,1,0,1.31735999584198,0.016582187154705063,0.7492035132791476,l40s
resnet152,gemm,320,layer1.1.conv1,256,64,1,1,0,1.211331194639206,0.02043188453469811,0.6889032531979061,l40s
resnet152,gemm,320,layer1.1.conv2,64,64,3,1,1,0.8867423981428146,0.023400030915716838,0.5043044590385934,l40s
resnet152,gemm,320,layer1.1.conv3,64,256,1,1,0,1.2793023943901063,0.020943933230312208,0.7275595520197217,l40s
resnet152,gemm,320,layer1.2.conv1,256,64,1,1,0,1.2084848046302796,0.017547027633750264,0.6872844660770119,l40s
resnet152,gemm,320,layer1.2.conv2,64,64,3,1,1,0.8913007974624634,0.030405708332625344,0.5068968929943758,l40s
resnet152,gemm,320,layer1.2.conv3,64,256,1,1,0,1.2692272007465362,0.023846899458488936,0.7218296296761287,l40s
resnet152,gemm,320,layer2.0.conv1,256,128,1,1,0,1.8297584056854248,0.03059280117432539,1.0406126118285512,l40s
resnet152,gemm,320,layer2.0.conv2,128,128,3,2,1,1.0465168118476869,0.013583616431060461,0.5951707009600347,l40s
resnet152,gemm,320,layer2.0.conv3,128,512,1,1,0,1.008907201886177,0.014107920946152257,0.5737815195630299,l40s
resnet152,gemm,320,layer2.0.downsample.0,256,512,1,2,0,1.7814000010490418,0.029345062325397214,1.0131104205030916,l40s
resnet152,gemm,320,layer2.1.conv1,512,128,1,1,0,1.0806448042392731,0.01832419243775852,0.6145798312521675,l40s
resnet152,gemm,320,layer2.1.conv2,128,128,3,1,1,0.8596799969673157,0.018058608442111393,0.48891364247937735,l40s
resnet152,gemm,320,layer2.1.conv3,128,512,1,1,0,0.9910496026277542,0.028590293281398352,0.5636256197745364,l40s
resnet152,gemm,320,layer2.2.conv1,512,128,1,1,0,1.0766879975795747,0.028864520422102694,0.6123295325789353,l40s
resnet152,gemm,320,layer2.2.conv2,128,128,3,1,1,0.8660255968570709,0.02001696758688414,0.49252248573124024,l40s
resnet152,gemm,320,layer2.2.conv3,128,512,1,1,0,0.9819808006286621,0.0176537310061426,0.5584680483131302,l40s
resnet152,gemm,320,layer2.3.conv1,512,128,1,1,0,1.0763488054275512,0.03543325618455629,0.6121366286249859,l40s
resnet152,gemm,320,layer2.3.conv2,128,128,3,1,1,0.8611248016357422,0.017070774115867184,0.4897353257982909,l40s
resnet152,gemm,320,layer2.3.conv3,128,512,1,1,0,0.984473592042923,0.025068371223455663,0.5598857383077642,l40s
resnet152,gemm,320,layer2.4.conv1,512,128,1,1,0,1.0758128046989441,0.029484734848575982,0.6118317965135963,l40s
resnet152,gemm,320,layer2.4.conv2,128,128,3,1,1,0.8526832014322281,0.022591133565528394,0.4849344539408389,l40s
resnet152,gemm,320,layer2.4.conv3,128,512,1,1,0,0.9814304053783417,0.01772048024764381,0.558155029809051,l40s
resnet152,gemm,320,layer2.5.conv1,512,128,1,1,0,1.0688672006130218,0.02067398841269995,0.6078817213637181,l40s
resnet152,gemm,320,layer2.5.conv2,128,128,3,1,1,0.8577087998390198,0.01501427146531615,0.4877925914238221,l40s
resnet152,gemm,320,layer2.5.conv3,128,512,1,1,0,0.9850159972906113,0.0289699096156752,0.5601942127706838,l40s
resnet152,gemm,320,layer2.6.conv1,512,128,1,1,0,1.0796335935592651,0.03295090218966978,0.6140047397080803,l40s
resnet152,gemm,320,layer2.6.conv2,128,128,3,1,1,0.8564655959606171,0.024663927725053526,0.4870855616701014,l40s
resnet152,gemm,320,layer2.6.conv3,128,512,1,1,0,0.987419205904007,0.028107807326074673,0.5615609556063413,l40s
resnet152,gemm,320,layer2.7.conv1,512,128,1,1,0,1.0677679896354675,0.028227498773182497,0.6072565826553787,l40s
resnet152,gemm,320,layer2.7.conv2,128,128,3,1,1,0.8499552100896836,0.024233175450924273,0.4833830020184483,l40s
resnet152,gemm,320,layer2.7.conv3,128,512,1,1,0,0.973921599984169,0.02524993980750057,0.553884653146939,l40s
resnet152,gemm,320,layer3.0.conv1,512,256,1,1,0,1.333380800485611,0.030580223210982395,0.7583147988521513,l40s
resnet152,gemm,320,layer3.0.conv2,256,256,3,2,1,1.1656864047050477,0.019891687184980102,0.6629443375715794,l40s
resnet152,gemm,320,layer3.0.conv3,256,1024,1,1,0,0.8018608063459396,0.02363372930797253,0.4560309521857457,l40s
resnet152,gemm,320,layer3.0.downsample.0,512,1024,1,2,0,1.4383711993694306,0.03507735365310132,0.8180245030731774,l40s
resnet152,gemm,320,layer3.1.conv1,1024,256,1,1,0,0.9368511974811554,0.028666855506383728,0.5328021275794469,l40s
resnet152,gemm,320,layer3.1.conv2,256,256,3,1,1,1.0842368006706238,0.029365988126059547,0.6166226565653303,l40s
resnet152,gemm,320,layer3.1.conv3,256,1024,1,1,0,0.7931936055421829,0.0243597009458848,0.451101777690569,l40s
resnet152,gemm,320,layer3.2.conv1,1024,256,1,1,0,0.9439727991819382,0.031097305398906365,0.5368522953629243,l40s
resnet152,gemm,320,layer3.2.conv2,256,256,3,1,1,1.0734176158905029,0.022326259806982024,0.6104696146681516,l40s
resnet152,gemm,320,layer3.2.conv3,256,1024,1,1,0,0.7876303970813752,0.014161890800616531,0.44793789284732427,l40s
resnet152,gemm,320,layer3.3.conv1,1024,256,1,1,0,0.946969598531723,0.028740207352184282,0.5385566226603511,l40s
resnet152,gemm,320,layer3.3.conv2,256,256,3,1,1,1.0959919929504394,0.0291643093960808,0.6233080207657824,l40s
resnet152,gemm,320,layer3.3.conv3,256,1024,1,1,0,0.7929568022489548,0.017039115473208716,0.4509671039037511,l40s
resnet152,gemm,320,layer3.4.conv1,1024,256,1,1,0,0.9361248016357422,0.01487510566213689,0.532389014746863,l40s
resnet152,gemm,320,layer3.4.conv2,256,256,3,1,1,1.0842063903808594,0.03046237305187347,0.6166053617514577,l40s
resnet152,gemm,320,layer3.4.conv3,256,1024,1,1,0,0.7944431960582733,0.020103848911885772,0.4518124396263878,l40s
resnet152,gemm,320,layer3.5.conv1,1024,256,1,1,0,0.9393872022628784,0.02795271506518663,0.5342443937012028,l40s
resnet152,gemm,320,layer3.5.conv2,256,256,3,1,1,1.0781904220581056,0.03018238229623433,0.6131839851972816,l40s
resnet152,gemm,320,layer3.5.conv3,256,1024,1,1,0,0.7873471975326538,0.025670206037383483,0.44777683277450375,l40s
resnet152,gemm,320,layer3.6.conv1,1024,256,1,1,0,0.9285504013299942,0.025482406079979026,0.5280813332186851,l40s
resnet152,gemm,320,layer3.6.conv2,256,256,3,1,1,1.0814927995204926,0.02091292861331065,0.6150620996115674,l40s
resnet152,gemm,320,layer3.6.conv3,256,1024,1,1,0,0.7989311993122101,0.031005158145538815,0.4543648382236358,l40s
resnet152,gemm,320,layer3.7.conv1,1024,256,1,1,0,0.9413503974676132,0.027213805941114284,0.5353608939359773,l40s
resnet152,gemm,320,layer3.7.conv2,256,256,3,1,1,1.0873712003231049,0.030068242675872527,0.6184052393362296,l40s
resnet152,gemm,320,layer3.7.conv3,256,1024,1,1,0,0.7809568017721176,0.016895882313181187,0.4441425134007946,l40s
resnet152,gemm,320,layer3.8.conv1,1024,256,1,1,0,0.9429071992635727,0.027218311999841847,0.5362462717967699,l40s
resnet152,gemm,320,layer3.8.conv2,256,256,3,1,1,1.0944624066352844,0.03448714028070296,0.622438120780361,l40s
resnet152,gemm,320,layer3.8.conv3,256,1024,1,1,0,0.7866095989942551,0.016780292764784235,0.4473573487928267,l40s
resnet152,gemm,320,layer3.9.conv1,1024,256,1,1,0,0.9345871895551682,0.0281949134609473,0.531514550381418,l40s
resnet152,gemm,320,layer3.9.conv2,256,256,3,1,1,1.079859209060669,0.021625489665066968,0.6141330508203318,l40s
resnet152,gemm,320,layer3.9.conv3,256,1024,1,1,0,0.7937296032905579,0.0240644541713446,0.4514066081070533,l40s
resnet152,gemm,320,layer3.10.conv1,1024,256,1,1,0,0.9445888042449951,0.029945359121372264,0.537202627207596,l40s
resnet152,gemm,320,layer3.10.conv2,256,256,3,1,1,1.0699327886104584,0.023876343625495955,0.6084877381502515,l40s
resnet152,gemm,320,layer3.10.conv3,256,1024,1,1,0,0.7903551965951919,0.024453660834439308,0.4494875295261184,l40s
resnet152,gemm,320,layer3.11.conv1,1024,256,1,1,0,0.9300464063882827,0.02671121431190088,0.5289321350109747,l40s
resnet152,gemm,320,layer3.11.conv2,256,256,3,1,1,1.0693599879741669,0.020611848284238603,0.6081619773479857,l40s
resnet152,gemm,320,layer3.11.conv3,256,1024,1,1,0,0.7953808039426804,0.02737220947487416,0.4523456720938175,l40s
resnet152,gemm,320,layer3.12.conv1,1024,256,1,1,0,0.9335119992494583,0.027770123078385448,0.5309030726099477,l40s
resnet152,gemm,320,layer3.12.conv2,256,256,3,1,1,1.07257120013237,0.025932077875023246,0.6099882446085707,l40s
resnet152,gemm,320,layer3.12.conv3,256,1024,1,1,0,0.8382512032985687,0.19907450362391377,0.4767267478168458,l40s
resnet152,gemm,320,layer3.13.conv1,1024,256,1,1,0,0.9509696006774903,0.053653009896074494,0.5408314872912734,l40s
resnet152,gemm,320,layer3.13.conv2,256,256,3,1,1,1.0890271961688995,0.034093144105602755,0.6193470304256515,l40s
resnet152,gemm,320,layer3.13.conv3,256,1024,1,1,0,0.7940175950527191,0.02405745579260932,0.4515703935876263,l40s
resnet152,gemm,320,layer3.14.conv1,1024,256,1,1,0,0.9308992028236389,0.03008992030378127,0.5294171338628432,l40s
resnet152,gemm,320,layer3.14.conv2,256,256,3,1,1,1.0740672051906586,0.02593356088143465,0.6108390464008604,l40s
resnet152,gemm,320,layer3.14.conv3,256,1024,1,1,0,0.7952656000852585,0.025623134088250198,0.45228015383381553,l40s
resnet152,gemm,320,layer3.15.conv1,1024,256,1,1,0,0.9300768047571182,0.025010343000578875,0.5289494230452261,l40s
resnet152,gemm,320,layer3.15.conv2,256,256,3,1,1,1.0673439979553223,0.026352998778968344,0.6070154518654894,l40s
resnet152,gemm,320,layer3.15.conv3,256,1024,1,1,0,0.787323197722435,0.02621748583472064,0.44776318370197177,l40s
resnet152,gemm,320,layer3.16.conv1,1024,256,1,1,0,0.9356784045696258,0.023196954122520194,0.5321351416587872,l40s
resnet152,gemm,320,layer3.16.conv2,256,256,3,1,1,1.0842336058616637,0.03155386897229956,0.6166208396268286,l40s
resnet152,gemm,320,layer3.16.conv3,256,1024,1,1,0,0.7923375993967057,0.021292004662723824,0.4506149534256723,l40s
resnet152,gemm,320,layer3.17.conv1,1024,256,1,1,0,0.938086399435997,0.033494788623572226,0.5335046065123866,l40s
resnet152,gemm,320,layer3.17.conv2,256,256,3,1,1,1.0820576012134553,0.024694632201808453,0.6153833112879574,l40s
resnet152,gemm,320,layer3.17.conv3,256,1024,1,1,0,0.7917360007762909,0.02383475978666065,0.4502728147533115,l40s
resnet152,gemm,320,layer3.18.conv1,1024,256,1,1,0,0.9456896007061004,0.03266586147925822,0.5378286676055649,l40s
resnet152,gemm,320,layer3.18.conv2,256,256,3,1,1,1.0819759905338286,0.027468172410746682,0.6153368980007085,l40s
resnet152,gemm,320,layer3.18.conv3,256,1024,1,1,0,0.7857247978448868,0.01864106395573997,0.44685414835274007,l40s
resnet152,gemm,320,layer3.19.conv1,1024,256,1,1,0,0.9419408023357392,0.03154249018917231,0.5356966665439609,l40s
resnet152,gemm,320,layer3.19.conv2,256,256,3,1,1,1.0800159871578217,0.014722341548955008,0.6142222130095304,l40s
resnet152,gemm,320,layer3.19.conv3,256,1024,1,1,0,0.7894607961177826,0.02143994133572738,0.4489788697960001,l40s
resnet152,gemm,320,layer3.20.conv1,1024,256,1,1,0,0.9351327985525131,0.02467838233049103,0.5318248468675553,l40s
resnet152,gemm,320,layer3.20.conv2,256,256,3,1,1,1.0771216094493865,0.026434878257510116,0.6125761345231935,l40s
resnet152,gemm,320,layer3.20.conv3,256,1024,1,1,0,0.778329598903656,0.013620076708889463,0.4426483814813792,l40s
resnet152,gemm,320,layer3.21.conv1,1024,256,1,1,0,0.940036803483963,0.030080967153261137,0.5346138322135329,l40s
resnet152,gemm,320,layer3.21.conv2,256,256,3,1,1,1.0693327963352204,0.029052802523477913,0.6081465130318574,l40s
resnet152,gemm,320,layer3.21.conv3,256,1024,1,1,0,0.7908767998218537,0.024134755684871577,0.4497841735499131,l40s
resnet152,gemm,320,layer3.22.conv1,1024,256,1,1,0,0.9441103994846344,0.030471217786490118,0.5369305508363967,l40s
resnet152,gemm,320,layer3.22.conv2,256,256,3,1,1,1.0872720003128051,0.028996653877341558,0.6183488227177892,l40s
resnet152,gemm,320,layer3.22.conv3,256,1024,1,1,0,0.791007998585701,0.017466383146999703,0.44985878836676085,l40s
resnet152,gemm,320,layer3.23.conv1,1024,256,1,1,0,0.9484863996505737,0.02815760936329022,0.539419251501955,l40s
resnet152,gemm,320,layer3.23.conv2,256,256,3,1,1,1.0831136047840118,0.02450179749401956,0.6159838772589855,l40s
resnet152,gemm,320,layer3.23.conv3,256,1024,1,1,0,0.7864607959985733,0.02301877606205468,0.44727272217026104,l40s
resnet152,gemm,320,layer3.24.conv1,1024,256,1,1,0,0.9305423974990845,0.023661231691094905,0.5292142130184601,l40s
resnet152,gemm,320,layer3.24.conv2,256,256,3,1,1,1.0837824046611786,0.03320504277830721,0.616364234351379,l40s
resnet152,gemm,320,layer3.24.conv3,256,1024,1,1,0,0.7873663961887359,0.022834773458835785,0.4477877513545672,l40s
resnet152,gemm,320,layer3.25.conv1,1024,256,1,1,0,0.9402495980262756,0.030271613344820286,0.534734851843103,l40s
resnet152,gemm,320,layer3.25.conv2,256,256,3,1,1,1.0752639949321747,0.016618869518285413,0.6115196796991468,l40s
resnet152,gemm,320,layer3.25.conv3,256,1024,1,1,0,0.7856463968753815,0.025474218759772172,0.4468095604785195,l40s
resnet152,gemm,320,layer3.26.conv1,1024,256,1,1,0,0.9327615946531296,0.02916315193218785,0.5304763056201159,l40s
resnet152,gemm,320,layer3.26.conv2,256,256,3,1,1,1.0682240068912505,0.02696929534862726,0.6075159268978234,l40s
resnet152,gemm,320,layer3.26.conv3,256,1024,1,1,0,0.7956496000289917,0.021244558717201448,0.45249854068923234,l40s
resnet152,gemm,320,layer3.27.conv1,1024,256,1,1,0,0.931836798787117,0.021493161237544522,0.5299503595506516,l40s
resnet152,gemm,320,layer3.27.conv2,256,256,3,1,1,1.086980789899826,0.03315278406080348,0.618183206739472,l40s
resnet152,gemm,320,layer3.27.conv3,256,1024,1,1,0,0.7878719985485076,0.01753556290919353,0.44807529543170543,l40s
resnet152,gemm,320,layer3.28.conv1,1024,256,1,1,0,0.9301359981298447,0.030058795037666168,0.5289830872546674,l40s
resnet152,gemm,320,layer3.28.conv2,256,256,3,1,1,1.0816128075122833,0.028188591462076414,0.6151303500589431,l40s
resnet152,gemm,320,layer3.28.conv3,256,1024,1,1,0,0.7878783971071244,0.020293188013826274,0.4480789343934249,l40s
resnet152,gemm,320,layer3.29.conv1,1024,256,1,1,0,0.9344255864620209,0.028853344557705295,0.5314226441405082,l40s
resnet152,gemm,320,layer3.29.conv2,256,256,3,1,1,1.0707887887954712,0.027963623289937456,0.6089745590253376,l40s
resnet152,gemm,320,layer3.29.conv3,256,1024,1,1,0,0.7877167999744416,0.018455373217611436,0.4479870315423257,l40s
resnet152,gemm,320,layer3.30.conv1,1024,256,1,1,0,0.9328943997621536,0.03141988461744834,0.5305518339909305,l40s
resnet152,gemm,320,layer3.30.conv2,256,256,3,1,1,1.0813168048858643,0.0245820961585343,0.6149620086728733,l40s
resnet152,gemm,320,layer3.30.conv3,256,1024,1,1,0,0.7819855988025666,0.014670465004875732,0.4447276065811677,l40s
resnet152,gemm,320,layer3.31.conv1,1024,256,1,1,0,0.9497535973787308,0.030964164953459702,0.5401399269383971,l40s
resnet152,gemm,320,layer3.31.conv2,256,256,3,1,1,1.0640896141529084,0.01994074497756639,0.605164632206457,l40s
resnet152,gemm,320,layer3.31.conv3,256,1024,1,1,0,0.7885840028524399,0.020476155913139504,0.448480223566505,l40s
resnet152,gemm,320,layer3.32.conv1,1024,256,1,1,0,0.9302560091018677,0.022361314686015616,0.5290513393969485,l40s
resnet152,gemm,320,layer3.32.conv2,256,256,3,1,1,1.0746928036212922,0.0325061872355082,0.6111948341457533,l40s
resnet152,gemm,320,layer3.32.conv3,256,1024,1,1,0,0.7828511953353882,0.01772711805901209,0.44521988505138016,l40s
resnet152,gemm,320,layer3.33.conv1,1024,256,1,1,0,0.9312655925750732,0.029790496518217913,0.5296255055227316,l40s
resnet152,gemm,320,layer3.33.conv2,256,256,3,1,1,1.0818368017673492,0.028181278245917683,0.6152577391427012,l40s
resnet152,gemm,320,layer3.33.conv3,256,1024,1,1,0,0.793204802274704,0.02255989804165905,0.4511081454498516,l40s
resnet152,gemm,320,layer3.34.conv1,1024,256,1,1,0,0.9324943989515304,0.02832008150789228,0.5303243471888571,l40s
resnet152,gemm,320,layer3.34.conv2,256,256,3,1,1,1.0755423843860625,0.028117253017847607,0.6116780041947827,l40s
resnet152,gemm,320,layer3.34.conv3,256,1024,1,1,0,0.7926671922206878,0.022189967882307732,0.4508023980895899,l40s
resnet152,gemm,320,layer3.35.conv1,1024,256,1,1,0,0.9385663986206054,0.030937856822648182,0.5337775896579313,l40s
resnet152,gemm,320,layer3.35.conv2,256,256,3,1,1,1.0718367874622345,0.02867368908463898,0.6095705724806794,l40s
resnet152,gemm,320,layer3.35.conv3,256,1024,1,1,0,0.7943264007568359,0.022539511627104245,0.4517460162869456,l40s
resnet152,gemm,320,layer4.0.conv1,1024,512,1,1,0,1.2013696074485778,0.027571880036184028,0.6832379406450644,l40s
resnet152,gemm,320,layer4.0.conv2,512,512,3,2,1,1.8037760078907012,0.02108439012552121,1.0258360103128952,l40s
resnet152,gemm,320,layer4.0.conv3,512,2048,1,1,0,0.9884496033191681,0.01882696625231483,0.5621469589508705,l40s
resnet152,gemm,320,layer4.0.downsample.0,1024,2048,1,2,0,1.7770336091518402,0.02733488097290769,1.010627184212281,l40s
resnet152,gemm,320,layer4.1.conv1,2048,512,1,1,0,1.0748304009437561,0.024894564103254475,0.6112730879243203,l40s
resnet152,gemm,320,layer4.1.conv2,512,512,3,1,1,1.8010223984718323,0.03423095652377177,1.0242699889843845,l40s
resnet152,gemm,320,layer4.1.conv3,512,2048,1,1,0,1.0136879980564117,0.022952655051712102,0.5765004341333195,l40s
resnet152,gemm,320,layer4.2.conv1,2048,512,1,1,0,1.065774405002594,0.018755511946384053,0.6061227994710688,l40s
resnet152,gemm,320,layer4.2.conv2,512,512,3,1,1,1.7721776008605956,0.02194377041570047,1.0078654953164619,l40s
resnet152,gemm,320,layer4.2.conv3,512,2048,1,1,0,1.0137168049812317,0.025875112851787303,0.5765168170881306,l40s
resnet152,gemm,322,conv1,3,64,7,2,3,1.3301023960113525,0.05742704995367675,0.7274376632356043,l40s
resnet152,gemm,322,layer1.0.conv1,64,64,1,1,0,0.8312016010284424,0.025088443356358243,0.45458706949405614,l40s
resnet152,gemm,322,layer1.0.conv2,64,64,3,1,1,0.9745776057243347,0.021371438832206102,0.5329999090865553,l40s
resnet152,gemm,322,layer1.0.conv3,64,256,1,1,0,1.5681392014026643,0.033495075369024505,0.8576208265748922,l40s
resnet152,gemm,322,layer1.0.downsample.0,64,256,1,1,0,1.4931599915027618,0.1576564158322208,0.8166144338306968,l40s
resnet152,gemm,322,layer1.1.conv1,256,64,1,1,0,1.2625215888023376,0.02375232854253098,0.690477482859174,l40s
resnet152,gemm,322,layer1.1.conv2,64,64,3,1,1,0.9498671948909759,0.035887363559471426,0.5194856987760456,l40s
resnet152,gemm,322,layer1.1.conv3,64,256,1,1,0,1.383540815114975,0.10950844298354365,0.7566633219791078,l40s
resnet152,gemm,322,layer1.2.conv1,256,64,1,1,0,1.2580959916114807,0.01902341489027114,0.6880571082409543,l40s
resnet152,gemm,322,layer1.2.conv2,64,64,3,1,1,0.9458351999521255,0.03029215939057936,0.5172805866092751,l40s
resnet152,gemm,322,layer1.2.conv3,64,256,1,1,0,1.4051183879375457,0.07373201107482907,0.7684641721989227,l40s
resnet152,gemm,322,layer2.0.conv1,256,128,1,1,0,1.8586607933044434,0.05045356805094382,1.0165081036493968,l40s
resnet152,gemm,322,layer2.0.conv2,128,128,3,2,1,1.075985610485077,0.02336141886297956,0.5884603023899214,l40s
resnet152,gemm,322,layer2.0.conv3,128,512,1,1,0,1.0815232038497924,0.04449189920443457,0.5914888316138799,l40s
resnet152,gemm,322,layer2.0.downsample.0,256,512,1,2,0,1.936233603954315,0.03824484462519675,1.0589329457359746,l40s
resnet152,gemm,322,layer2.1.conv1,512,128,1,1,0,1.0889215886592865,0.030344204158630154,0.5955350342022484,l40s
resnet152,gemm,322,layer2.1.conv2,128,128,3,1,1,0.8678608030080796,0.031295986389782836,0.47463611557059715,l40s
resnet152,gemm,322,layer2.1.conv3,128,512,1,1,0,1.086331206560135,0.07104389691577426,0.5941183451512814,l40s
resnet152,gemm,322,layer2.2.conv1,512,128,1,1,0,1.073656004667282,0.0272780342959186,0.5871862328014157,l40s
resnet152,gemm,322,layer2.2.conv2,128,128,3,1,1,0.8545807957649231,0.027076340071106392,0.46737323305442197,l40s
resnet152,gemm,322,layer2.2.conv3,128,512,1,1,0,1.1288255989551543,0.04276008048951227,0.6173586773220582,l40s
resnet152,gemm,322,layer2.3.conv1,512,128,1,1,0,1.0654032111167908,0.024448772699941522,0.5826727510773485,l40s
resnet152,gemm,322,layer2.3.conv2,128,128,3,1,1,0.8590543985366821,0.027083617390497177,0.46981986209312715,l40s
resnet152,gemm,322,layer2.3.conv3,128,512,1,1,0,1.125387191772461,0.05472662568466672,0.6154782003800335,l40s
resnet152,gemm,322,layer2.4.conv1,512,128,1,1,0,1.062153595685959,0.027672078703542612,0.5808955250062524,l40s
resnet152,gemm,322,layer2.4.conv2,128,128,3,1,1,0.8530655980110169,0.027813426630771874,0.4665445660910764,l40s
resnet152,gemm,322,layer2.4.conv3,128,512,1,1,0,1.1125279873609544,0.055503072017408596,0.6084454564076699,l40s
resnet152,gemm,322,layer2.5.conv1,512,128,1,1,0,1.0721503973007203,0.022115930280196146,0.5863628108545291,l40s
resnet152,gemm,322,layer2.5.conv2,128,128,3,1,1,0.8633583933115005,0.029682782286560197,0.4721737319237213,l40s
resnet152,gemm,322,layer2.5.conv3,128,512,1,1,0,1.1256368100643157,0.05416176036067715,0.6156147174989202,l40s
resnet152,gemm,322,layer2.6.conv1,512,128,1,1,0,1.0703024029731751,0.035559466726351595,0.5853521362783963,l40s
resnet152,gemm,322,layer2.6.conv2,128,128,3,1,1,0.8742240011692047,0.0275436749437771,0.47811617095198344,l40s
resnet152,gemm,322,layer2.6.conv3,128,512,1,1,0,1.1137615978717803,0.0405761045124277,0.609120122320632,l40s
resnet152,gemm,322,layer2.7.conv1,512,128,1,1,0,1.0696176052093507,0.026028104901819973,0.5849776179807079,l40s
resnet152,gemm,322,layer2.7.conv2,128,128,3,1,1,0.8558176010847092,0.027061564363179587,0.4680496462196042,l40s
resnet152,gemm,322,layer2.7.conv3,128,512,1,1,0,1.1253360003232955,0.060320952574878725,0.6154502035970263,l40s
resnet152,gemm,322,layer3.0.conv1,512,256,1,1,0,1.3615535974502564,0.031873643661757566,0.7446384355590558,l40s
resnet152,gemm,322,layer3.0.conv2,256,256,3,2,1,1.3291887998580934,0.040363435854578605,0.7269380142966498,l40s
resnet152,gemm,322,layer3.0.conv3,256,1024,1,1,0,0.8740688025951385,0.03308196391620219,0.47803129230775665,l40s
resnet152,gemm,322,layer3.0.downsample.0,512,1024,1,2,0,1.5039200007915496,0.04850529248060933,0.8224991206314283,l40s
resnet152,gemm,322,layer3.1.conv1,1024,256,1,1,0,0.9463360071182251,0.021964326412939657,0.5175544798040634,l40s
resnet152,gemm,322,layer3.1.conv2,256,256,3,1,1,1.1186767876148225,0.023230400483116618,0.6118082568219758,l40s
resnet152,gemm,322,layer3.1.conv3,256,1024,1,1,0,0.837596806883812,0.04382503454825225,0.458084629995632,l40s
resnet152,gemm,322,layer3.2.conv1,1024,256,1,1,0,0.959508803486824,0.021491694403671723,0.5247587283171007,l40s
resnet152,gemm,322,layer3.2.conv2,256,256,3,1,1,1.0962943971157073,0.025623057575572396,0.5995672489934596,l40s
resnet152,gemm,322,layer3.2.conv3,256,1024,1,1,0,0.8537519991397857,0.03894716771462573,0.46691996127467367,l40s
resnet152,gemm,322,layer3.3.conv1,1024,256,1,1,0,0.945961594581604,0.030147460879329856,0.5173497122752306,l40s
resnet152,gemm,322,layer3.3.conv2,256,256,3,1,1,1.0793696105480195,0.027906302219689656,0.5903110238874226,l40s
resnet152,gemm,322,layer3.3.conv3,256,1024,1,1,0,0.8081968069076538,0.026207313724358763,0.4420056669429252,l40s
resnet152,gemm,322,layer3.4.conv1,1024,256,1,1,0,0.9467168062925339,0.022936510528832596,0.5177627402074368,l40s
resnet152,gemm,322,layer3.4.conv2,256,256,3,1,1,1.0951535999774933,0.031158965276569067,0.5989433430393489,l40s
resnet152,gemm,322,layer3.4.conv3,256,1024,1,1,0,0.8014991998672485,0.015089297775044117,0.4383427221731443,l40s
resnet152,gemm,322,layer3.5.conv1,1024,256,1,1,0,0.9492255955934524,0.023549069135329847,0.5191348058710153,l40s
resnet152,gemm,322,layer3.5.conv2,256,256,3,1,1,1.094057595729828,0.02274810571416483,0.598343934474107,l40s
resnet152,gemm,322,layer3.5.conv3,256,1024,1,1,0,0.8081824004650116,0.02316823822118593,0.44199778800894035,l40s
resnet152,gemm,322,layer3.6.conv1,1024,256,1,1,0,0.9482799977064132,0.027147540107558963,0.51861765507167,l40s
resnet152,gemm,322,layer3.6.conv2,256,256,3,1,1,1.0924480080604553,0.024550744515085182,0.5974636453350961,l40s
resnet152,gemm,322,layer3.6.conv3,256,1024,1,1,0,0.8122992038726806,0.029976820919672294,0.4442492822246154,l40s
resnet152,gemm,322,layer3.7.conv1,1024,256,1,1,0,0.9486415922641754,0.026330162938074733,0.5188154124029297,l40s
resnet152,gemm,322,layer3.7.conv2,256,256,3,1,1,1.095227211713791,0.02297721209486113,0.5989836015559863,l40s
resnet152,gemm,322,layer3.7.conv3,256,1024,1,1,0,0.8156207919120788,0.028496727629173758,0.4460658703676463,l40s
resnet152,gemm,322,layer3.8.conv1,1024,256,1,1,0,0.9398400038480759,0.025410926055540756,0.5140017928429854,l40s
resnet152,gemm,322,layer3.8.conv2,256,256,3,1,1,1.0939455807209015,0.02667060474486207,0.5982826730730412,l40s
resnet152,gemm,322,layer3.8.conv3,256,1024,1,1,0,0.8129744023084641,0.02472183347114777,0.4446185506161464,l40s
resnet152,gemm,322,layer3.9.conv1,1024,256,1,1,0,0.9549919933080673,0.02469903032065849,0.5222884689960389,l40s
resnet152,gemm,322,layer3.9.conv2,256,256,3,1,1,1.087121593952179,0.023092063531176547,0.5945506107868022,l40s
resnet152,gemm,322,layer3.9.conv3,256,1024,1,1,0,0.8066512048244476,0.020085760977921103,0.4411603717452989,l40s
resnet152,gemm,322,layer3.10.conv1,1024,256,1,1,0,0.9537231981754303,0.017950454570963337,0.5215945604900638,l40s
resnet152,gemm,322,layer3.10.conv2,256,256,3,1,1,1.091425597667694,0.029418839913996825,0.5969044855070947,l40s
resnet152,gemm,322,layer3.10.conv3,256,1024,1,1,0,0.8163536041975021,0.024843144470289496,0.4464666479755186,l40s
resnet152,gemm,322,layer3.11.conv1,1024,256,1,1,0,0.96491519510746,0.027013238456301665,0.5277155028472763,l40s
resnet152,gemm,322,layer3.11.conv2,256,256,3,1,1,1.095067209005356,0.032803691599778306,0.5988960955138316,l40s
resnet152,gemm,322,layer3.11.conv3,256,1024,1,1,0,0.8037279963493347,0.013738164805013027,0.43956165878255,l40s
resnet152,gemm,322,layer3.12.conv1,1024,256,1,1,0,0.9407408028841019,0.024358487866326238,0.514494442993663,l40s
resnet152,gemm,322,layer3.12.conv2,256,256,3,1,1,1.094382405281067,0.019059110965477317,0.5985215739563443,l40s
resnet152,gemm,322,layer3.12.conv3,256,1024,1,1,0,0.8159951984882354,0.027246788759517263,0.4462706346366801,l40s
resnet152,gemm,322,layer3.13.conv1,1024,256,1,1,0,0.9512879967689514,0.031138380701334335,0.5202627403039268,l40s
resnet152,gemm,322,layer3.13.conv2,256,256,3,1,1,1.0885855853557587,0.026555000826962542,0.5953512728176432,l40s
resnet152,gemm,322,layer3.13.conv3,256,1024,1,1,0,0.8025871992111206,0.023372552974662914,0.43893775282843944,l40s
resnet152,gemm,322,layer3.14.conv1,1024,256,1,1,0,0.9581215977668762,0.03551788635048345,0.5240000606458206,l40s
resnet152,gemm,322,layer3.14.conv2,256,256,3,1,1,1.0922943949699402,0.02118815611301454,0.5973796337973816,l40s
resnet152,gemm,322,layer3.14.conv3,256,1024,1,1,0,0.8037439942359924,0.01718841742799356,0.439570408082846,l40s
resnet152,gemm,322,layer3.15.conv1,1024,256,1,1,0,0.9563231945037842,0.027164525149082287,0.5230165075966855,l40s
resnet152,gemm,322,layer3.15.conv2,256,256,3,1,1,1.0929104030132293,0.021710130094120057,0.5977165307557574,l40s
resnet152,gemm,322,layer3.15.conv3,256,1024,1,1,0,0.8044672042131424,0.01813515282528853,0.4399659341546614,l40s
resnet152,gemm,322,layer3.16.conv1,1024,256,1,1,0,0.9531439989805222,0.03335336174560732,0.5212777944199061,l40s
resnet152,gemm,322,layer3.16.conv2,256,256,3,1,1,1.093889594078064,0.02317371383333035,0.5982520537818045,l40s
resnet152,gemm,322,layer3.16.conv3,256,1024,1,1,0,0.8157184034585953,0.0248976652838018,0.44611925446462686,l40s
resnet152,gemm,322,layer3.17.conv1,1024,256,1,1,0,0.9527264058589935,0.03254324499691401,0.5210494112778119,l40s
resnet152,gemm,322,layer3.17.conv2,256,256,3,1,1,1.0948015987873077,0.02810651395713611,0.5987508323544478,l40s
resnet152,gemm,322,layer3.17.conv3,256,1024,1,1,0,0.8097455978393555,0.02118732522306349,0.44285270613297256,l40s
resnet152,gemm,322,layer3.18.conv1,1024,256,1,1,0,0.9604527980089188,0.027684304974996316,0.525275002230537,l40s
resnet152,gemm,322,layer3.18.conv2,256,256,3,1,1,1.0977967977523804,0.030403281071092112,0.6003889171685284,l40s
resnet152,gemm,322,layer3.18.conv3,256,1024,1,1,0,0.8105504035949707,0.01826455104447823,0.44329285722207584,l40s
resnet152,gemm,322,layer3.19.conv1,1024,256,1,1,0,0.9494912058115006,0.025762988006817398,0.519280069030399,l40s
resnet152,gemm,322,layer3.19.conv2,256,256,3,1,1,1.095739197731018,0.026931625930097416,0.5992636085036451,l40s
resnet152,gemm,322,layer3.19.conv3,256,1024,1,1,0,0.8148031949996948,0.029967425745489794,0.44561872375006495,l40s
resnet152,gemm,322,layer3.20.conv1,1024,256,1,1,0,0.9534032076597214,0.029594089744099793,0.5214195565552519,l40s
resnet152,gemm,322,layer3.20.conv2,256,256,3,1,1,1.0852048099040985,0.020420765725740985,0.5935023148713567,l40s
resnet152,gemm,322,layer3.20.conv3,256,1024,1,1,0,0.8082671999931336,0.02625428002913532,0.4420441651681467,l40s
resnet152,gemm,322,layer3.21.conv1,1024,256,1,1,0,0.9612543970346451,0.029573791966967133,0.5257133995478224,l40s
resnet152,gemm,322,layer3.21.conv2,256,256,3,1,1,1.0904143869876861,0.027207938109134286,0.5963514508412601,l40s
resnet152,gemm,322,layer3.21.conv3,256,1024,1,1,0,0.8063264071941376,0.02118622497299504,0.44098273878265953,l40s
resnet152,gemm,322,layer3.22.conv1,1024,256,1,1,0,0.9532239973545075,0.025868519932384572,0.5213215458110839,l40s
resnet152,gemm,322,layer3.22.conv2,256,256,3,1,1,1.0997120022773743,0.031948305415865304,0.6014363492372605,l40s
resnet152,gemm,322,layer3.22.conv3,256,1024,1,1,0,0.8034847915172577,0.020046940793628804,0.4394286492072992,l40s
resnet152,gemm,322,layer3.23.conv1,1024,256,1,1,0,0.9446559965610504,0.02597488860148444,0.5166356761408364,l40s
resnet152,gemm,322,layer3.23.conv2,256,256,3,1,1,1.092473602294922,0.020497196619828465,0.5974776429116501,l40s
resnet152,gemm,322,layer3.23.conv3,256,1024,1,1,0,0.8052671998739243,0.026652530842038235,0.4404034545860379,l40s
resnet152,gemm,322,layer3.24.conv1,1024,256,1,1,0,0.9510784029960633,0.03147048224871075,0.5201481127347746,l40s
resnet152,gemm,322,layer3.24.conv2,256,256,3,1,1,1.1055151998996735,0.027472615089131337,0.6046101383608038,l40s
resnet152,gemm,322,layer3.24.conv3,256,1024,1,1,0,0.8109344005584717,0.024456312148611468,0.4435028665075687,l40s
resnet152,gemm,322,layer3.25.conv1,1024,256,1,1,0,0.951367998123169,0.02625246662563842,0.5203064933250042,l40s
resnet152,gemm,322,layer3.25.conv2,256,256,3,1,1,1.1055136024951935,0.03157769075627609,0.6046092647346938,l40s
resnet152,gemm,322,layer3.25.conv3,256,1024,1,1,0,0.8065215975046158,0.018212832715589326,0.4410894890477266,l40s
resnet152,gemm,322,layer3.26.conv1,1024,256,1,1,0,0.9538080036640167,0.03141989694701116,0.521640940909069,l40s
resnet152,gemm,322,layer3.26.conv2,256,256,3,1,1,1.081436812877655,0.021791747365289743,0.5914415840883626,l40s
resnet152,gemm,322,layer3.26.conv3,256,1024,1,1,0,0.8137152045965195,0.024880231852179184,0.44502369798446834,l40s
resnet152,gemm,322,layer3.27.conv1,1024,256,1,1,0,0.9488527953624726,0.027456561122725362,0.51893092011779,l40s
resnet152,gemm,322,layer3.27.conv2,256,256,3,1,1,1.0983808040618896,0.027193219620055158,0.6007083122665134,l40s
resnet152,gemm,322,layer3.27.conv3,256,1024,1,1,0,0.806849604845047,0.02008898136957667,0.4412688774120832,l40s
resnet152,gemm,322,layer3.28.conv1,1024,256,1,1,0,0.9591872006654739,0.030872634637623395,0.5245828426066813,l40s
resnet152,gemm,322,layer3.28.conv2,256,256,3,1,1,1.1000016033649445,0.02959428089981726,0.6015947330872891,l40s
resnet152,gemm,322,layer3.28.conv3,256,1024,1,1,0,0.8059536039829254,0.02633654049453712,0.44077885139953465,l40s
resnet152,gemm,322,layer3.29.conv1,1024,256,1,1,0,0.9472623974084854,0.02707481541916741,0.5180611259013954,l40s
resnet152,gemm,322,layer3.29.conv2,256,256,3,1,1,1.0808223903179168,0.024676672067000135,0.5911055542364989,l40s
resnet152,gemm,322,layer3.29.conv3,256,1024,1,1,0,0.8093376010656357,0.0275837890982602,0.4426295712671364,l40s
resnet152,gemm,322,layer3.30.conv1,1024,256,1,1,0,0.9502863973379135,0.029381364424895074,0.5197149620638476,l40s
resnet152,gemm,322,layer3.30.conv2,256,256,3,1,1,1.092609602212906,0.029794589173410754,0.5975520217435619,l40s
resnet152,gemm,322,layer3.30.conv3,256,1024,1,1,0,0.8046735972166061,0.019814422301858828,0.44007881121179476,l40s
resnet152,gemm,322,layer3.31.conv1,1024,256,1,1,0,0.9495743989944458,0.027074682304845582,0.5193255676737969,l40s
resnet152,gemm,322,layer3.31.conv2,256,256,3,1,1,1.0874559998512268,0.023627474415874462,0.5947334985452972,l40s
resnet152,gemm,322,layer3.31.conv3,256,1024,1,1,0,0.8120736002922058,0.026842774511661824,0.44412589883556935,l40s
resnet152,gemm,322,layer3.32.conv1,1024,256,1,1,0,0.9483408004045486,0.030259809897324415,0.5186509082804325,l40s
resnet152,gemm,322,layer3.32.conv2,256,256,3,1,1,1.0859359979629517,0.025752561874745894,0.5939022041840238,l40s
resnet152,gemm,322,layer3.32.conv3,256,1024,1,1,0,0.8131776034832001,0.024378267229748306,0.44472968205095925,l40s
resnet152,gemm,322,layer3.33.conv1,1024,256,1,1,0,0.9414752036333084,0.02178401010179706,0.514896089337947,l40s
resnet152,gemm,322,layer3.33.conv2,256,256,3,1,1,1.094075208902359,0.02996116894618744,0.5983535671799098,l40s
resnet152,gemm,322,layer3.33.conv3,256,1024,1,1,0,0.7968159914016724,0.014804812136752443,0.435781459045689,l40s
resnet152,gemm,322,layer3.34.conv1,1024,256,1,1,0,0.9600527942180633,0.01829303134423945,0.5250562387550498,l40s
resnet152,gemm,322,layer3.34.conv2,256,256,3,1,1,1.0938448011875153,0.021037544840226713,0.5982275563929358,l40s
resnet152,gemm,322,layer3.34.conv3,256,1024,1,1,0,0.8065872013568878,0.021834046904409425,0.44112536802451746,l40s
resnet152,gemm,322,layer3.35.conv1,1024,256,1,1,0,0.9489040017127991,0.03255226967895816,0.5189589250502944,l40s
resnet152,gemm,322,layer3.35.conv2,256,256,3,1,1,1.0873712122440338,0.03254859365984171,0.5946871279056888,l40s
resnet152,gemm,322,layer3.35.conv3,256,1024,1,1,0,0.8129071980714798,0.0245747732343501,0.44458179638334605,l40s
resnet152,gemm,322,layer4.0.conv1,1024,512,1,1,0,1.23398876786232,0.028824249484017645,0.674872783061348,l40s
resnet152,gemm,322,layer4.0.conv2,512,512,3,2,1,1.922380793094635,0.023484696402944674,1.051356794913881,l40s
resnet152,gemm,322,layer4.0.conv3,512,2048,1,1,0,1.0283504098653793,0.024416907788430402,0.5624084441792575,l40s
resnet152,gemm,322,layer4.0.downsample.0,1024,2048,1,2,0,1.8249904036521911,0.03383220765914427,0.9980936495123955,l40s
resnet152,gemm,322,layer4.1.conv1,2048,512,1,1,0,1.235968005657196,0.025306056755724213,0.6759552351498561,l40s
resnet152,gemm,322,layer4.1.conv2,512,512,3,1,1,1.8856640040874482,0.0293267638922649,1.0312762542900935,l40s
resnet152,gemm,322,layer4.1.conv3,512,2048,1,1,0,1.0315407872200013,0.02659822314863055,0.5641532727388072,l40s
resnet152,gemm,322,layer4.2.conv1,2048,512,1,1,0,1.2273280024528503,0.03448344613355953,0.6712299871086793,l40s
resnet152,gemm,322,layer4.2.conv2,512,512,3,1,1,1.8569456040859222,0.024422115229426465,1.0155700606529559,l40s
resnet152,gemm,322,layer4.2.conv3,512,2048,1,1,0,1.0391535997390746,0.020481266095257737,0.5683167465932504,l40s
resnet152,gemm,325,conv1,3,64,7,2,3,1.3084448039531709,0.03191086622680286,0.7125469954856098,l40s
resnet152,gemm,325,layer1.0.conv1,64,64,1,1,0,0.8205599993467331,0.025240507344701898,0.44685687954408704,l40s
resnet152,gemm,325,layer1.0.conv2,64,64,3,1,1,0.9864239960908889,0.01757852276107206,0.5371823500432715,l40s
resnet152,gemm,325,layer1.0.conv3,64,256,1,1,0,1.4191360116004943,0.0876519638402706,0.7728267162636496,l40s
resnet152,gemm,325,layer1.0.downsample.0,64,256,1,1,0,1.3685983896255494,0.03613017641323143,0.7453051650385332,l40s
resnet152,gemm,325,layer1.1.conv1,256,64,1,1,0,1.288424003124237,0.0297869450315666,0.7016441576778768,l40s
resnet152,gemm,325,layer1.1.conv2,64,64,3,1,1,0.9592479974031448,0.02384795451756496,0.5223829667175335,l40s
resnet152,gemm,325,layer1.1.conv3,64,256,1,1,0,1.3055903971195222,0.02486777320273677,0.7109925554304658,l40s
resnet152,gemm,325,layer1.2.conv1,256,64,1,1,0,1.2792383968830108,0.020896308663941578,0.696641901480959,l40s
resnet152,gemm,325,layer1.2.conv2,64,64,3,1,1,0.9587984025478363,0.023063738993324277,0.5221381283702314,l40s
resnet152,gemm,325,layer1.2.conv3,64,256,1,1,0,1.3989056169986724,0.08618538614533225,0.7618097388203028,l40s
resnet152,gemm,325,layer2.0.conv1,256,128,1,1,0,1.8942784070968628,0.03296522316117079,1.0315776282745241,l40s
resnet152,gemm,325,layer2.0.conv2,128,128,3,2,1,1.0757503807544708,0.029896700222449262,0.5858273114641318,l40s
resnet152,gemm,325,layer2.0.conv3,128,512,1,1,0,1.0768384099006654,0.05081630210982147,0.5864198254905388,l40s
resnet152,gemm,325,layer2.0.downsample.0,256,512,1,2,0,1.8592975974082946,0.06523348278570118,1.0125279360231303,l40s
resnet152,gemm,325,layer2.1.conv1,512,128,1,1,0,1.0928911983966827,0.02637309567225127,0.5951617809612202,l40s
resnet152,gemm,325,layer2.1.conv2,128,128,3,1,1,0.877838397026062,0.018406154069534067,0.47804929213140207,l40s
resnet152,gemm,325,layer2.1.conv3,128,512,1,1,0,1.003672006726265,0.0238092314291313,0.5465751942192042,l40s
resnet152,gemm,325,layer2.2.conv1,512,128,1,1,0,1.0891103982925414,0.032079159146811115,0.5931028498189984,l40s
resnet152,gemm,325,layer2.2.conv2,128,128,3,1,1,0.8784976065158844,0.019575666468261237,0.47840828147504827,l40s
resnet152,gemm,325,layer2.2.conv3,128,512,1,1,0,1.13226078748703,0.0246600499702484,0.6166014949904824,l40s
resnet152,gemm,325,layer2.3.conv1,512,128,1,1,0,1.0704255819320678,0.028647127501589945,0.5829275564335754,l40s
resnet152,gemm,325,layer2.3.conv2,128,128,3,1,1,0.8852000027894974,0.027614555605187587,0.4820582423391887,l40s
resnet152,gemm,325,layer2.3.conv3,128,512,1,1,0,0.9973327994346619,0.02275068419715298,0.543123017179909,l40s
resnet152,gemm,325,layer2.4.conv1,512,128,1,1,0,1.0798687875270843,0.023896179118812026,0.5880700949297752,l40s
resnet152,gemm,325,layer2.4.conv2,128,128,3,1,1,0.8730320066213608,0.022439752730706072,0.4754318496289338,l40s
resnet152,gemm,325,layer2.4.conv3,128,512,1,1,0,1.0633887946605682,0.06691864275112049,0.5790954944214602,l40s
resnet152,gemm,325,layer2.5.conv1,512,128,1,1,0,1.0802879989147187,0.025290814956417725,0.5882983871846948,l40s
resnet152,gemm,325,layer2.5.conv2,128,128,3,1,1,0.8630528002977371,0.0198596237941079,0.4699974182629749,l40s
resnet152,gemm,325,layer2.5.conv3,128,512,1,1,0,1.0715487897396088,0.07397342361096501,0.5835392278974011,l40s
resnet152,gemm,325,layer2.6.conv1,512,128,1,1,0,1.0694511830806732,0.02321573816567561,0.5823969226828293,l40s
resnet152,gemm,325,layer2.6.conv2,128,128,3,1,1,0.8737391948699951,0.02390936782552261,0.47581696702959503,l40s
resnet152,gemm,325,layer2.6.conv3,128,512,1,1,0,1.0143392145633698,0.03119134276251185,0.5523842943597568,l40s
resnet152,gemm,325,layer2.7.conv1,512,128,1,1,0,1.083732807636261,0.03405847766916213,0.590174345648622,l40s
resnet152,gemm,325,layer2.7.conv2,128,128,3,1,1,0.8822175979614257,0.020566818159350693,0.4804340977110441,l40s
resnet152,gemm,325,layer2.7.conv3,128,512,1,1,0,1.0641599953174592,0.07985089571028048,0.5795154714119485,l40s
resnet152,gemm,325,layer3.0.conv1,512,256,1,1,0,1.3920463979244233,0.029712356283898542,0.7580743760996383,l40s
resnet152,gemm,325,layer3.0.conv2,256,256,3,2,1,1.3346207916736603,0.026895676962622066,0.7268017973295633,l40s
resnet152,gemm,325,layer3.0.conv3,256,1024,1,1,0,0.8525312006473541,0.0237365779561401,0.46426761277486267,l40s
resnet152,gemm,325,layer3.0.downsample.0,512,1024,1,2,0,1.5032031893730164,0.03892403358459402,0.8186076424133699,l40s
resnet152,gemm,325,layer3.1.conv1,1024,256,1,1,0,0.9588463991880417,0.03263335390125567,0.5221642661650153,l40s
resnet152,gemm,325,layer3.1.conv2,256,256,3,1,1,1.1030768036842347,0.03113026722765486,0.6007086121480766,l40s
resnet152,gemm,325,layer3.1.conv3,256,1024,1,1,0,0.856036800146103,0.04171242009050439,0.4661766764072471,l40s
resnet152,gemm,325,layer3.2.conv1,1024,256,1,1,0,1.0320144027471543,0.32046226587403975,0.5620097689666697,l40s
resnet152,gemm,325,layer3.2.conv2,256,256,3,1,1,1.1932175934314728,0.41185611674471717,0.6497970786321342,l40s
resnet152,gemm,325,layer3.2.conv3,256,1024,1,1,0,0.8603727966547012,0.043831515082648154,0.4685379539141799,l40s
resnet152,gemm,325,layer3.3.conv1,1024,256,1,1,0,0.945864000916481,0.02403934274263066,0.5150943700145246,l40s
resnet152,gemm,325,layer3.3.conv2,256,256,3,1,1,1.1005343914031982,0.029513607829700722,0.5993240766853157,l40s
resnet152,gemm,325,layer3.3.conv3,256,1024,1,1,0,0.8410192042589187,0.039698490707007796,0.45799846147873013,l40s
resnet152,gemm,325,layer3.4.conv1,1024,256,1,1,0,0.9525936007499695,0.023839115229860104,0.5187591452711385,l40s
resnet152,gemm,325,layer3.4.conv2,256,256,3,1,1,1.0889023900032044,0.021844832544108534,0.5929895735988969,l40s
resnet152,gemm,325,layer3.4.conv3,256,1024,1,1,0,0.8161888033151626,0.02472455644337011,0.444476433239005,l40s
resnet152,gemm,325,layer3.5.conv1,1024,256,1,1,0,0.9521968007087708,0.028488478583730943,0.518543057686618,l40s
resnet152,gemm,325,layer3.5.conv2,256,256,3,1,1,1.0914159953594207,0.021078256200214616,0.5943584215159028,l40s
resnet152,gemm,325,layer3.5.conv3,256,1024,1,1,0,0.8021935939788818,0.018823386075504555,0.4368549849871336,l40s
resnet152,gemm,325,layer3.6.conv1,1024,256,1,1,0,0.9474559962749481,0.02758853122227676,0.515961331697643,l40s
resnet152,gemm,325,layer3.6.conv2,256,256,3,1,1,1.0884720087051392,0.017551640423154616,0.5927551984843158,l40s
resnet152,gemm,325,layer3.6.conv3,256,1024,1,1,0,0.8099824041128159,0.019787490365715806,0.4410965802325539,l40s
resnet152,gemm,325,layer3.7.conv1,1024,256,1,1,0,0.9423808068037033,0.03407684152160526,0.5131975078066162,l40s
resnet152,gemm,325,layer3.7.conv2,256,256,3,1,1,1.085590386390686,0.028616645489516142,0.5911859375448522,l40s
resnet152,gemm,325,layer3.7.conv3,256,1024,1,1,0,0.8078943938016891,0.0249914490979237,0.4399595009539773,l40s
resnet152,gemm,325,layer3.8.conv1,1024,256,1,1,0,0.9448127985000611,0.02397215510541831,0.5145219109232398,l40s
resnet152,gemm,325,layer3.8.conv2,256,256,3,1,1,1.093233597278595,0.02665571471572657,0.5953482430067166,l40s
resnet152,gemm,325,layer3.8.conv3,256,1024,1,1,0,0.8074224084615708,0.020277953438990227,0.4397024692970068,l40s
resnet152,gemm,325,layer3.9.conv1,1024,256,1,1,0,0.9339136034250259,0.025082234710645638,0.5085864762144436,l40s
resnet152,gemm,325,layer3.9.conv2,256,256,3,1,1,1.1007728099822998,0.03192623421644594,0.5994539136044532,l40s
resnet152,gemm,325,layer3.9.conv3,256,1024,1,1,0,0.8010960012674332,0.018158150050391144,0.4362572628773077,l40s
resnet152,gemm,325,layer3.10.conv1,1024,256,1,1,0,0.9499391943216324,0.02952009001560166,0.5173136205385744,l40s
resnet152,gemm,325,layer3.10.conv2,256,256,3,1,1,1.0971759915351869,0.019742322581992343,0.5974951743668069,l40s
resnet152,gemm,325,layer3.10.conv3,256,1024,1,1,0,0.8058032035827637,0.02794238612950332,0.4388206899754918,l40s
resnet152,gemm,325,layer3.11.conv1,1024,256,1,1,0,1.0568991899490356,0.4600145152380914,0.5755614146306116,l40s
resnet152,gemm,325,layer3.11.conv2,256,256,3,1,1,1.1469584107398987,0.21842973582546463,0.6246054606587093,l40s
resnet152,gemm,325,layer3.11.conv3,256,1024,1,1,0,0.8037039995193481,0.023856708998573957,0.4376775148535617,l40s
resnet152,gemm,325,layer3.12.conv1,1024,256,1,1,0,0.9409296065568924,0.023548017595975825,0.512407219693133,l40s
resnet152,gemm,325,layer3.12.conv2,256,256,3,1,1,1.0818368017673492,0.026527583738822174,0.5891418272869499,l40s
resnet152,gemm,325,layer3.12.conv3,256,1024,1,1,0,0.8077808022499084,0.016910585476432056,0.43989764177681573,l40s
resnet152,gemm,325,layer3.13.conv1,1024,256,1,1,0,0.9447247982025146,0.032508292936315054,0.5144739881163862,l40s
resnet152,gemm,325,layer3.13.conv2,256,256,3,1,1,1.0879551947116852,0.032012605260485945,0.5924737542406244,l40s
resnet152,gemm,325,layer3.13.conv3,256,1024,1,1,0,0.8152431964874267,0.024856842272388865,0.44396147891920623,l40s
resnet152,gemm,325,layer3.14.conv1,1024,256,1,1,0,0.9448928028345108,0.02919932894060928,0.514565479324418,l40s
resnet152,gemm,325,layer3.14.conv2,256,256,3,1,1,1.104611200094223,0.03278047785462649,0.6015442068544927,l40s
resnet152,gemm,325,layer3.14.conv3,256,1024,1,1,0,0.805483204126358,0.024126407410597978,0.43864642610854837,l40s
resnet152,gemm,325,layer3.15.conv1,1024,256,1,1,0,0.9491151988506317,0.03073885106662096,0.5168648927853048,l40s
resnet152,gemm,325,layer3.15.conv2,256,256,3,1,1,1.101585614681244,0.028327536514577742,0.599896547137331,l40s
resnet152,gemm,325,layer3.15.conv3,256,1024,1,1,0,0.8065791994333267,0.020115389418303604,0.43924327831101606,l40s
resnet152,gemm,325,layer3.16.conv1,1024,256,1,1,0,0.9426528006792069,0.027951523854146385,0.5133456290098912,l40s
resnet152,gemm,325,layer3.16.conv2,256,256,3,1,1,1.0953999936580658,0.0241266744458085,0.5965280094183827,l40s
resnet152,gemm,325,layer3.16.conv3,256,1024,1,1,0,0.8065343976020813,0.022981172711865283,0.4392188803309487,l40s
resnet152,gemm,325,layer3.17.conv1,1024,256,1,1,0,0.9488015979528427,0.020801751262730366,0.5166941134166787,l40s
resnet152,gemm,325,layer3.17.conv2,256,256,3,1,1,1.0960335910320282,0.02477843703856319,0.5968730510309905,l40s
resnet152,gemm,325,layer3.17.conv3,256,1024,1,1,0,0.800913605093956,0.0205626019772246,0.4361579343882446,l40s
resnet152,gemm,325,layer3.18.conv1,1024,256,1,1,0,0.9439087986946106,0.027541618977636812,0.5140296147687922,l40s
resnet152,gemm,325,layer3.18.conv2,256,256,3,1,1,1.095556801557541,0.02248088811092592,0.5966134031600994,l40s
resnet152,gemm,325,layer3.18.conv3,256,1024,1,1,0,0.8042399972677231,0.017388654412734787,0.43796940610035917,l40s
resnet152,gemm,325,layer3.19.conv1,1024,256,1,1,0,0.9514687955379486,0.034961818581955156,0.5181466038999546,l40s
resnet152,gemm,325,layer3.19.conv2,256,256,3,1,1,1.0998496115207672,0.03593460019291562,0.598951162332092,l40s
resnet152,gemm,325,layer3.19.conv3,256,1024,1,1,0,0.8098367989063263,0.027042401357629076,0.4410172872030751,l40s
resnet152,gemm,325,layer3.20.conv1,1024,256,1,1,0,0.9547024011611939,0.0280897546542609,0.5199075463290639,l40s
resnet152,gemm,325,layer3.20.conv2,256,256,3,1,1,1.0863551855087281,0.029878941569071022,0.5916024284140615,l40s
resnet152,gemm,325,layer3.20.conv3,256,1024,1,1,0,0.8059263914823532,0.02073879515795635,0.4388877750886486,l40s
resnet152,gemm,325,layer3.21.conv1,1024,256,1,1,0,0.9435392022132874,0.025851139000060412,0.5138283415767452,l40s
resnet152,gemm,325,layer3.21.conv2,256,256,3,1,1,1.0850319981575012,0.027500214342579703,0.5908818529883861,l40s
resnet152,gemm,325,layer3.21.conv3,256,1024,1,1,0,0.8030591994524002,0.02427625199699354,0.4373263725287158,l40s
resnet152,gemm,325,layer3.22.conv1,1024,256,1,1,0,0.9496736019849777,0.029353973455233166,0.5171689854565783,l40s
resnet152,gemm,325,layer3.22.conv2,256,256,3,1,1,1.0878704071044922,0.024047442991757303,0.5924275809862563,l40s
resnet152,gemm,325,layer3.22.conv3,256,1024,1,1,0,0.8086432009935379,0.023126438780736752,0.44036728301183553,l40s
resnet152,gemm,325,layer3.23.conv1,1024,256,1,1,0,0.947321605682373,0.03083656072225841,0.5158881458722482,l40s
resnet152,gemm,325,layer3.23.conv2,256,256,3,1,1,1.0913280069828033,0.024340826255129993,0.5943105052008951,l40s
resnet152,gemm,325,layer3.23.conv3,256,1024,1,1,0,0.8113872081041336,0.026000312694774142,0.4418616020815729,l40s
resnet152,gemm,325,layer3.24.conv1,1024,256,1,1,0,0.942195200920105,0.028550275697552998,0.5130964313880292,l40s
resnet152,gemm,325,layer3.24.conv2,256,256,3,1,1,1.108155208826065,0.03439809974575103,0.6034741872145503,l40s
resnet152,gemm,325,layer3.24.conv3,256,1024,1,1,0,0.8106592029333115,0.026019789759281684,0.4414651482949095,l40s
resnet152,gemm,325,layer3.25.conv1,1024,256,1,1,0,0.9420783996582032,0.02903548605163026,0.5130328242813437,l40s
resnet152,gemm,325,layer3.25.conv2,256,256,3,1,1,1.092139208316803,0.02634404087682192,0.5947522655804915,l40s
resnet152,gemm,325,layer3.25.conv3,256,1024,1,1,0,0.8035423994064331,0.018866072506095715,0.4375895113897703,l40s
resnet152,gemm,325,layer3.26.conv1,1024,256,1,1,0,0.9508351981639862,0.03364782956688595,0.5178015622873466,l40s
resnet152,gemm,325,layer3.26.conv2,256,256,3,1,1,1.0941424012184142,0.026596748881763055,0.5958431553750849,l40s
resnet152,gemm,325,layer3.26.conv3,256,1024,1,1,0,0.8044927954673767,0.02339252959125083,0.43810707380868225,l40s
resnet152,gemm,325,layer3.27.conv1,1024,256,1,1,0,0.9616207987070083,0.027110967288561213,0.5236751361960198,l40s
resnet152,gemm,325,layer3.27.conv2,256,256,3,1,1,1.100638395547867,0.0407041445159532,0.5993807147953666,l40s
resnet152,gemm,325,layer3.27.conv3,256,1024,1,1,0,0.7959551960229874,0.01620476700460306,0.43345770624317276,l40s
resnet152,gemm,325,layer3.28.conv1,1024,256,1,1,0,0.935876801609993,0.02526557163696699,0.5096555858658517,l40s
resnet152,gemm,325,layer3.28.conv2,256,256,3,1,1,1.0890608072280883,0.024836000913106747,0.5930758437398178,l40s
resnet152,gemm,325,layer3.28.conv3,256,1024,1,1,0,0.8153967976570129,0.02499110511248365,0.4440451263543606,l40s
resnet152,gemm,325,layer3.29.conv1,1024,256,1,1,0,0.9517743974924088,0.030419363086382472,0.5183130272399435,l40s
resnet152,gemm,325,layer3.29.conv2,256,256,3,1,1,1.084792000055313,0.024098068183040226,0.5907511558996593,l40s
resnet152,gemm,325,layer3.29.conv3,256,1024,1,1,0,0.7997343957424163,0.020204105739787082,0.4355157658550749,l40s
resnet152,gemm,325,layer3.30.conv1,1024,256,1,1,0,0.9506159991025924,0.020496710873448266,0.5176821918468532,l40s
resnet152,gemm,325,layer3.30.conv2,256,256,3,1,1,1.0973375916481019,0.026122891696801962,0.5975831778305983,l40s
resnet152,gemm,325,layer3.30.conv3,256,1024,1,1,0,0.8111007928848266,0.027443689869791923,0.44170562736765157,l40s
resnet152,gemm,325,layer3.31.conv1,1024,256,1,1,0,0.9455408006906509,0.024389550506972675,0.5149183630869418,l40s
resnet152,gemm,325,layer3.31.conv2,256,256,3,1,1,1.0942799925804139,0.03258178585377752,0.5959180842611194,l40s
resnet152,gemm,325,layer3.31.conv3,256,1024,1,1,0,0.8101919978857041,0.022646639325096043,0.4412107198681676,l40s
resnet152,gemm,325,layer3.32.conv1,1024,256,1,1,0,0.9492816030979156,0.026293589951876827,0.5169555124630169,l40s
resnet152,gemm,325,layer3.32.conv2,256,256,3,1,1,1.0967519938945771,0.0230168809329401,0.5972642756357357,l40s
resnet152,gemm,325,layer3.32.conv3,256,1024,1,1,0,0.811041596531868,0.023981254648138113,0.44167339048359117,l40s
resnet152,gemm,325,layer3.33.conv1,1024,256,1,1,0,0.9346304088830948,0.024267802073303247,0.5089768309118305,l40s
resnet152,gemm,325,layer3.33.conv2,256,256,3,1,1,1.0941888034343719,0.024004967874564482,0.5958684248854721,l40s
resnet152,gemm,325,layer3.33.conv3,256,1024,1,1,0,0.8085968017578125,0.02081920694978235,0.4403420151244098,l40s
resnet152,gemm,325,layer3.34.conv1,1024,256,1,1,0,0.9366895943880081,0.02658292990177176,0.5100982129068833,l40s
resnet152,gemm,325,layer3.34.conv2,256,256,3,1,1,1.0973872065544128,0.02902320583910998,0.5976101968934708,l40s
resnet152,gemm,325,layer3.34.conv3,256,1024,1,1,0,0.8073984056711196,0.02210451438304603,0.4396893979651725,l40s
resnet152,gemm,325,layer3.35.conv1,1024,256,1,1,0,0.9527600049972534,0.031142161759344585,0.5188497649488506,l40s
resnet152,gemm,325,layer3.35.conv2,256,256,3,1,1,1.09064319729805,0.030784255454530077,0.5939375746180564,l40s
resnet152,gemm,325,layer3.35.conv3,256,1024,1,1,0,0.8069344013929367,0.020941841606740282,0.43943671259907013,l40s
resnet152,gemm,325,layer4.0.conv1,1024,512,1,1,0,1.2284384071826935,0.026885296997128424,0.6689774712181777,l40s
resnet152,gemm,325,layer4.0.conv2,512,512,3,2,1,1.9256032049655913,0.028308842757212828,1.0486363460271726,l40s
resnet152,gemm,325,layer4.0.conv3,512,2048,1,1,0,1.026263990998268,0.02277289015949646,0.5588782355599149,l40s
resnet152,gemm,325,layer4.0.downsample.0,1024,2048,1,2,0,1.8128160059452056,0.03243676126623231,0.9872151996796881,l40s
resnet152,gemm,325,layer4.1.conv1,2048,512,1,1,0,1.2345424056053163,0.029441053668476914,0.6723015592678594,l40s
resnet152,gemm,325,layer4.1.conv2,512,512,3,1,1,1.8678719997406006,0.019696459181690152,1.01719734554007,l40s
resnet152,gemm,325,layer4.1.conv3,512,2048,1,1,0,1.0181727945804595,0.027856644352307027,0.5544719681499525,l40s
resnet152,gemm,325,layer4.2.conv1,2048,512,1,1,0,1.2445408046245574,0.02384205489269407,0.6777464425058086,l40s
resnet152,gemm,325,layer4.2.conv2,512,512,3,1,1,1.858870393037796,0.02537909654394151,1.0122952909854968,l40s
resnet152,gemm,325,layer4.2.conv3,512,2048,1,1,0,1.0386991918087005,0.021962108884123463,0.5656501413743317,l40s
resnet152,gemm,328,conv1,3,64,7,2,3,1.2950079977512359,0.02872305892645569,0.7122744545776618,l40s
resnet152,gemm,328,layer1.0.conv1,64,64,1,1,0,0.821111997961998,0.02594966006872986,0.4516243154568565,l40s
resnet152,gemm,328,layer1.0.conv2,64,64,3,1,1,0.9829199969768524,0.020650489645786887,0.5406212208387084,l40s
resnet152,gemm,328,layer1.0.conv3,64,256,1,1,0,1.3921312093734741,0.10670893609821955,0.7656937251189927,l40s
resnet152,gemm,328,layer1.0.downsample.0,64,256,1,1,0,1.5759567975997926,0.12286161713627354,0.8668006455539896,l40s
resnet152,gemm,328,layer1.1.conv1,256,64,1,1,0,1.2744240045547486,0.02524231006980716,0.7009529395348839,l40s
resnet152,gemm,328,layer1.1.conv2,64,64,3,1,1,0.9596640080213547,0.02119053914167037,0.5278300667472235,l40s
resnet152,gemm,328,layer1.1.conv3,64,256,1,1,0,1.353281605243683,0.09691844480592333,0.7443258411830198,l40s
resnet152,gemm,328,layer1.2.conv1,256,64,1,1,0,1.270251202583313,0.01500399712939778,0.6986578338263276,l40s
resnet152,gemm,328,layer1.2.conv2,64,64,3,1,1,0.9582591980695725,0.024828149167678552,0.5270573995174239,l40s
resnet152,gemm,328,layer1.2.conv3,64,256,1,1,0,1.460583996772766,0.0757782196099709,0.8033438183182761,l40s
resnet152,gemm,328,layer2.0.conv1,256,128,1,1,0,1.8616079926490783,0.04530502375718915,1.0239132267168058,l40s
resnet152,gemm,328,layer2.0.conv2,128,128,3,2,1,1.0732191860675813,0.026144763874752796,0.5902871733039373,l40s
resnet152,gemm,328,layer2.0.conv3,128,512,1,1,0,1.0571008026599884,0.03331051347317853,0.5814218128040384,l40s
resnet152,gemm,328,layer2.0.downsample.0,256,512,1,2,0,1.854660791158676,0.07461691729550694,1.0200921583056377,l40s
resnet152,gemm,328,layer2.1.conv1,512,128,1,1,0,1.0840847969055176,0.031168656874885684,0.5962634275407322,l40s
resnet152,gemm,328,layer2.1.conv2,128,128,3,1,1,0.8865807980298996,0.025922286037403992,0.4876331694108043,l40s
resnet152,gemm,328,layer2.1.conv3,128,512,1,1,0,1.0305919975042344,0.06296967636915714,0.5668415594259838,l40s
resnet152,gemm,328,layer2.2.conv1,512,128,1,1,0,1.077380794286728,0.02953536705331309,0.5925761222753767,l40s
resnet152,gemm,328,layer2.2.conv2,128,128,3,1,1,0.8708496004343033,0.01835160739072797,0.4789807671038579,l40s
resnet152,gemm,328,layer2.2.conv3,128,512,1,1,0,1.0377535939216613,0.07299074408467592,0.570780548367354,l40s
resnet152,gemm,328,layer2.3.conv1,512,128,1,1,0,1.082614403963089,0.026962406428355717,0.5954546886503919,l40s
resnet152,gemm,328,layer2.3.conv2,128,128,3,1,1,0.8698479980230331,0.030172368389787447,0.47842987026582295,l40s
resnet152,gemm,328,layer2.3.conv3,128,512,1,1,0,1.0230959922075271,0.057273555391566935,0.5627186404220126,l40s
resnet152,gemm,328,layer2.4.conv1,512,128,1,1,0,1.0805327892303467,0.03060204501825227,0.5943097683093751,l40s
resnet152,gemm,328,layer2.4.conv2,128,128,3,1,1,0.8684640020132065,0.02044496696404143,0.47766865102644473,l40s
resnet152,gemm,328,layer2.4.conv3,128,512,1,1,0,1.010227194428444,0.04483954988964372,0.555640602344191,l40s
resnet152,gemm,328,layer2.5.conv1,512,128,1,1,0,1.0768288016319274,0.024558164471736987,0.5922725177665152,l40s
resnet152,gemm,328,layer2.5.conv2,128,128,3,1,1,0.8630400031805039,0.01655725225211986,0.4746853676668811,l40s
resnet152,gemm,328,layer2.5.conv3,128,512,1,1,0,1.0214479953050613,0.06896480018096944,0.5618122166030957,l40s
resnet152,gemm,328,layer2.6.conv1,512,128,1,1,0,1.0819440066814423,0.02577237159421604,0.5950859597630304,l40s
resnet152,gemm,328,layer2.6.conv2,128,128,3,1,1,0.8631999969482422,0.017591052262894997,0.4747733667169638,l40s
resnet152,gemm,328,layer2.6.conv3,128,512,1,1,0,1.0145536005496978,0.05924147348137647,0.5580201927140178,l40s
resnet152,gemm,328,layer2.7.conv1,512,128,1,1,0,1.0880447924137115,0.029376684198625415,0.5984414863987677,l40s
resnet152,gemm,328,layer2.7.conv2,128,128,3,1,1,0.8729040026664734,0.03198107310461837,0.4801107201481195,l40s
resnet152,gemm,328,layer2.7.conv3,128,512,1,1,0,1.0178832054138183,0.05632870642878056,0.5598515269549404,l40s
resnet152,gemm,328,layer3.0.conv1,512,256,1,1,0,1.3586607992649078,0.039320154483654154,0.7472844812023777,l40s
resnet152,gemm,328,layer3.0.conv2,256,256,3,2,1,1.3424576103687287,0.028491417424779644,0.7383724763703722,l40s
resnet152,gemm,328,layer3.0.conv3,256,1024,1,1,0,0.8556735962629318,0.03003270288480385,0.47063372977852674,l40s
resnet152,gemm,328,layer3.0.downsample.0,512,1024,1,2,0,1.4653231918811798,0.03915013748480106,0.805950449023912,l40s
resnet152,gemm,328,layer3.1.conv1,1024,256,1,1,0,0.9540287911891937,0.02794492611623461,0.5247306102168204,l40s
resnet152,gemm,328,layer3.1.conv2,256,256,3,1,1,1.0905951976776123,0.028087801043911467,0.5998442487920899,l40s
resnet152,gemm,328,layer3.1.conv3,256,1024,1,1,0,0.8148128062486648,0.028257806050010423,0.4481596624588165,l40s
resnet152,gemm,328,layer3.2.conv1,1024,256,1,1,0,0.9387696087360382,0.027943781003421896,0.5163378235483245,l40s
resnet152,gemm,328,layer3.2.conv2,256,256,3,1,1,1.0924480080604553,0.0299550331494309,0.6008633231971646,l40s
resnet152,gemm,328,layer3.2.conv3,256,1024,1,1,0,0.8281056106090545,0.0419874272261116,0.45547091072295504,l40s
resnet152,gemm,328,layer3.3.conv1,1024,256,1,1,0,0.9381312012672425,0.021720365220042375,0.5159866895534577,l40s
resnet152,gemm,328,layer3.3.conv2,256,256,3,1,1,1.0897792041301728,0.027941849989661503,0.59939543970369,l40s
resnet152,gemm,328,layer3.3.conv3,256,1024,1,1,0,0.8149919927120208,0.032618319991003626,0.44825821778872665,l40s
resnet152,gemm,328,layer3.4.conv1,1024,256,1,1,0,0.951201605796814,0.02144052444891198,0.5231756144663355,l40s
resnet152,gemm,328,layer3.4.conv2,256,256,3,1,1,1.0955263912677764,0.025257020258109164,0.6025564816361729,l40s
resnet152,gemm,328,layer3.4.conv3,256,1024,1,1,0,0.811227199435234,0.021429764724900265,0.44618752318106597,l40s
resnet152,gemm,328,layer3.5.conv1,1024,256,1,1,0,0.9476448029279709,0.02280161253834974,0.5212193178041955,l40s
resnet152,gemm,328,layer3.5.conv2,256,256,3,1,1,1.091294401884079,0.030417528239627463,0.6002288219342359,l40s
resnet152,gemm,328,layer3.5.conv3,256,1024,1,1,0,0.806478402018547,0.026345689976989273,0.44357561105716853,l40s
resnet152,gemm,328,layer3.6.conv1,1024,256,1,1,0,0.9391584008932113,0.019190774850960962,0.5165516652560015,l40s
resnet152,gemm,328,layer3.6.conv2,256,256,3,1,1,1.1034959971904754,0.030969945194093226,0.6069398883191018,l40s
resnet152,gemm,328,layer3.6.conv3,256,1024,1,1,0,0.8102943986654282,0.025353236499202177,0.44567446831136875,l40s
resnet152,gemm,328,layer3.7.conv1,1024,256,1,1,0,0.9473423898220062,0.028775460059619683,0.5210529859124372,l40s
resnet152,gemm,328,layer3.7.conv2,256,256,3,1,1,1.1040879964828492,0.0292838791360769,0.6072654970982122,l40s
resnet152,gemm,328,layer3.7.conv3,256,1024,1,1,0,0.8101024001836776,0.025646566664188058,0.4455688661729217,l40s
resnet152,gemm,328,layer3.8.conv1,1024,256,1,1,0,0.9464319944381714,0.03374153652843649,0.5205522543520166,l40s
resnet152,gemm,328,layer3.8.conv2,256,256,3,1,1,1.0991040110588073,0.033444319048015744,0.6045242279279084,l40s
resnet152,gemm,328,layer3.8.conv3,256,1024,1,1,0,0.8118687987327575,0.028332467850418885,0.4465404127311649,l40s
resnet152,gemm,328,layer3.9.conv1,1024,256,1,1,0,0.9536255985498429,0.03044374928154864,0.5245088480209252,l40s
resnet152,gemm,328,layer3.9.conv2,256,256,3,1,1,1.0840687870979309,0.029316243243603386,0.5962546218986153,l40s
resnet152,gemm,328,layer3.9.conv3,256,1024,1,1,0,0.8026463985443115,0.02686998912854415,0.4414679498000254,l40s
resnet152,gemm,328,layer3.10.conv1,1024,256,1,1,0,0.9370944023132324,0.027460189666820824,0.5154164340718261,l40s
resnet152,gemm,328,layer3.10.conv2,256,256,3,1,1,1.0962783694267273,0.038475802686369354,0.6029700812694965,l40s
resnet152,gemm,328,layer3.10.conv3,256,1024,1,1,0,0.8130399972200394,0.03415372802876915,0.447184590037544,l40s
resnet152,gemm,328,layer3.11.conv1,1024,256,1,1,0,0.9411792010068893,0.029981985920869907,0.5176631366146958,l40s
resnet152,gemm,328,layer3.11.conv2,256,256,3,1,1,1.0983824014663697,0.022670508453643535,0.6041273314764857,l40s
resnet152,gemm,328,layer3.11.conv3,256,1024,1,1,0,0.8064303994178772,0.020540098407924912,0.44354920888338295,l40s
resnet152,gemm,328,layer3.12.conv1,1024,256,1,1,0,0.9448624014854431,0.029500564078653806,0.5196889539196989,l40s
resnet152,gemm,328,layer3.12.conv2,256,256,3,1,1,1.090419203042984,0.020762349800675487,0.599747449017412,l40s
resnet152,gemm,328,layer3.12.conv3,256,1024,1,1,0,0.8035759955644608,0.02294232207443581,0.4419792425577949,l40s
resnet152,gemm,328,layer3.13.conv1,1024,256,1,1,0,0.9469792038202286,0.03035606842415428,0.5208532279867907,l40s
resnet152,gemm,328,layer3.13.conv2,256,256,3,1,1,1.0864975869655609,0.025172467600616682,0.5975904994406834,l40s
resnet152,gemm,328,layer3.13.conv3,256,1024,1,1,0,0.7968623906373977,0.016480014919214418,0.4382866558741779,l40s
resnet152,gemm,328,layer3.14.conv1,1024,256,1,1,0,0.9474896043539047,0.02659406129403003,0.5211339561848957,l40s
resnet152,gemm,328,layer3.14.conv2,256,256,3,1,1,1.0818480014801026,0.027301256042809884,0.595033155415459,l40s
resnet152,gemm,328,layer3.14.conv3,256,1024,1,1,0,0.7995200008153915,0.017975752811637918,0.439748382630536,l40s
resnet152,gemm,328,layer3.15.conv1,1024,256,1,1,0,0.9640063971281052,0.03150657399223959,0.5302184480066024,l40s
resnet152,gemm,328,layer3.15.conv2,256,256,3,1,1,1.085396808385849,0.028223765153311518,0.5969850541740622,l40s
resnet152,gemm,328,layer3.15.conv3,256,1024,1,1,0,0.7998176008462906,0.016908426724212434,0.439912067256468,l40s
resnet152,gemm,328,layer3.16.conv1,1024,256,1,1,0,0.9488784015178681,0.025324320095716158,0.5218978161334047,l40s
resnet152,gemm,328,layer3.16.conv2,256,256,3,1,1,1.0859903991222382,0.029205564482034173,0.5973115382720278,l40s
resnet152,gemm,328,layer3.16.conv3,256,1024,1,1,0,0.8116479992866517,0.02138732049505739,0.44641896961628125,l40s
resnet152,gemm,328,layer3.17.conv1,1024,256,1,1,0,0.9413264006376266,0.022758361233423997,0.5177440986912849,l40s
resnet152,gemm,328,layer3.17.conv2,256,256,3,1,1,1.0889184057712555,0.02621555959152567,0.5989219872750843,l40s
resnet152,gemm,328,layer3.17.conv3,256,1024,1,1,0,0.8075456023216248,0.024356492287371245,0.44416258775161355,l40s
resnet152,gemm,328,layer3.18.conv1,1024,256,1,1,0,0.9311599969863892,0.024996848065031843,0.5121524192358098,l40s
resnet152,gemm,328,layer3.18.conv2,256,256,3,1,1,1.0904464066028594,0.025773751332563946,0.5997624113966455,l40s
resnet152,gemm,328,layer3.18.conv3,256,1024,1,1,0,0.8014431953430176,0.019582168122585772,0.4408061694052819,l40s
resnet152,gemm,328,layer3.19.conv1,1024,256,1,1,0,0.955700796842575,0.0274471300702568,0.5256502392205649,l40s
resnet152,gemm,328,layer3.19.conv2,256,256,3,1,1,1.0856816112995147,0.021322911775945714,0.5971417001873268,l40s
resnet152,gemm,328,layer3.19.conv3,256,1024,1,1,0,0.7928368002176285,0.014557576453790695,0.43607251879890635,l40s
resnet152,gemm,328,layer3.20.conv1,1024,256,1,1,0,0.9453183978796005,0.02061212426598419,0.5199397589985107,l40s
resnet152,gemm,328,layer3.20.conv2,256,256,3,1,1,1.0822800040245055,0.012962166867418277,0.5952707635053125,l40s
resnet152,gemm,328,layer3.20.conv3,256,1024,1,1,0,0.80106880068779,0.018909719509549908,0.44060024654664937,l40s
resnet152,gemm,328,layer3.21.conv1,1024,256,1,1,0,0.9340992033481598,0.023149425068721648,0.5137690282543307,l40s
resnet152,gemm,328,layer3.21.conv2,256,256,3,1,1,1.095580792427063,0.036885784414667146,0.6025864031162923,l40s
resnet152,gemm,328,layer3.21.conv3,256,1024,1,1,0,0.81041119992733,0.02684723474583502,0.4457387108143182,l40s
resnet152,gemm,328,layer3.22.conv1,1024,256,1,1,0,0.950236800312996,0.02982719459137698,0.522644956508274,l40s
resnet152,gemm,328,layer3.22.conv2,256,256,3,1,1,1.0945408046245575,0.019916154529887202,0.6020143937186027,l40s
resnet152,gemm,328,layer3.22.conv3,256,1024,1,1,0,0.8006207972764969,0.018401578404878466,0.44035383773220044,l40s
resnet152,gemm,328,layer3.23.conv1,1024,256,1,1,0,0.9424767971038819,0.030992233618734828,0.5183768345639381,l40s
resnet152,gemm,328,layer3.23.conv2,256,256,3,1,1,1.0903487980365754,0.029127571517778648,0.5997087251735235,l40s
resnet152,gemm,328,layer3.23.conv3,256,1024,1,1,0,0.8022959887981415,0.020430272133586926,0.44127521901282923,l40s
resnet152,gemm,328,layer3.24.conv1,1024,256,1,1,0,0.9454447984695434,0.02563946870364968,0.5200092812805478,l40s
resnet152,gemm,328,layer3.24.conv2,256,256,3,1,1,1.089712005853653,0.026512567421523265,0.599358479610903,l40s
resnet152,gemm,328,layer3.24.conv3,256,1024,1,1,0,0.8074768006801605,0.02324767442972306,0.44412474578327577,l40s
resnet152,gemm,328,layer3.25.conv1,1024,256,1,1,0,0.9342095971107482,0.024904562629803135,0.5138297465334247,l40s
resnet152,gemm,328,layer3.25.conv2,256,256,3,1,1,1.0980367958545685,0.025584779528088217,0.603937243037594,l40s
resnet152,gemm,328,layer3.25.conv3,256,1024,1,1,0,0.8170768022537231,0.02378772513755501,0.44940489532414957,l40s
resnet152,gemm,328,layer3.26.conv1,1024,256,1,1,0,0.9492687910795212,0.032669961457559696,0.5221125364382848,l40s
resnet152,gemm,328,layer3.26.conv2,256,256,3,1,1,1.0992848098278045,0.02748889238206511,0.6046236700508909,l40s
resnet152,gemm,328,layer3.26.conv3,256,1024,1,1,0,0.8034448027610779,0.02167616762100644,0.44190708448414884,l40s
resnet152,gemm,328,layer3.27.conv1,1024,256,1,1,0,0.954649594426155,0.025451126553005892,0.5250720616115413,l40s
resnet152,gemm,328,layer3.27.conv2,256,256,3,1,1,1.0967599987983703,0.03422828928067948,0.6032349848829037,l40s
resnet152,gemm,328,layer3.27.conv3,256,1024,1,1,0,0.8049855977296829,0.020725032913143284,0.44275454557920374,l40s
resnet152,gemm,328,layer3.28.conv1,1024,256,1,1,0,0.9440528005361557,0.026983462434340688,0.519243660859285,l40s
resnet152,gemm,328,layer3.28.conv2,256,256,3,1,1,1.0844287931919099,0.02273172082550835,0.5964526308257253,l40s
resnet152,gemm,328,layer3.28.conv3,256,1024,1,1,0,0.8095791965723038,0.024926609288589467,0.4452810960838014,l40s
resnet152,gemm,328,layer3.29.conv1,1024,256,1,1,0,0.950124791264534,0.029304573978473483,0.5225833497969335,l40s
resnet152,gemm,328,layer3.29.conv2,256,256,3,1,1,1.0908688068389893,0.02503263417558294,0.5999947380682378,l40s
resnet152,gemm,328,layer3.29.conv3,256,1024,1,1,0,0.7998431950807572,0.023398125985167974,0.439926144481803,l40s
resnet152,gemm,328,layer3.30.conv1,1024,256,1,1,0,0.9449551969766616,0.021712089600155624,0.5197399928769948,l40s
resnet152,gemm,328,layer3.30.conv2,256,256,3,1,1,1.1013487935066224,0.03195960199836599,0.6057588930391968,l40s
resnet152,gemm,328,layer3.30.conv3,256,1024,1,1,0,0.805702394247055,0.022195520607785704,0.44314879476480024,l40s
resnet152,gemm,328,layer3.31.conv1,1024,256,1,1,0,0.9443328022956848,0.01931290766435004,0.5193976661634188,l40s
resnet152,gemm,328,layer3.31.conv2,256,256,3,1,1,1.0800480008125306,0.028766896149413305,0.5940431271716484,l40s
resnet152,gemm,328,layer3.31.conv3,256,1024,1,1,0,0.8106608033180237,0.023461751300942614,0.44587599654481236,l40s
resnet152,gemm,328,layer3.32.conv1,1024,256,1,1,0,0.9519504010677338,0.02356007128299232,0.5235874634619486,l40s
resnet152,gemm,328,layer3.32.conv2,256,256,3,1,1,1.0969711899757386,0.02410039359376202,0.6033511433011782,l40s
resnet152,gemm,328,layer3.32.conv3,256,1024,1,1,0,0.7986191987991333,0.018171613904319383,0.4392529275708553,l40s
resnet152,gemm,328,layer3.33.conv1,1024,256,1,1,0,0.9408143997192383,0.030055792061628443,0.5174624902568029,l40s
resnet152,gemm,328,layer3.33.conv2,256,256,3,1,1,1.0912495970726013,0.03412583913912793,0.6002041785940302,l40s
resnet152,gemm,328,layer3.33.conv3,256,1024,1,1,0,0.8086415976285934,0.02167038154387645,0.44476540214414734,l40s
resnet152,gemm,328,layer3.34.conv1,1024,256,1,1,0,0.9462783992290497,0.02702825060157699,0.5204677746082677,l40s
resnet152,gemm,328,layer3.34.conv2,256,256,3,1,1,1.0978624045848846,0.023488078113295494,0.6038413251384668,l40s
resnet152,gemm,328,layer3.34.conv3,256,1024,1,1,0,0.7978320062160492,0.018292603886286934,0.43881995945889196,l40s
resnet152,gemm,328,layer3.35.conv1,1024,256,1,1,0,0.9561648011207581,0.0399164786262208,0.525905448759609,l40s
resnet152,gemm,328,layer3.35.conv2,256,256,3,1,1,1.0955040097236632,0.03263512581322696,0.6025441714402873,l40s
resnet152,gemm,328,layer3.35.conv3,256,1024,1,1,0,0.8060335963964462,0.026421885967090202,0.44333096107629966,l40s
resnet152,gemm,328,layer4.0.conv1,1024,512,1,1,0,1.2264208137989043,0.028419767899549392,0.6745504411928046,l40s
resnet152,gemm,328,layer4.0.conv2,512,512,3,2,1,1.9241167843341827,0.027203926108368543,1.0582940302185069,l40s
resnet152,gemm,328,layer4.0.conv3,512,2048,1,1,0,1.019272005558014,0.021018008932564145,0.5606153885426234,l40s
resnet152,gemm,328,layer4.0.downsample.0,1024,2048,1,2,0,1.8082319915294647,0.032939814475047,0.9945555994658329,l40s
resnet152,gemm,328,layer4.1.conv1,2048,512,1,1,0,1.2310207962989808,0.033381632728371455,0.6770805028078667,l40s
resnet152,gemm,328,layer4.1.conv2,512,512,3,1,1,1.8684623956680297,0.03030085310662935,1.0276832545315042,l40s
resnet152,gemm,328,layer4.1.conv3,512,2048,1,1,0,1.0392352044582367,0.012099479048997316,0.5715954571082021,l40s
resnet152,gemm,328,layer4.2.conv1,2048,512,1,1,0,1.226387196779251,0.024558406474472556,0.6745319513113678,l40s
resnet152,gemm,328,layer4.2.conv2,512,512,3,1,1,1.851742398738861,0.030437700517519935,1.0184869972775383,l40s
resnet152,gemm,328,layer4.2.conv3,512,2048,1,1,0,1.0430064082145691,0.02481389888688497,0.5736696775788922,l40s
resnet152,gemm,331,conv1,3,64,7,2,3,1.3133344054222107,0.021578593900975773,0.7131518169405444,l40s
resnet152,gemm,331,layer1.0.conv1,64,64,1,1,0,0.8405984044075012,0.024327220299651526,0.4564521244136699,l40s
resnet152,gemm,331,layer1.0.conv2,64,64,3,1,1,1.06214080452919,0.0256573788610143,0.5767515428434793,l40s
resnet152,gemm,331,layer1.0.conv3,64,256,1,1,0,1.6057456016540528,0.020475779185144725,0.8719335978986523,l40s
resnet152,gemm,331,layer1.0.downsample.0,64,256,1,1,0,1.6987568020820618,0.028066399456220237,0.9224394753866723,l40s
resnet152,gemm,331,layer1.1.conv1,256,64,1,1,0,1.337032002210617,0.018871151578959033,0.7260198147155235,l40s
resnet152,gemm,331,layer1.1.conv2,64,64,3,1,1,1.0295471906661988,0.019337291022870386,0.559052931696855,l40s
resnet152,gemm,331,layer1.1.conv3,64,256,1,1,0,1.5556576073169708,0.06238584137358245,0.844735388500556,l40s
resnet152,gemm,331,layer1.2.conv1,256,64,1,1,0,1.3505407929420472,0.020460633731936018,0.7333552036423764,l40s
resnet152,gemm,331,layer1.2.conv2,64,64,3,1,1,1.0236656010150909,0.017019988724091807,0.5558591782027951,l40s
resnet152,gemm,331,layer1.2.conv3,64,256,1,1,0,1.5153984010219574,0.04691620457365162,0.8228742950887504,l40s
resnet152,gemm,331,layer2.0.conv1,256,128,1,1,0,1.8991919934749604,0.03285262905996503,1.0312774989171065,l40s
resnet152,gemm,331,layer2.0.conv2,128,128,3,2,1,1.0784048080444335,0.023439311940798478,0.5855830358811528,l40s
resnet152,gemm,331,layer2.0.conv3,128,512,1,1,0,1.1388048112392426,0.019957466959128322,0.6183807543021099,l40s
resnet152,gemm,331,layer2.0.downsample.0,256,512,1,2,0,1.8293600022792815,0.04989642068770137,0.9933581303266183,l40s
resnet152,gemm,331,layer2.1.conv1,512,128,1,1,0,1.0952911913394927,0.031224246051843443,0.5947524864633558,l40s
resnet152,gemm,331,layer2.1.conv2,128,128,3,1,1,0.8958768039941788,0.022824567022805466,0.4864687682631328,l40s
resnet152,gemm,331,layer2.1.conv3,128,512,1,1,0,1.0513424038887025,0.023372696992558784,0.5708879189217866,l40s
resnet152,gemm,331,layer2.2.conv1,512,128,1,1,0,1.089793598651886,0.031844579195793254,0.5917672466053432,l40s
resnet152,gemm,331,layer2.2.conv2,128,128,3,1,1,0.8827711999416351,0.028056898746646533,0.47935231315193794,l40s
resnet152,gemm,331,layer2.2.conv3,128,512,1,1,0,1.051155197620392,0.037340511782144356,0.5707862643166555,l40s
resnet152,gemm,331,layer2.3.conv1,512,128,1,1,0,1.0800943970680237,0.03212902827463448,0.5865004971743935,l40s
resnet152,gemm,331,layer2.3.conv2,128,128,3,1,1,0.8774880021810532,0.014727121912336945,0.47648349157332104,l40s
resnet152,gemm,331,layer2.3.conv3,128,512,1,1,0,1.0581855952739716,0.033755979419427415,0.5746038303834282,l40s
resnet152,gemm,331,layer2.4.conv1,512,128,1,1,0,1.0803296089172363,0.03187740128657561,0.5866282192206136,l40s
resnet152,gemm,331,layer2.4.conv2,128,128,3,1,1,0.8809680044651031,0.028729575090649474,0.47837316258291407,l40s
resnet152,gemm,331,layer2.4.conv3,128,512,1,1,0,1.0429856061935425,0.023818186097318485,0.5663501062858708,l40s
resnet152,gemm,331,layer2.5.conv1,512,128,1,1,0,1.076804792881012,0.023544713822957326,0.5847142139602349,l40s
resnet152,gemm,331,layer2.5.conv2,128,128,3,1,1,0.8836943984031678,0.02259298429974428,0.47985361781396507,l40s
resnet152,gemm,331,layer2.5.conv3,128,512,1,1,0,1.0346495866775514,0.0165041520990827,0.5618235763789887,l40s
resnet152,gemm,331,layer2.6.conv1,512,128,1,1,0,1.0909488081932068,0.031298351883873254,0.5923945352684122,l40s
resnet152,gemm,331,layer2.6.conv2,128,128,3,1,1,0.8866159975528717,0.02548660063449442,0.4814400711448008,l40s
resnet152,gemm,331,layer2.6.conv3,128,512,1,1,0,1.0469568014144897,0.025743666143941527,0.5685064992620631,l40s
resnet152,gemm,331,layer2.7.conv1,512,128,1,1,0,1.0832975924015045,0.02317247518679783,0.5882398596419083,l40s
resnet152,gemm,331,layer2.7.conv2,128,128,3,1,1,0.8816543996334076,0.025656511981794035,0.4787458810310067,l40s
resnet152,gemm,331,layer2.7.conv3,128,512,1,1,0,1.046588808298111,0.033325375906073325,0.5683066758519068,l40s
resnet152,gemm,331,layer3.0.conv1,512,256,1,1,0,1.3665440142154694,0.0306336618644975,0.7420450896919036,l40s
resnet152,gemm,331,layer3.0.conv2,256,256,3,2,1,1.3510399997234344,0.02517499420506468,0.7336262771950872,l40s
resnet152,gemm,331,layer3.0.conv3,256,1024,1,1,0,0.8301552027463913,0.019273014371668507,0.45078137657629574,l40s
resnet152,gemm,331,layer3.0.downsample.0,512,1024,1,2,0,1.5039984107017517,0.033847686831577406,0.8166840028247281,l40s
resnet152,gemm,331,layer3.1.conv1,1024,256,1,1,0,0.9576015949249268,0.03719543347467461,0.5199858577574774,l40s
resnet152,gemm,331,layer3.1.conv2,256,256,3,1,1,1.1123023986816407,0.031280691127801755,0.6039897175709236,l40s
resnet152,gemm,331,layer3.1.conv3,256,1024,1,1,0,0.8068575978279113,0.026382981723631488,0.4381305778083797,l40s
resnet152,gemm,331,layer3.2.conv1,1024,256,1,1,0,0.9514864057302475,0.02610767090462071,0.5166652577129527,l40s
resnet152,gemm,331,layer3.2.conv2,256,256,3,1,1,1.0940240025520325,0.02210470090006817,0.5940643921117169,l40s
resnet152,gemm,331,layer3.2.conv3,256,1024,1,1,0,0.8074464052915573,0.020332429488246283,0.4384503052980379,l40s
resnet152,gemm,331,layer3.3.conv1,1024,256,1,1,0,0.946043199300766,0.025299772987610294,0.5137095500583442,l40s
resnet152,gemm,331,layer3.3.conv2,256,256,3,1,1,1.0910319924354552,0.0258827847653382,0.5924397050235449,l40s
resnet152,gemm,331,layer3.3.conv3,256,1024,1,1,0,0.8026703923940659,0.019843336648753467,0.4358568894387446,l40s
resnet152,gemm,331,layer3.4.conv1,1024,256,1,1,0,0.9496304094791412,0.02630739578862878,0.5156574358716558,l40s
resnet152,gemm,331,layer3.4.conv2,256,256,3,1,1,1.0975424110889436,0.027799806071375655,0.5959749180451562,l40s
resnet152,gemm,331,layer3.4.conv3,256,1024,1,1,0,0.8050400048494339,0.02575619282558809,0.43714360927263746,l40s
resnet152,gemm,331,layer3.5.conv1,1024,256,1,1,0,0.9558576017618179,0.02124343722427855,0.5190388545510829,l40s
resnet152,gemm,331,layer3.5.conv2,256,256,3,1,1,1.1083456039428712,0.02737818028358543,0.6018411441797414,l40s
resnet152,gemm,331,layer3.5.conv3,256,1024,1,1,0,0.8058048009872436,0.023664037556949048,0.43755890011784515,l40s
resnet152,gemm,331,layer3.6.conv1,1024,256,1,1,0,0.9428991973400116,0.022287398119866943,0.512002330098584,l40s
resnet152,gemm,331,layer3.6.conv2,256,256,3,1,1,1.1050880014896394,0.03430565405420368,0.6000722381807811,l40s
resnet152,gemm,331,layer3.6.conv3,256,1024,1,1,0,0.8158447951078415,0.02304119661862496,0.44301070281152,l40s
resnet152,gemm,331,layer3.7.conv1,1024,256,1,1,0,0.9445711970329285,0.02763748547003763,0.5129102402348028,l40s
resnet152,gemm,331,layer3.7.conv2,256,256,3,1,1,1.0906656086444855,0.021232187165168677,0.5922407554908524,l40s
resnet152,gemm,331,layer3.7.conv3,256,1024,1,1,0,0.815892806649208,0.022612036606396206,0.44303677348919235,l40s
resnet152,gemm,331,layer3.8.conv1,1024,256,1,1,0,0.9465967983007431,0.028229482326335095,0.5140101590510426,l40s
resnet152,gemm,331,layer3.8.conv2,256,256,3,1,1,1.0935504019260407,0.02686412874627378,0.5938072229204312,l40s
resnet152,gemm,331,layer3.8.conv3,256,1024,1,1,0,0.8029231995344162,0.02428694793288878,0.43599416587856976,l40s
resnet152,gemm,331,layer3.9.conv1,1024,256,1,1,0,0.9580160140991211,0.036276817817253976,0.5202108909141749,l40s
resnet152,gemm,331,layer3.9.conv2,256,256,3,1,1,1.0946479976177215,0.027876486973770098,0.5944032267702934,l40s
resnet152,gemm,331,layer3.9.conv3,256,1024,1,1,0,0.8049136012792587,0.024548830383939246,0.43707497105272486,l40s
resnet152,gemm,331,layer3.10.conv1,1024,256,1,1,0,0.9492064028978348,0.020793852732544277,0.5154271966708818,l40s
resnet152,gemm,331,layer3.10.conv2,256,256,3,1,1,1.096647995710373,0.03321789434894745,0.5954892428433998,l40s
resnet152,gemm,331,layer3.10.conv3,256,1024,1,1,0,0.7960799992084503,0.023046875464098955,0.4322782495620535,l40s
resnet152,gemm,331,layer3.11.conv1,1024,256,1,1,0,0.9407056003808976,0.026408151100089133,0.5108111881848652,l40s
resnet152,gemm,331,layer3.11.conv2,256,256,3,1,1,1.104702401161194,0.027998924936868657,0.5998628539038533,l40s
resnet152,gemm,331,layer3.11.conv3,256,1024,1,1,0,0.807166400551796,0.025167814825183477,0.43829826032907315,l40s
resnet152,gemm,331,layer3.12.conv1,1024,256,1,1,0,0.9380895972251893,0.017484004101082147,0.5093906760929613,l40s
resnet152,gemm,331,layer3.12.conv2,256,256,3,1,1,1.090009605884552,0.027133965496351956,0.5918845403804944,l40s
resnet152,gemm,331,layer3.12.conv3,256,1024,1,1,0,0.8047952026128768,0.021628280049525064,0.43701067956404915,l40s
resnet152,gemm,331,layer3.13.conv1,1024,256,1,1,0,0.9438335955142975,0.021481309278203145,0.512509716300443,l40s
resnet152,gemm,331,layer3.13.conv2,256,256,3,1,1,1.0956111967563629,0.034267373294222844,0.5949262521421727,l40s
resnet152,gemm,331,layer3.13.conv3,256,1024,1,1,0,0.8096112042665482,0.018633739180192985,0.43962580966002823,l40s
resnet152,gemm,331,layer3.14.conv1,1024,256,1,1,0,0.9415199965238571,0.021636092051505056,0.5112534122571678,l40s
resnet152,gemm,331,layer3.14.conv2,256,256,3,1,1,1.102532798051834,0.024940103610836324,0.5986847408558041,l40s
resnet152,gemm,331,layer3.14.conv3,256,1024,1,1,0,0.8045024007558823,0.018677887748656072,0.436851685650955,l40s
resnet152,gemm,331,layer3.15.conv1,1024,256,1,1,0,0.9420143961906433,0.021189653777652896,0.5115218755055283,l40s
resnet152,gemm,331,layer3.15.conv2,256,256,3,1,1,1.102460789680481,0.03065114606617822,0.5986456396941705,l40s
resnet152,gemm,331,layer3.15.conv3,256,1024,1,1,0,0.8127679973840714,0.030867061500859688,0.44133997532733465,l40s
resnet152,gemm,331,layer3.16.conv1,1024,256,1,1,0,0.9477104008197784,0.02809642606189761,0.5146148547450874,l40s
resnet152,gemm,331,layer3.16.conv2,256,256,3,1,1,1.0947456002235412,0.033745123963797606,0.594456225820186,l40s
resnet152,gemm,331,layer3.16.conv3,256,1024,1,1,0,0.8065279990434646,0.02559033265158301,0.4379516028489032,l40s
resnet152,gemm,331,layer3.17.conv1,1024,256,1,1,0,0.9520096033811569,0.02706164234656506,0.5169493585130419,l40s
resnet152,gemm,331,layer3.17.conv2,256,256,3,1,1,1.0952016055583953,0.02565938436088265,0.5947038406178667,l40s
resnet152,gemm,331,layer3.17.conv3,256,1024,1,1,0,0.8065759986639023,0.02376171007917596,0.4379776670534092,l40s
resnet152,gemm,331,layer3.18.conv1,1024,256,1,1,0,0.9361776024103164,0.027716568682153633,0.5083524465525047,l40s
resnet152,gemm,331,layer3.18.conv2,256,256,3,1,1,1.0970895886421204,0.025104660050158243,0.595729031582904,l40s
resnet152,gemm,331,layer3.18.conv3,256,1024,1,1,0,0.801796805858612,0.019349844413668993,0.4353825244769789,l40s
resnet152,gemm,331,layer3.19.conv1,1024,256,1,1,0,0.9457647979259491,0.023389701132297044,0.5135583757302602,l40s
resnet152,gemm,331,layer3.19.conv2,256,256,3,1,1,1.0918815970420837,0.023550866231765652,0.5929010475928073,l40s
resnet152,gemm,331,layer3.19.conv3,256,1024,1,1,0,0.8090016037225723,0.028022464315728128,0.4392947913498785,l40s
resnet152,gemm,331,layer3.20.conv1,1024,256,1,1,0,0.9397840082645417,0.026801658308037907,0.5103107557820104,l40s
resnet152,gemm,331,layer3.20.conv2,256,256,3,1,1,1.0891744017601013,0.02704424929828149,0.591431017396242,l40s
resnet152,gemm,331,layer3.20.conv3,256,1024,1,1,0,0.7994304001331329,0.017750274080692238,0.4340975459248474,l40s
resnet152,gemm,331,layer3.21.conv1,1024,256,1,1,0,0.9595568031072617,0.020647640865284853,0.5210475525261307,l40s
resnet152,gemm,331,layer3.21.conv2,256,256,3,1,1,1.096040004491806,0.0322745650206415,0.5951590984107139,l40s
resnet152,gemm,331,layer3.21.conv3,256,1024,1,1,0,0.8088527917861938,0.02578200174482823,0.43921398519542715,l40s
resnet152,gemm,331,layer3.22.conv1,1024,256,1,1,0,0.9481407940387726,0.020467782754649954,0.5148485619447597,l40s
resnet152,gemm,331,layer3.22.conv2,256,256,3,1,1,1.0953279972076415,0.02511994592086168,0.5947724723646128,l40s
resnet152,gemm,331,layer3.22.conv3,256,1024,1,1,0,0.8019936084747314,0.023435141433613735,0.43548938998106124,l40s
resnet152,gemm,331,layer3.23.conv1,1024,256,1,1,0,0.9333504050970077,0.020566582044664748,0.5068172542263831,l40s
resnet152,gemm,331,layer3.23.conv2,256,256,3,1,1,1.0952960014343263,0.027816079557216548,0.5947550983859979,l40s
resnet152,gemm,331,layer3.23.conv3,256,1024,1,1,0,0.7991743981838226,0.021727303346953972,0.4339585346764272,l40s
resnet152,gemm,331,layer3.24.conv1,1024,256,1,1,0,0.9482351958751678,0.03586701356879516,0.514899822949474,l40s
resnet152,gemm,331,layer3.24.conv2,256,256,3,1,1,1.0937088012695313,0.01911013813612371,0.593893235118959,l40s
resnet152,gemm,331,layer3.24.conv3,256,1024,1,1,0,0.8089680075645447,0.02058457659747678,0.43927654834867425,l40s
resnet152,gemm,331,layer3.25.conv1,1024,256,1,1,0,0.9526048094034195,0.021486416827754783,0.5172725604747648,l40s
resnet152,gemm,331,layer3.25.conv2,256,256,3,1,1,1.1016799986362458,0.034072673578154966,0.5982216634779469,l40s
resnet152,gemm,331,layer3.25.conv3,256,1024,1,1,0,0.7981456071138382,0.01895531161275792,0.43339989232472864,l40s
resnet152,gemm,331,layer3.26.conv1,1024,256,1,1,0,0.9508463978767395,0.018306254458265243,0.5163177279736106,l40s
resnet152,gemm,331,layer3.26.conv2,256,256,3,1,1,1.0931104004383088,0.02256766227901957,0.5935682983486411,l40s
resnet152,gemm,331,layer3.26.conv3,256,1024,1,1,0,0.8044735968112946,0.019156410667803235,0.43683604486264327,l40s
resnet152,gemm,331,layer3.27.conv1,1024,256,1,1,0,0.9501855999231339,0.02924870706469438,0.5159589090320685,l40s
resnet152,gemm,331,layer3.27.conv2,256,256,3,1,1,1.103078407049179,0.026133452202820116,0.5989810112087236,l40s
resnet152,gemm,331,layer3.27.conv3,256,1024,1,1,0,0.806183996796608,0.026373598147562183,0.43776480668612505,l40s
resnet152,gemm,331,layer3.28.conv1,1024,256,1,1,0,0.9413232028484344,0.032806941432597936,0.5111465516079602,l40s
resnet152,gemm,331,layer3.28.conv2,256,256,3,1,1,1.0963823974132538,0.02742070631562384,0.5953450206960283,l40s
resnet152,gemm,331,layer3.28.conv3,256,1024,1,1,0,0.8065503925085068,0.023451872418623534,0.43796376269198395,l40s
resnet152,gemm,331,layer3.29.conv1,1024,256,1,1,0,0.948649600148201,0.033716816964545794,0.5151248480147136,l40s
resnet152,gemm,331,layer3.29.conv2,256,256,3,1,1,1.1043871939182281,0.025843302808311923,0.599691693674512,l40s
resnet152,gemm,331,layer3.29.conv3,256,1024,1,1,0,0.8058736026287079,0.018225261505760152,0.43759625999771745,l40s
resnet152,gemm,331,layer3.30.conv1,1024,256,1,1,0,0.9593296021223068,0.03174610534425124,0.5209241804477306,l40s
resnet152,gemm,331,layer3.30.conv2,256,256,3,1,1,1.1019904017448425,0.031196347700403453,0.5983902150212294,l40s
resnet152,gemm,331,layer3.30.conv3,256,1024,1,1,0,0.8021184056997299,0.022451180544037712,0.4355571559418016,l40s
resnet152,gemm,331,layer3.31.conv1,1024,256,1,1,0,0.9515712052583695,0.02240468737120354,0.5167113045821325,l40s
resnet152,gemm,331,layer3.31.conv2,256,256,3,1,1,1.0872543931007386,0.027794445994926135,0.5903884362696737,l40s
resnet152,gemm,331,layer3.31.conv3,256,1024,1,1,0,0.8136351972818374,0.023254504456222562,0.441810872290202,l40s
resnet152,gemm,331,layer3.32.conv1,1024,256,1,1,0,0.950790399312973,0.02790951515327076,0.516287320274451,l40s
resnet152,gemm,331,layer3.32.conv2,256,256,3,1,1,1.091675192117691,0.02692353009829352,0.5927889679531905,l40s
resnet152,gemm,331,layer3.32.conv3,256,1024,1,1,0,0.8036783993244171,0.01759244521428105,0.43640424582482623,l40s
resnet152,gemm,331,layer3.33.conv1,1024,256,1,1,0,0.9564608007669448,0.022807619433500084,0.5193663967708764,l40s
resnet152,gemm,331,layer3.33.conv2,256,256,3,1,1,1.0982800006866456,0.02634508186516161,0.5963754355063496,l40s
resnet152,gemm,331,layer3.33.conv3,256,1024,1,1,0,0.7973871946334838,0.016823297328619938,0.4329880678601276,l40s
resnet152,gemm,331,layer3.34.conv1,1024,256,1,1,0,0.9415135949850082,0.02283573114185009,0.5112499361668115,l40s
resnet152,gemm,331,layer3.34.conv2,256,256,3,1,1,1.093971198797226,0.029677204365604632,0.5940357192211523,l40s
resnet152,gemm,331,layer3.34.conv3,256,1024,1,1,0,0.8133103996515274,0.02462426873267549,0.4416345043984927,l40s
resnet152,gemm,331,layer3.35.conv1,1024,256,1,1,0,0.939180800318718,0.022634669918386228,0.5099832087073422,l40s
resnet152,gemm,331,layer3.35.conv2,256,256,3,1,1,1.089329594373703,0.021753980795320205,0.5915152883130085,l40s
resnet152,gemm,331,layer3.35.conv3,256,1024,1,1,0,0.8074207991361618,0.022859331239187854,0.4384364009366127,l40s
resnet152,gemm,331,layer4.0.conv1,1024,512,1,1,0,1.2338575899600983,0.03556001773773797,0.6699952262676361,l40s
resnet152,gemm,331,layer4.0.conv2,512,512,3,2,1,1.910832005739212,0.029777946667940307,1.037598125149991,l40s
resnet152,gemm,331,layer4.0.conv3,512,2048,1,1,0,1.027607998251915,0.022728585507997993,0.557999933627259,l40s
resnet152,gemm,331,layer4.0.downsample.0,1024,2048,1,2,0,1.819537603855133,0.028260113370735154,0.9880244839575175,l40s
resnet152,gemm,331,layer4.1.conv1,2048,512,1,1,0,1.2278047978878022,0.02319802173192204,0.6667085083943359,l40s
resnet152,gemm,331,layer4.1.conv2,512,512,3,1,1,1.878548789024353,0.027019270892614276,1.0200680623100657,l40s
resnet152,gemm,331,layer4.1.conv3,512,2048,1,1,0,1.0445824027061463,0.020639539781496505,0.5672171804518611,l40s
resnet152,gemm,331,layer4.2.conv1,2048,512,1,1,0,1.2357536017894746,0.03314506439544157,0.6710247769102432,l40s
resnet152,gemm,331,layer4.2.conv2,512,512,3,1,1,1.8570191979408264,0.02833310374431674,1.0083773101788385,l40s
resnet152,gemm,331,layer4.2.conv3,512,2048,1,1,0,1.039675199985504,0.02347610552196659,0.5645525273963458,l40s
resnet152,gemm,334,conv1,3,64,7,2,3,1.3623168051242829,0.025862318889344933,0.7371808210328319,l40s
resnet152,gemm,334,layer1.0.conv1,64,64,1,1,0,0.8496959984302521,0.030404327354018493,0.45978996324131893,l40s
resnet152,gemm,334,layer1.0.conv2,64,64,3,1,1,0.9992512047290802,0.03605966700541695,0.5407177102634565,l40s
resnet152,gemm,334,layer1.0.conv3,64,256,1,1,0,1.5803312003612517,0.06860900144854537,0.8551534029412691,l40s
resnet152,gemm,334,layer1.0.downsample.0,64,256,1,1,0,1.5656223952770234,0.08815587393396439,0.8471941316707263,l40s
resnet152,gemm,334,layer1.1.conv1,256,64,1,1,0,1.3537535965442657,0.022636086793208075,0.7325470727681493,l40s
resnet152,gemm,334,layer1.1.conv2,64,64,3,1,1,0.9861119985580444,0.029416491448486574,0.5336077849094929,l40s
resnet152,gemm,334,layer1.1.conv3,64,256,1,1,0,1.3659839928150177,0.023216957429562726,0.7391652202728388,l40s
resnet152,gemm,334,layer1.2.conv1,256,64,1,1,0,1.3361215949058534,0.03087266640342467,0.7230059928993804,l40s
resnet152,gemm,334,layer1.2.conv2,64,64,3,1,1,1.0517744094133377,0.33054914304965505,0.5691392191274568,l40s
resnet152,gemm,334,layer1.2.conv3,64,256,1,1,0,1.5385248005390166,0.08463190570007992,0.8325310026086457,l40s
resnet152,gemm,334,layer2.0.conv1,256,128,1,1,0,1.9185023963451386,0.0374904680610814,1.0381455813885676,l40s
resnet152,gemm,334,layer2.0.conv2,128,128,3,2,1,1.0661231875419617,0.023577469357663965,0.5769036715675131,l40s
resnet152,gemm,334,layer2.0.conv3,128,512,1,1,0,1.1509056031703948,0.03263795528296485,0.622781378226511,l40s
resnet152,gemm,334,layer2.0.downsample.0,256,512,1,2,0,1.9813136100769042,0.04930281777307784,1.0721341675490588,l40s
resnet152,gemm,334,layer2.1.conv1,512,128,1,1,0,1.0820496082305908,0.02702709550888873,0.5855218225256427,l40s
resnet152,gemm,334,layer2.1.conv2,128,128,3,1,1,0.8513360023498535,0.01919219538030458,0.4606774069191781,l40s
resnet152,gemm,334,layer2.1.conv3,128,512,1,1,0,1.1625904023647309,0.072976522384285,0.6291042906586883,l40s
resnet152,gemm,334,layer2.2.conv1,512,128,1,1,0,1.07571040391922,0.03558697621684242,0.5820915339016065,l40s
resnet152,gemm,334,layer2.2.conv2,128,128,3,1,1,0.8559744000434876,0.021640380455589404,0.46318735013297996,l40s
resnet152,gemm,334,layer2.2.conv3,128,512,1,1,0,1.1846447944641114,0.06121027049968121,0.6410384272809831,l40s
resnet152,gemm,334,layer2.3.conv1,512,128,1,1,0,1.0495007991790772,0.01839423914413429,0.5679089165628137,l40s
resnet152,gemm,334,layer2.3.conv2,128,128,3,1,1,0.843273600935936,0.01595738453863071,0.4563146568808228,l40s
resnet152,gemm,334,layer2.3.conv3,128,512,1,1,0,1.1706447839736938,0.05168104990227978,0.6334627009969249,l40s
resnet152,gemm,334,layer2.4.conv1,512,128,1,1,0,1.1431727945804595,0.35321642205035814,0.6185969784130637,l40s
resnet152,gemm,334,layer2.4.conv2,128,128,3,1,1,0.8466624021530151,0.026503979465308292,0.4581484148247362,l40s
resnet152,gemm,334,layer2.4.conv3,128,512,1,1,0,1.194115197658539,0.0735352029316451,0.6461630793267628,l40s
resnet152,gemm,334,layer2.5.conv1,512,128,1,1,0,1.126556795835495,0.3216397639522002,0.6096056809769465,l40s
resnet152,gemm,334,layer2.5.conv2,128,128,3,1,1,0.8511536002159119,0.027922450788561405,0.46057870494739633,l40s
resnet152,gemm,334,layer2.5.conv3,128,512,1,1,0,1.1606127977371217,0.060631021977118386,0.6280341635064902,l40s
resnet152,gemm,334,layer2.6.conv1,512,128,1,1,0,1.0502448081970215,0.022712125316299712,0.568311516880626,l40s
resnet152,gemm,334,layer2.6.conv2,128,128,3,1,1,0.8412351936101914,0.02090217829943942,0.4552116279962494,l40s
resnet152,gemm,334,layer2.6.conv3,128,512,1,1,0,1.1882720112800598,0.08483302884674741,0.6430011973652889,l40s
resnet152,gemm,334,layer2.7.conv1,512,128,1,1,0,1.0555552065372467,0.026676617177657347,0.5711850950334708,l40s
resnet152,gemm,334,layer2.7.conv2,128,128,3,1,1,0.840897598862648,0.02238338374646666,0.45502894774725433,l40s
resnet152,gemm,334,layer2.7.conv3,128,512,1,1,0,1.162780797481537,0.06762089300214726,0.6292073178165417,l40s
resnet152,gemm,334,layer3.0.conv1,512,256,1,1,0,1.3425023972988128,0.033406510467742755,0.7264587911979824,l40s
resnet152,gemm,334,layer3.0.conv2,256,256,3,2,1,1.3490832030773163,0.01933776447711426,0.7300198159086864,l40s
resnet152,gemm,334,layer3.0.conv3,256,1024,1,1,0,0.828574401140213,0.02252971686941149,0.44836058325185646,l40s
resnet152,gemm,334,layer3.0.downsample.0,512,1024,1,2,0,1.4891712009906768,0.033936503581902006,0.8058246396693354,l40s
resnet152,gemm,334,layer3.1.conv1,1024,256,1,1,0,0.949617600440979,0.019227925621572776,0.5138598303472037,l40s
resnet152,gemm,334,layer3.1.conv2,256,256,3,1,1,1.0967296004295348,0.022454414532277776,0.5934655024841278,l40s
resnet152,gemm,334,layer3.1.conv3,256,1024,1,1,0,0.814640000462532,0.02160901237808936,0.4408203599399697,l40s
resnet152,gemm,334,layer3.2.conv1,1024,256,1,1,0,0.9538400024175644,0.02692725736608341,0.5161446687519872,l40s
resnet152,gemm,334,layer3.2.conv2,256,256,3,1,1,1.1079216063022614,0.023638929922994878,0.5995217531647528,l40s
resnet152,gemm,334,layer3.2.conv3,256,1024,1,1,0,0.8086095929145813,0.020650647394651295,0.43755716831623037,l40s
resnet152,gemm,334,layer3.3.conv1,1024,256,1,1,0,0.9454431980848312,0.03228239005849146,0.5116009656362559,l40s
resnet152,gemm,334,layer3.3.conv2,256,256,3,1,1,1.0928959965705871,0.028108326885343236,0.5913910516444819,l40s
resnet152,gemm,334,layer3.3.conv3,256,1024,1,1,0,0.8078463912010193,0.023213773688466693,0.43714418239129643,l40s
resnet152,gemm,334,layer3.4.conv1,1024,256,1,1,0,1.0538864016532898,0.504323691004506,0.5702820664942415,l40s
resnet152,gemm,334,layer3.4.conv2,256,256,3,1,1,1.106771206855774,0.03241808157024585,0.5988992456794987,l40s
resnet152,gemm,334,layer3.4.conv3,256,1024,1,1,0,0.8147215992212296,0.02699322021464032,0.4408645148969559,l40s
resnet152,gemm,334,layer3.5.conv1,1024,256,1,1,0,0.9554480016231537,0.029000636721509192,0.5170147939461693,l40s
resnet152,gemm,334,layer3.5.conv2,256,256,3,1,1,1.0866559982299804,0.027633584879231142,0.5880144456430957,l40s
resnet152,gemm,334,layer3.5.conv3,256,1024,1,1,0,0.8066336065530777,0.02239509035445287,0.4364879168448811,l40s
resnet152,gemm,334,layer3.6.conv1,1024,256,1,1,0,0.9529439985752106,0.02400269768313907,0.5156598205539246,l40s
resnet152,gemm,334,layer3.6.conv2,256,256,3,1,1,1.088174396753311,0.027598116603722925,0.5888360858562044,l40s
resnet152,gemm,334,layer3.6.conv3,256,1024,1,1,0,0.8165983974933624,0.027198604668364174,0.4418800934216865,l40s
resnet152,gemm,334,layer3.7.conv1,1024,256,1,1,0,0.9452464014291764,0.023137028891031485,0.5114944744591329,l40s
resnet152,gemm,334,layer3.7.conv2,256,256,3,1,1,1.0926128029823303,0.028787824989076304,0.5912378091085922,l40s
resnet152,gemm,334,layer3.7.conv3,256,1024,1,1,0,0.802441594004631,0.020753867207814403,0.43421952285559756,l40s
resnet152,gemm,334,layer3.8.conv1,1024,256,1,1,0,0.9440144002437592,0.03256171832370547,0.5108278104042207,l40s
resnet152,gemm,334,layer3.8.conv2,256,256,3,1,1,1.1108864009380341,0.025073168147497507,0.6011260714375449,l40s
resnet152,gemm,334,layer3.8.conv3,256,1024,1,1,0,0.8068735957145691,0.020884986051370034,0.4366177804760436,l40s
resnet152,gemm,334,layer3.9.conv1,1024,256,1,1,0,0.9391872078180313,0.02751429027373993,0.5082157060373829,l40s
resnet152,gemm,334,layer3.9.conv2,256,256,3,1,1,1.100355213880539,0.028528751866434075,0.5954274049509444,l40s
resnet152,gemm,334,layer3.9.conv3,256,1024,1,1,0,0.8088639974594116,0.022885235711480465,0.4376948324414375,l40s
resnet152,gemm,334,layer3.10.conv1,1024,256,1,1,0,0.9464448034763336,0.031083713859610167,0.5121429572508945,l40s
resnet152,gemm,334,layer3.10.conv2,256,256,3,1,1,1.0952575862407685,0.0314274056862175,0.5926689618966777,l40s
resnet152,gemm,334,layer3.10.conv3,256,1024,1,1,0,0.8188543945550919,0.023569290725088773,0.4431008650953221,l40s
resnet152,gemm,334,layer3.11.conv1,1024,256,1,1,0,0.9581200033426285,0.033147015514732724,0.518460675266839,l40s
resnet152,gemm,334,layer3.11.conv2,256,256,3,1,1,1.0914592146873474,0.02968033057250737,0.5906135760643909,l40s
resnet152,gemm,334,layer3.11.conv3,256,1024,1,1,0,0.7986927986145019,0.019122569116736324,0.4321909638205885,l40s
resnet152,gemm,334,layer3.12.conv1,1024,256,1,1,0,0.9468640059232711,0.020665227322629178,0.5123697972948916,l40s
resnet152,gemm,334,layer3.12.conv2,256,256,3,1,1,1.080655997991562,0.03126142863353106,0.5847677081108879,l40s
resnet152,gemm,334,layer3.12.conv3,256,1024,1,1,0,0.8118543982505798,0.029100669865243754,0.4393130067913087,l40s
resnet152,gemm,334,layer3.13.conv1,1024,256,1,1,0,0.9426496058702469,0.03132813357413023,0.5100892889141954,l40s
resnet152,gemm,334,layer3.13.conv2,256,256,3,1,1,1.0994976043701172,0.027207723682522444,0.5949633328051407,l40s
resnet152,gemm,334,layer3.13.conv3,256,1024,1,1,0,0.8143600046634674,0.025249605298981587,0.4406688478010429,l40s
resnet152,gemm,334,layer3.14.conv1,1024,256,1,1,0,0.9546911984682083,0.03216211798358062,0.5166052704278332,l40s
resnet152,gemm,334,layer3.14.conv2,256,256,3,1,1,1.1037087976932525,0.02603118949447932,0.5972421059508581,l40s
resnet152,gemm,334,layer3.14.conv3,256,1024,1,1,0,0.8061455965042115,0.022187363816592216,0.4362238434317497,l40s
resnet152,gemm,334,layer3.15.conv1,1024,256,1,1,0,0.9557823956012725,0.022537634343475645,0.5171957421855296,l40s
resnet152,gemm,334,layer3.15.conv2,256,256,3,1,1,1.0859839916229248,0.02930696334222879,0.5876508074787089,l40s
resnet152,gemm,334,layer3.15.conv3,256,1024,1,1,0,0.7968031972646713,0.01783201306310927,0.4311684572573184,l40s
resnet152,gemm,334,layer3.16.conv1,1024,256,1,1,0,0.9501568019390106,0.030713220889747327,0.51415160462579,l40s
resnet152,gemm,334,layer3.16.conv2,256,256,3,1,1,1.0868672013282776,0.03344906805298137,0.5881287324762478,l40s
resnet152,gemm,334,layer3.16.conv3,256,1024,1,1,0,0.8180208027362823,0.028566325618499484,0.4426497894724678,l40s
resnet152,gemm,334,layer3.17.conv1,1024,256,1,1,0,0.9493456035852432,0.024392608531461257,0.5137126466196923,l40s
resnet152,gemm,334,layer3.17.conv2,256,256,3,1,1,1.0888880014419555,0.02459638670257542,0.5892222336951572,l40s
resnet152,gemm,334,layer3.17.conv3,256,1024,1,1,0,0.8092127978801728,0.029072111640440493,0.4378835763368266,l40s
resnet152,gemm,334,layer3.18.conv1,1024,256,1,1,0,0.9474063992500306,0.02124687716522664,0.5126632987450971,l40s
resnet152,gemm,334,layer3.18.conv2,256,256,3,1,1,1.0857120037078858,0.023575427543088206,0.5875036285892132,l40s
resnet152,gemm,334,layer3.18.conv3,256,1024,1,1,0,0.8009583979845047,0.019237413138829124,0.43341693152312877,l40s
resnet152,gemm,334,layer3.19.conv1,1024,256,1,1,0,0.938017600774765,0.020117029336618703,0.5075828048816475,l40s
resnet152,gemm,334,layer3.19.conv2,256,256,3,1,1,1.0938864171504974,0.027624725705381138,0.59192699090143,l40s
resnet152,gemm,334,layer3.19.conv3,256,1024,1,1,0,0.8126160055398941,0.027635553585469562,0.4397251299367691,l40s
resnet152,gemm,334,layer3.20.conv1,1024,256,1,1,0,0.9418864041566849,0.02817588513806092,0.5096763029892615,l40s
resnet152,gemm,334,layer3.20.conv2,256,256,3,1,1,1.087012803554535,0.02461975409594469,0.5882075211752441,l40s
resnet152,gemm,334,layer3.20.conv3,256,1024,1,1,0,0.807843205332756,0.023843545254740948,0.43714245844502103,l40s
resnet152,gemm,334,layer3.21.conv1,1024,256,1,1,0,0.944131201505661,0.026694315338972596,0.5108910142418467,l40s
resnet152,gemm,334,layer3.21.conv2,256,256,3,1,1,1.1013440012931823,0.027742538423450567,0.5959624604636837,l40s
resnet152,gemm,334,layer3.21.conv3,256,1024,1,1,0,0.8056528002023697,0.02347718184285401,0.4359571800675254,l40s
resnet152,gemm,334,layer3.22.conv1,1024,256,1,1,0,0.9563167959451675,0.02884308118127247,0.5174849184496635,l40s
resnet152,gemm,334,layer3.22.conv2,256,256,3,1,1,1.0910735905170441,0.023542683173046766,0.590404905994841,l40s
resnet152,gemm,334,layer3.22.conv3,256,1024,1,1,0,0.812446403503418,0.02441865042104384,0.4396333543908549,l40s
resnet152,gemm,334,layer3.23.conv1,1024,256,1,1,0,0.9481887966394424,0.026719064091454352,0.5130866718898246,l40s
resnet152,gemm,334,layer3.23.conv2,256,256,3,1,1,1.0898447990417481,0.02970554425004583,0.5897399787875794,l40s
resnet152,gemm,334,layer3.23.conv3,256,1024,1,1,0,0.8075792074203492,0.021143436794101845,0.4369996031289249,l40s
resnet152,gemm,334,layer3.24.conv1,1024,256,1,1,0,0.9500191986560822,0.034414566858766406,0.514077144338209,l40s
resnet152,gemm,334,layer3.24.conv2,256,256,3,1,1,1.1028815984725953,0.025877049182890757,0.5967944895092581,l40s
resnet152,gemm,334,layer3.24.conv3,256,1024,1,1,0,0.805348801612854,0.022752083763922158,0.43579267946900896,l40s
resnet152,gemm,334,layer3.25.conv1,1024,256,1,1,0,0.947763204574585,0.03463174831678668,0.5128563742772453,l40s
resnet152,gemm,334,layer3.25.conv2,256,256,3,1,1,1.0862367928028107,0.025769292849267808,0.5877876039864267,l40s
resnet152,gemm,334,layer3.25.conv3,256,1024,1,1,0,0.800612798333168,0.014249033006499592,0.4332299196373745,l40s
resnet152,gemm,334,layer3.26.conv1,1024,256,1,1,0,0.9484336018562317,0.02603523541643906,0.513219141598799,l40s
resnet152,gemm,334,layer3.26.conv2,256,256,3,1,1,1.0940735936164856,0.027423404497364974,0.5920282763736169,l40s
resnet152,gemm,334,layer3.26.conv3,256,1024,1,1,0,0.8106624007225036,0.02147366160566044,0.4386679896314887,l40s
resnet152,gemm,334,layer3.27.conv1,1024,256,1,1,0,0.9532464057207107,0.031565621573793626,0.5158234599856393,l40s
resnet152,gemm,334,layer3.27.conv2,256,256,3,1,1,1.0868208050727843,0.02580075097245345,0.5881036263999013,l40s
resnet152,gemm,334,layer3.27.conv3,256,1024,1,1,0,0.802377599477768,0.01764473080977546,0.43418489395160326,l40s
resnet152,gemm,334,layer3.28.conv1,1024,256,1,1,0,0.9535615980625153,0.027736809026282314,0.5159940177798621,l40s
resnet152,gemm,334,layer3.28.conv2,256,256,3,1,1,1.0983023941516876,0.030719329339084826,0.5943165771849982,l40s
resnet152,gemm,334,layer3.28.conv3,256,1024,1,1,0,0.8099664002656937,0.020689381489420844,0.43829136784552786,l40s
resnet152,gemm,334,layer3.29.conv1,1024,256,1,1,0,0.9494287937879562,0.026634471558214544,0.5137576627434801,l40s
resnet152,gemm,334,layer3.29.conv2,256,256,3,1,1,1.0840880036354066,0.025105485025041105,0.5866248449595285,l40s
resnet152,gemm,334,layer3.29.conv3,256,1024,1,1,0,0.8073952078819275,0.026543622484496876,0.4369000367649976,l40s
resnet152,gemm,334,layer3.30.conv1,1024,256,1,1,0,0.958121606707573,0.02679019497070444,0.5184615428843284,l40s
resnet152,gemm,334,layer3.30.conv2,256,256,3,1,1,1.0922239959239959,0.029506981920760244,0.5910274167054389,l40s
resnet152,gemm,334,layer3.30.conv3,256,1024,1,1,0,0.801691198348999,0.01970191773079748,0.43381346658187514,l40s
resnet152,gemm,334,layer3.31.conv1,1024,256,1,1,0,0.943260794878006,0.028039042294515728,0.5104200172828475,l40s
resnet152,gemm,334,layer3.31.conv2,256,256,3,1,1,1.075185590982437,0.022062899196048577,0.5818075456030176,l40s
resnet152,gemm,334,layer3.31.conv3,256,1024,1,1,0,0.8054224014282226,0.0233387677043715,0.43583250601457985,l40s
resnet152,gemm,334,layer3.32.conv1,1024,256,1,1,0,0.9438272058963776,0.024266858980794778,0.5107265152560022,l40s
resnet152,gemm,334,layer3.32.conv2,256,256,3,1,1,1.092924803495407,0.02965636551460346,0.5914066397311959,l40s
resnet152,gemm,334,layer3.32.conv3,256,1024,1,1,0,0.8032640010118485,0.02305547658331662,0.4346645461207613,l40s
resnet152,gemm,334,layer3.33.conv1,1024,256,1,1,0,0.9532159924507141,0.01887779515899043,0.515807002668764,l40s
resnet152,gemm,334,layer3.33.conv2,256,256,3,1,1,1.0892399966716766,0.029820508129737622,0.5894127063748374,l40s
resnet152,gemm,334,layer3.33.conv3,256,1024,1,1,0,0.808720001578331,0.026771900191711637,0.4376169129726024,l40s
resnet152,gemm,334,layer3.34.conv1,1024,256,1,1,0,0.9560784041881562,0.02749023078994483,0.5173559192106466,l40s
resnet152,gemm,334,layer3.34.conv2,256,256,3,1,1,1.0880415916442872,0.03043733841162198,0.5887642219704039,l40s
resnet152,gemm,334,layer3.34.conv3,256,1024,1,1,0,0.8023167997598648,0.02225560907663093,0.4341519938318999,l40s
resnet152,gemm,334,layer3.35.conv1,1024,256,1,1,0,0.9495967924594879,0.03154969990686834,0.513848570671905,l40s
resnet152,gemm,334,layer3.35.conv2,256,256,3,1,1,1.0889024078845977,0.029256690948375658,0.5892300293511861,l40s
resnet152,gemm,334,layer3.35.conv3,256,1024,1,1,0,0.8016191959381104,0.02294530900529659,0.43377450442844967,l40s
resnet152,gemm,334,layer4.0.conv1,1024,512,1,1,0,1.2251807928085328,0.02494454232550859,0.6629733842810914,l40s
resnet152,gemm,334,layer4.0.conv2,512,512,3,2,1,1.92674720287323,0.019089837537247325,1.0426070350113765,l40s
resnet152,gemm,334,layer4.0.conv3,512,2048,1,1,0,1.050572794675827,0.02613748581140218,0.5684889978753725,l40s
resnet152,gemm,334,layer4.0.downsample.0,1024,2048,1,2,0,1.8213984012603759,0.04607396536757798,0.9856003859150206,l40s
resnet152,gemm,334,layer4.1.conv1,2048,512,1,1,0,1.231407994031906,0.035369451558773135,0.6663430654692819,l40s
resnet152,gemm,334,layer4.1.conv2,512,512,3,1,1,1.8740847945213317,0.027296373715006938,1.0141101998549777,l40s
resnet152,gemm,334,layer4.1.conv3,512,2048,1,1,0,1.045419204235077,0.02275572300014866,0.5657002720679181,l40s
resnet152,gemm,334,layer4.2.conv1,2048,512,1,1,0,1.2292767941951752,0.02578450472858569,0.665189824432016,l40s
resnet152,gemm,334,layer4.2.conv2,512,512,3,1,1,1.8722927868366241,0.028684306636576763,1.0131405034588525,l40s
resnet152,gemm,334,layer4.2.conv3,512,2048,1,1,0,1.048526394367218,0.020716165722132415,0.5673816438047278,l40s
resnet152,gemm,337,conv1,3,64,7,2,3,1.4130240082740784,0.024643443196751838,0.7508251034762817,l40s
resnet152,gemm,337,layer1.0.conv1,64,64,1,1,0,0.8612879991531373,0.029861179317387843,0.4576543974485682,l40s
resnet152,gemm,337,layer1.0.conv2,64,64,3,1,1,1.0670128107070922,0.027159825792622345,0.5669684303440914,l40s
resnet152,gemm,337,layer1.0.conv3,64,256,1,1,0,1.6736528038978578,0.015449629881186987,0.8893129432421056,l40s
resnet152,gemm,337,layer1.0.downsample.0,64,256,1,1,0,1.4215727984905242,0.017923784889224987,0.7553675926776506,l40s
resnet152,gemm,337,layer1.1.conv1,256,64,1,1,0,1.3777104020118713,0.02994721067956595,0.732060848997458,l40s
resnet152,gemm,337,layer1.1.conv2,64,64,3,1,1,1.040612804889679,0.03025257009494613,0.5529405108016311,l40s
resnet152,gemm,337,layer1.1.conv3,64,256,1,1,0,1.386550396680832,0.027547073677891293,0.7367580727340591,l40s
resnet152,gemm,337,layer1.2.conv1,256,64,1,1,0,1.397846406698227,0.030509848017313938,0.7427603259445613,l40s
resnet152,gemm,337,layer1.2.conv2,64,64,3,1,1,1.0390160143375398,0.022584265437421053,0.5520920394207348,l40s
resnet152,gemm,337,layer1.2.conv3,64,256,1,1,0,1.3715680062770843,0.03054664750602192,0.7287970227028172,l40s
resnet152,gemm,337,layer2.0.conv1,256,128,1,1,0,1.9925936043262482,0.0332982889305445,1.058785477383228,l40s
resnet152,gemm,337,layer2.0.conv2,128,128,3,2,1,1.1034559965133668,0.03165089415532765,0.5863328987422067,l40s
resnet152,gemm,337,layer2.0.conv3,128,512,1,1,0,1.1768447995185851,0.020608386055027926,0.6253288077202129,l40s
resnet152,gemm,337,layer2.0.downsample.0,256,512,1,2,0,2.0922640204429626,0.03883436340528138,1.1117463966996397,l40s
resnet152,gemm,337,layer2.1.conv1,512,128,1,1,0,1.1041920065879822,0.030961111581381352,0.5867239854025867,l40s
resnet152,gemm,337,layer2.1.conv2,128,128,3,1,1,0.9087136030197144,0.03209350881422771,0.48285448868696207,l40s
resnet152,gemm,337,layer2.1.conv3,128,512,1,1,0,1.2385952055454255,0.024777256844737246,0.6581405325906454,l40s
resnet152,gemm,337,layer2.2.conv1,512,128,1,1,0,1.1035311996936799,0.02605679255214562,0.5863728587395667,l40s
resnet152,gemm,337,layer2.2.conv2,128,128,3,1,1,0.9133247971534729,0.03294732402187799,0.4853046949767033,l40s
resnet152,gemm,337,layer2.2.conv3,128,512,1,1,0,1.2306479930877685,0.029103941773525065,0.6539176980309153,l40s
resnet152,gemm,337,layer2.3.conv1,512,128,1,1,0,1.1043103873729705,0.024921841056101273,0.5867868882723313,l40s
resnet152,gemm,337,layer2.3.conv2,128,128,3,1,1,0.9002783983945847,0.03789411678145742,0.47837235437896664,l40s
resnet152,gemm,337,layer2.3.conv3,128,512,1,1,0,1.2222463965415955,0.026820589140401245,0.649453421727605,l40s
resnet152,gemm,337,layer2.4.conv1,512,128,1,1,0,1.1096736073493958,0.03821830818113734,0.5896366913685179,l40s
resnet152,gemm,337,layer2.4.conv2,128,128,3,1,1,0.9032607972621918,0.03606879576467311,0.4799570832478793,l40s
resnet152,gemm,337,layer2.4.conv3,128,512,1,1,0,1.227611207962036,0.02543281289633564,0.6523040704542343,l40s
resnet152,gemm,337,layer2.5.conv1,512,128,1,1,0,1.1144095957279205,0.03283693270443669,0.5921532083870162,l40s
resnet152,gemm,337,layer2.5.conv2,128,128,3,1,1,0.9066927999258041,0.037575868172041456,0.48178071380188875,l40s
resnet152,gemm,337,layer2.5.conv3,128,512,1,1,0,1.2189200162887572,0.025540250793902614,0.6476859147476003,l40s
resnet152,gemm,337,layer2.6.conv1,512,128,1,1,0,1.1001583933830261,0.03375721644972874,0.5845806827875847,l40s
resnet152,gemm,337,layer2.6.conv2,128,128,3,1,1,0.9014751970767975,0.03805482242989364,0.47900828589120625,l40s
resnet152,gemm,337,layer2.6.conv3,128,512,1,1,0,1.2661920070648194,0.1787510005216323,0.672804382061768,l40s
resnet152,gemm,337,layer2.7.conv1,512,128,1,1,0,1.1141039967536925,0.08475839020070822,0.5919908251719375,l40s
resnet152,gemm,337,layer2.7.conv2,128,128,3,1,1,0.8972096025943757,0.033150772269052664,0.47674171759519823,l40s
resnet152,gemm,337,layer2.7.conv3,128,512,1,1,0,1.2205536007881164,0.027579215049154136,0.6485539369776449,l40s
resnet152,gemm,337,layer3.0.conv1,512,256,1,1,0,1.4304560005664826,0.06059121976371402,0.7600877751224123,l40s
resnet152,gemm,337,layer3.0.conv2,256,256,3,2,1,1.3965663969516755,0.050907753922376384,0.7420801793619288,l40s
resnet152,gemm,337,layer3.0.conv3,256,1024,1,1,0,0.8947503954172135,0.06609274388506743,0.4754349921096789,l40s
resnet152,gemm,337,layer3.0.downsample.0,512,1024,1,2,0,1.5405151963233947,0.09075327783817164,0.8185688812882117,l40s
resnet152,gemm,337,layer3.1.conv1,1024,256,1,1,0,0.9832960069179535,0.05541116869273262,0.5224846299984347,l40s
resnet152,gemm,337,layer3.1.conv2,256,256,3,1,1,1.1641471982002258,0.025208683314741985,0.6185818042949828,l40s
resnet152,gemm,337,layer3.1.conv3,256,1024,1,1,0,0.8394095957279205,0.04506424776574167,0.44602907868579744,l40s
resnet152,gemm,337,layer3.2.conv1,1024,256,1,1,0,0.985030397772789,0.054290290366173666,0.5234062167410697,l40s
resnet152,gemm,337,layer3.2.conv2,256,256,3,1,1,1.1419264018535613,0.040905018573036085,0.606774551467985,l40s
resnet152,gemm,337,layer3.2.conv3,256,1024,1,1,0,0.8446624040603637,0.0501327789957874,0.4488202133987631,l40s
resnet152,gemm,337,layer3.3.conv1,1024,256,1,1,0,0.97085599899292,0.05775844380938881,0.5158745015201738,l40s
resnet152,gemm,337,layer3.3.conv2,256,256,3,1,1,1.1529247999191283,0.02582528089932967,0.6126186654513979,l40s
resnet152,gemm,337,layer3.3.conv3,256,1024,1,1,0,0.8383887976408004,0.04633602095679467,0.4454866669327752,l40s
resnet152,gemm,337,layer3.4.conv1,1024,256,1,1,0,0.9794432044029235,0.055352538895813104,0.5204374030369097,l40s
resnet152,gemm,337,layer3.4.conv2,256,256,3,1,1,1.1357616066932679,0.02778668706743785,0.6034988230040426,l40s
resnet152,gemm,337,layer3.4.conv3,256,1024,1,1,0,0.8384351909160614,0.05775942728605556,0.4455113184853989,l40s
resnet152,gemm,337,layer3.5.conv1,1024,256,1,1,0,0.990614402294159,0.05810977395750653,0.526373336017189,l40s
resnet152,gemm,337,layer3.5.conv2,256,256,3,1,1,1.137776005268097,0.027079018800729816,0.6045691947808364,l40s
resnet152,gemm,337,layer3.5.conv3,256,1024,1,1,0,0.8451407968997955,0.04799515360759815,0.4490744124435532,l40s
resnet152,gemm,337,layer3.6.conv1,1024,256,1,1,0,0.9780784100294113,0.05309980813618931,0.5197122052549075,l40s
resnet152,gemm,337,layer3.6.conv2,256,256,3,1,1,1.1491391837596894,0.03459710229460368,0.6106071386634674,l40s
resnet152,gemm,337,layer3.6.conv3,256,1024,1,1,0,0.8329327970743179,0.0556108915986185,0.4425875638984967,l40s
resnet152,gemm,337,layer3.7.conv1,1024,256,1,1,0,0.9865296006202697,0.04790165793949872,0.5242028338731922,l40s
resnet152,gemm,337,layer3.7.conv2,256,256,3,1,1,1.1445055961608888,0.023246141180139304,0.6081450333715798,l40s
resnet152,gemm,337,layer3.7.conv3,256,1024,1,1,0,0.8394032061100006,0.045685458124959256,0.4460256834954059,l40s
resnet152,gemm,337,layer3.8.conv1,1024,256,1,1,0,0.9745984077453613,0.05297865087694626,0.5178630695999437,l40s
resnet152,gemm,337,layer3.8.conv2,256,256,3,1,1,1.1417616248130797,0.03080729634299683,0.6066869954620391,l40s
resnet152,gemm,337,layer3.8.conv3,256,1024,1,1,0,0.836097601056099,0.05680190969174255,0.44426921563490657,l40s
resnet152,gemm,337,layer3.9.conv1,1024,256,1,1,0,0.9897184044122695,0.0572861869545965,0.5258972381600793,l40s
resnet152,gemm,337,layer3.9.conv2,256,256,3,1,1,1.144209611415863,0.025290995172500462,0.6079877587778645,l40s
resnet152,gemm,337,layer3.9.conv3,256,1024,1,1,0,0.8397967964410782,0.04632515136900601,0.4462348218393605,l40s
resnet152,gemm,337,layer3.10.conv1,1024,256,1,1,0,0.9821503907442093,0.051781356857778016,0.5218758948480348,l40s
resnet152,gemm,337,layer3.10.conv2,256,256,3,1,1,1.1373776197433472,0.022740117242959417,0.6043575084605104,l40s
resnet152,gemm,337,layer3.10.conv3,256,1024,1,1,0,0.8449103891849518,0.05412850382063294,0.4489519828915241,l40s
resnet152,gemm,337,layer3.11.conv1,1024,256,1,1,0,0.9813311964273452,0.050131960189001686,0.5214406073694604,l40s
resnet152,gemm,337,layer3.11.conv2,256,256,3,1,1,1.1546079993247986,0.03171102082957433,0.6135130510814604,l40s
resnet152,gemm,337,layer3.11.conv3,256,1024,1,1,0,0.8364592015743255,0.04301207337650661,0.4444613558568169,l40s
resnet152,gemm,337,layer3.12.conv1,1024,256,1,1,0,0.9734928011894226,0.053774162463977905,0.5172755939789309,l40s
resnet152,gemm,337,layer3.12.conv2,256,256,3,1,1,1.1352463960647583,0.01980118423480768,0.6032250604414834,l40s
resnet152,gemm,337,layer3.12.conv3,256,1024,1,1,0,0.8294575989246369,0.05070700544789429,0.4407409809706369,l40s
resnet152,gemm,337,layer3.13.conv1,1024,256,1,1,0,0.9749007999897004,0.05383000686877243,0.518023748885516,l40s
resnet152,gemm,337,layer3.13.conv2,256,256,3,1,1,1.1307135939598083,0.029003155135166114,0.6008165085771427,l40s
resnet152,gemm,337,layer3.13.conv3,256,1024,1,1,0,0.8328879952430726,0.046119327001639635,0.44256375797631575,l40s
resnet152,gemm,337,layer3.14.conv1,1024,256,1,1,0,0.9697728008031845,0.04533818624305584,0.5152989328191955,l40s
resnet152,gemm,337,layer3.14.conv2,256,256,3,1,1,1.1379712045192718,0.022739939263576266,0.6046729159470046,l40s
resnet152,gemm,337,layer3.14.conv3,256,1024,1,1,0,0.8299359977245331,0.045717791885386785,0.44099518318258213,l40s
resnet152,gemm,337,layer3.15.conv1,1024,256,1,1,0,0.9650703966617584,0.05099949443598722,0.5128002611367617,l40s
resnet152,gemm,337,layer3.15.conv2,256,256,3,1,1,1.1449344038963318,0.026980273048784836,0.608372884852128,l40s
resnet152,gemm,337,layer3.15.conv3,256,1024,1,1,0,0.8408496052026748,0.05348061163786883,0.44679424279947005,l40s
resnet152,gemm,337,layer3.16.conv1,1024,256,1,1,0,0.9773696035146713,0.05005848668883564,0.5193355734909332,l40s
resnet152,gemm,337,layer3.16.conv2,256,256,3,1,1,1.1490544140338899,0.03340024408100725,0.6105620953819857,l40s
resnet152,gemm,337,layer3.16.conv3,256,1024,1,1,0,0.8345519989728928,0.04900110553591573,0.44344794378300506,l40s
resnet152,gemm,337,layer3.17.conv1,1024,256,1,1,0,0.9739887982606887,0.05974440266338813,0.5175391472166513,l40s
resnet152,gemm,337,layer3.17.conv2,256,256,3,1,1,1.1436047911643983,0.03497457246257688,0.6076663812037881,l40s
resnet152,gemm,337,layer3.17.conv3,256,1024,1,1,0,0.8291952013969421,0.048039703191775605,0.4406015532965637,l40s
resnet152,gemm,337,layer3.18.conv1,1024,256,1,1,0,0.978608000278473,0.044972452303233934,0.5199936085794252,l40s
resnet152,gemm,337,layer3.18.conv2,256,256,3,1,1,1.134008002281189,0.02620053204886932,0.6025670269365689,l40s
resnet152,gemm,337,layer3.18.conv3,256,1024,1,1,0,0.8285712033510209,0.04738582157917985,0.44026998540057993,l40s
resnet152,gemm,337,layer3.19.conv1,1024,256,1,1,0,0.988697612285614,0.060281924472984014,0.5253548295742123,l40s
resnet152,gemm,337,layer3.19.conv2,256,256,3,1,1,1.1466656088829041,0.03456977717240593,0.6092927787503,l40s
resnet152,gemm,337,layer3.19.conv3,256,1024,1,1,0,0.8328015983104706,0.04547641758072619,0.44251785006146005,l40s
resnet152,gemm,337,layer3.20.conv1,1024,256,1,1,0,0.9751728057861329,0.04878018245460407,0.5181682820137975,l40s
resnet152,gemm,337,layer3.20.conv2,256,256,3,1,1,1.1509872019290923,0.024541293045199055,0.6115891024695621,l40s
resnet152,gemm,337,layer3.20.conv3,256,1024,1,1,0,0.8252576053142547,0.044149722925545795,0.4385092703849359,l40s
resnet152,gemm,337,layer3.21.conv1,1024,256,1,1,0,0.9866591930389405,0.04970856997414197,0.5242716941618982,l40s
resnet152,gemm,337,layer3.21.conv2,256,256,3,1,1,1.134366399049759,0.027824741935914922,0.6027574648125509,l40s
resnet152,gemm,337,layer3.21.conv3,256,1024,1,1,0,0.8279519975185394,0.04934218514260446,0.4399409638973899,l40s
resnet152,gemm,337,layer3.22.conv1,1024,256,1,1,0,0.9743999987840652,0.04582965606159381,0.5177576429206915,l40s
resnet152,gemm,337,layer3.22.conv2,256,256,3,1,1,1.1351456046104431,0.025985664653147052,0.6031715038467811,l40s
resnet152,gemm,337,layer3.22.conv3,256,1024,1,1,0,0.8373968034982682,0.046184431049538725,0.4449595604573344,l40s
resnet152,gemm,337,layer3.23.conv1,1024,256,1,1,0,0.9817760020494462,0.05662985247150186,0.5216769594946085,l40s
resnet152,gemm,337,layer3.23.conv2,256,256,3,1,1,1.1373567938804627,0.026885344166725136,0.6043464424201858,l40s
resnet152,gemm,337,layer3.23.conv3,256,1024,1,1,0,0.8377232044935227,0.04727129357230827,0.4451329970441169,l40s
resnet152,gemm,337,layer3.24.conv1,1024,256,1,1,0,0.9852608054876327,0.05993882538926507,0.5235286462930987,l40s
resnet152,gemm,337,layer3.24.conv2,256,256,3,1,1,1.1382128059864045,0.026931617857099827,0.6048012934165293,l40s
resnet152,gemm,337,layer3.24.conv3,256,1024,1,1,0,0.8280047953128815,0.045526032005380565,0.4399690185582931,l40s
resnet152,gemm,337,layer3.25.conv1,1024,256,1,1,0,0.9834288030862808,0.04939265935384978,0.5225551926330693,l40s
resnet152,gemm,337,layer3.25.conv2,256,256,3,1,1,1.1495744049549104,0.03371222181397445,0.6108383980030281,l40s
resnet152,gemm,337,layer3.25.conv3,256,1024,1,1,0,0.827059206366539,0.04997296899378424,0.4394665699697862,l40s
resnet152,gemm,337,layer3.26.conv1,1024,256,1,1,0,0.9803168058395386,0.058150089748576723,0.5209016003082955,l40s
resnet152,gemm,337,layer3.26.conv2,256,256,3,1,1,1.1344879925251008,0.023132151808904166,0.602822074778957,l40s
resnet152,gemm,337,layer3.26.conv3,256,1024,1,1,0,0.8263791888952255,0.047026968011160804,0.4391052355655052,l40s
resnet152,gemm,337,layer3.27.conv1,1024,256,1,1,0,0.9712816059589386,0.05448344812630739,0.516100652238371,l40s
resnet152,gemm,337,layer3.27.conv2,256,256,3,1,1,1.126910400390625,0.024029877938093375,0.5987956418484802,l40s
resnet152,gemm,337,layer3.27.conv3,256,1024,1,1,0,0.8352399975061416,0.04673580504278309,0.4438135190081204,l40s
resnet152,gemm,337,layer3.28.conv1,1024,256,1,1,0,0.9748623967170715,0.05288728499431778,0.5180033429044595,l40s
resnet152,gemm,337,layer3.28.conv2,256,256,3,1,1,1.1460511982440948,0.02530648650990942,0.6089663052234812,l40s
resnet152,gemm,337,layer3.28.conv3,256,1024,1,1,0,0.8267888009548188,0.04718722555267048,0.43932288722268037,l40s
resnet152,gemm,337,layer3.29.conv1,1024,256,1,1,0,0.9786127984523774,0.05498805849178465,0.519996158139374,l40s
resnet152,gemm,337,layer3.29.conv2,256,256,3,1,1,1.148689603805542,0.03385779257081185,0.6103682496469914,l40s
resnet152,gemm,337,layer3.29.conv3,256,1024,1,1,0,0.8333327978849411,0.04775839868691347,0.44280010851788604,l40s
resnet152,gemm,337,layer3.30.conv1,1024,256,1,1,0,0.9681727975606919,0.05432903845093733,0.5144487543416377,l40s
resnet152,gemm,337,layer3.30.conv2,256,256,3,1,1,1.1320048093795776,0.024158463127490173,0.6015026094115813,l40s
resnet152,gemm,337,layer3.30.conv3,256,1024,1,1,0,0.8328207999467849,0.044817889717710314,0.44252805305198833,l40s
resnet152,gemm,337,layer3.31.conv1,1024,256,1,1,0,0.9775759965181351,0.053047243629438176,0.519445242574597,l40s
resnet152,gemm,337,layer3.31.conv2,256,256,3,1,1,1.1425072014331819,0.02902548985453277,0.607083165406541,l40s
resnet152,gemm,337,layer3.31.conv3,256,1024,1,1,0,0.8230511993169785,0.051919098622635274,0.4373368734535922,l40s
resnet152,gemm,337,layer3.32.conv1,1024,256,1,1,0,0.9904416024684906,0.055248841588599516,0.5262815170203226,l40s
resnet152,gemm,337,layer3.32.conv2,256,256,3,1,1,1.1366192042827605,0.024926588249389012,0.6039545164636734,l40s
resnet152,gemm,337,layer3.32.conv3,256,1024,1,1,0,0.8336239933967591,0.04495748215950323,0.4429548383023854,l40s
resnet152,gemm,337,layer3.33.conv1,1024,256,1,1,0,0.9896064043045044,0.043743304220656296,0.5258377257299933,l40s
resnet152,gemm,337,layer3.33.conv2,256,256,3,1,1,1.1422912001609802,0.026649701782603827,0.6069683908686688,l40s
resnet152,gemm,337,layer3.33.conv3,256,1024,1,1,0,0.831508794426918,0.05652227534846901,0.44183090518015655,l40s
resnet152,gemm,337,layer3.34.conv1,1024,256,1,1,0,0.9812144011259079,0.05951232343932202,0.5213785469630032,l40s
resnet152,gemm,337,layer3.34.conv2,256,256,3,1,1,1.1412288010120393,0.028285398617428036,0.6064038739558169,l40s
resnet152,gemm,337,layer3.34.conv3,256,1024,1,1,0,0.8364319950342178,0.06187277670345959,0.44444689937683357,l40s
resnet152,gemm,337,layer3.35.conv1,1024,256,1,1,0,0.9652304023504257,0.05759165420918981,0.5128852818349571,l40s
resnet152,gemm,337,layer3.35.conv2,256,256,3,1,1,1.1330287992954253,0.029926041763922415,0.6020467171762215,l40s
resnet152,gemm,337,layer3.35.conv3,256,1024,1,1,0,0.8407936006784439,0.04240047294448941,0.44676448420906073,l40s
resnet152,gemm,337,layer4.0.conv1,1024,512,1,1,0,1.240334403514862,0.035658784724856334,0.6590646736439619,l40s
resnet152,gemm,337,layer4.0.conv2,512,512,3,2,1,1.9373216032981873,0.028487196590625676,1.0294161208484272,l40s
resnet152,gemm,337,layer4.0.conv3,512,2048,1,1,0,1.0200928002595901,0.022563441120174547,0.5420369914633157,l40s
resnet152,gemm,337,layer4.0.downsample.0,1024,2048,1,2,0,1.8211199939250946,0.029023534310995924,0.967671178886521,l40s
resnet152,gemm,337,layer4.1.conv1,2048,512,1,1,0,1.2553919911384583,0.021795239394088207,0.6670656805054087,l40s
resnet152,gemm,337,layer4.1.conv2,512,512,3,1,1,1.8617616057395936,0.022603271508055203,0.9892665249085154,l40s
resnet152,gemm,337,layer4.1.conv3,512,2048,1,1,0,1.038723212480545,0.018235794687861753,0.5519364560879046,l40s
resnet152,gemm,337,layer4.2.conv1,2048,512,1,1,0,1.2274672031402587,0.027665832786348526,0.6522275519842161,l40s
resnet152,gemm,337,layer4.2.conv2,512,512,3,1,1,1.8688192129135133,0.019751099821197556,0.9930166583851048,l40s
resnet152,gemm,337,layer4.2.conv3,512,2048,1,1,0,1.045049601793289,0.02543856205378099,0.5552980492969077,l40s
resnet152,gemm,340,conv1,3,64,7,2,3,1.3846624076366425,0.14094015543932992,0.7378685024157051,l40s
resnet152,gemm,340,layer1.0.conv1,64,64,1,1,0,0.864995202422142,0.03322346386078461,0.4609446397099583,l40s
resnet152,gemm,340,layer1.0.conv2,64,64,3,1,1,1.067364799976349,0.025271565696185983,0.5687847537032719,l40s
resnet152,gemm,340,layer1.0.conv3,64,256,1,1,0,1.4945247888565063,0.01716614053718722,0.7964127296984296,l40s
resnet152,gemm,340,layer1.0.downsample.0,64,256,1,1,0,1.4205615997314454,0.026719194498755632,0.7569987127563884,l40s
resnet152,gemm,340,layer1.1.conv1,256,64,1,1,0,1.390726387500763,0.02401762107853734,0.7410999180418826,l40s
resnet152,gemm,340,layer1.1.conv2,64,64,3,1,1,1.0463808059692383,0.02161024997559359,0.5576026575133752,l40s
resnet152,gemm,340,layer1.1.conv3,64,256,1,1,0,1.3729088068008424,0.021708714405140824,0.7316051621250516,l40s
resnet152,gemm,340,layer1.2.conv1,256,64,1,1,0,1.3809823989868164,0.023993925563859278,0.7359074738961553,l40s
resnet152,gemm,340,layer1.2.conv2,64,64,3,1,1,1.045252799987793,0.025681204762056774,0.5570015578665193,l40s
resnet152,gemm,340,layer1.2.conv3,64,256,1,1,0,1.3720528125762939,0.022180912933217185,0.7311490139888268,l40s
resnet152,gemm,340,layer2.0.conv1,256,128,1,1,0,1.9599760055541993,0.03364713812391913,1.044445600612059,l40s
resnet152,gemm,340,layer2.0.conv2,128,128,3,2,1,1.093688005208969,0.019658042107125993,0.582812045783026,l40s
resnet152,gemm,340,layer2.0.conv3,128,512,1,1,0,1.0928592145442964,0.02254202600440692,0.5823703940683658,l40s
resnet152,gemm,340,layer2.0.downsample.0,256,512,1,2,0,2.0428143978118896,0.03418731325365629,1.088589097323314,l40s
resnet152,gemm,340,layer2.1.conv1,512,128,1,1,0,1.1033535838127135,0.02774060703115993,0.5879627063122586,l40s
resnet152,gemm,340,layer2.1.conv2,128,128,3,1,1,0.905761593580246,0.019485823991199646,0.4826685168274604,l40s
resnet152,gemm,340,layer2.1.conv3,128,512,1,1,0,1.2216383993625641,0.01973466800420082,0.6509951387860009,l40s
resnet152,gemm,340,layer2.2.conv1,512,128,1,1,0,1.0820271968841553,0.023441415972413043,0.576598153408875,l40s
resnet152,gemm,340,layer2.2.conv2,128,128,3,1,1,0.9027984023094178,0.023414979151482808,0.481089470921889,l40s
resnet152,gemm,340,layer2.2.conv3,128,512,1,1,0,1.1192176043987274,0.03138385515943886,0.5964164355732943,l40s
resnet152,gemm,340,layer2.3.conv1,512,128,1,1,0,1.078446388244629,0.02231196712775888,0.5746899872784791,l40s
resnet152,gemm,340,layer2.3.conv2,128,128,3,1,1,0.8945263952016831,0.027836427190748383,0.4766814264318432,l40s
resnet152,gemm,340,layer2.3.conv3,128,512,1,1,0,1.1799055993556977,0.024833915376306807,0.6287562750219163,l40s
resnet152,gemm,340,layer2.4.conv1,512,128,1,1,0,1.0867087900638581,0.03570332571544682,0.5790929132358013,l40s
resnet152,gemm,340,layer2.4.conv2,128,128,3,1,1,0.9751199960708619,0.3575230897851327,0.5196287031468438,l40s
resnet152,gemm,340,layer2.4.conv3,128,512,1,1,0,1.2145807862281799,0.1850114193313381,0.6472342289747887,l40s
resnet152,gemm,340,layer2.5.conv1,512,128,1,1,0,1.090580803155899,0.052265346651113674,0.5811562584135147,l40s
resnet152,gemm,340,layer2.5.conv2,128,128,3,1,1,0.8966175943613053,0.0220618428799303,0.47779579913644854,l40s
resnet152,gemm,340,layer2.5.conv3,128,512,1,1,0,1.1054720044136048,0.1371632181452481,0.5890915849671895,l40s
resnet152,gemm,340,layer2.6.conv1,512,128,1,1,0,1.090536004304886,0.030113586676897473,0.5811323856912363,l40s
resnet152,gemm,340,layer2.6.conv2,128,128,3,1,1,0.8966975927352905,0.0191554930362148,0.47783842922453545,l40s
resnet152,gemm,340,layer2.6.conv3,128,512,1,1,0,1.1877199947834014,0.023554015994672835,0.632920464227692,l40s
resnet152,gemm,340,layer2.7.conv1,512,128,1,1,0,1.0880912005901338,0.03115334626660739,0.5798295817400669,l40s
resnet152,gemm,340,layer2.7.conv2,128,128,3,1,1,0.8976735979318619,0.024495413004260648,0.4783585296394613,l40s
resnet152,gemm,340,layer2.7.conv3,128,512,1,1,0,1.1657392084598541,0.015285982462827434,0.6212071904383369,l40s
resnet152,gemm,340,layer3.0.conv1,512,256,1,1,0,1.3728016018867493,0.0294414233136151,0.7315480340272733,l40s
resnet152,gemm,340,layer3.0.conv2,256,256,3,2,1,1.3892160058021545,0.029558107643760732,0.7402950553721936,l40s
resnet152,gemm,340,layer3.0.conv3,256,1024,1,1,0,0.8761968076229095,0.027842969999061395,0.4669138287401202,l40s
resnet152,gemm,340,layer3.0.downsample.0,512,1024,1,2,0,1.5114463925361634,0.020370533048512413,0.8054300311696899,l40s
resnet152,gemm,340,layer3.1.conv1,1024,256,1,1,0,0.9782304048538208,0.03306189835872479,0.5212861993408078,l40s
resnet152,gemm,340,layer3.1.conv2,256,256,3,1,1,1.1611728012561797,0.033537748009815925,0.6187738117127988,l40s
resnet152,gemm,340,layer3.1.conv3,256,1024,1,1,0,0.8313888043165207,0.02268228706200584,0.44303622932413383,l40s
resnet152,gemm,340,layer3.2.conv1,1024,256,1,1,0,0.9784976094961166,0.029231313584102275,0.5214285892028867,l40s
resnet152,gemm,340,layer3.2.conv2,256,256,3,1,1,1.1470703899860382,0.019966499967735925,0.6112588210356775,l40s
resnet152,gemm,340,layer3.2.conv3,256,1024,1,1,0,0.822259196639061,0.014463555074513152,0.43817118069751015,l40s
resnet152,gemm,340,layer3.3.conv1,1024,256,1,1,0,0.9692176014184952,0.02623090763170361,0.5164833941684326,l40s
resnet152,gemm,340,layer3.3.conv2,256,256,3,1,1,1.1632288098335266,0.07292230249935783,0.6198694318159763,l40s
resnet152,gemm,340,layer3.3.conv3,256,1024,1,1,0,0.8237344056367875,0.023479641676246204,0.43895730029453195,l40s
resnet152,gemm,340,layer3.4.conv1,1024,256,1,1,0,0.965859192609787,0.032722227385294844,0.5146937420015836,l40s
resnet152,gemm,340,layer3.4.conv2,256,256,3,1,1,1.1689616024494172,0.0973562587536899,0.6229243620854901,l40s
resnet152,gemm,340,layer3.4.conv3,256,1024,1,1,0,0.8282767951488494,0.020225457048372614,0.4413778803060704,l40s
resnet152,gemm,340,layer3.5.conv1,1024,256,1,1,0,0.9738816052675248,0.02983139012745093,0.5189687808708985,l40s
resnet152,gemm,340,layer3.5.conv2,256,256,3,1,1,1.1594863772392272,0.09768168855073585,0.6178751383921657,l40s
resnet152,gemm,340,layer3.5.conv3,256,1024,1,1,0,0.8277008056640625,0.02414453081220828,0.4410709430365938,l40s
resnet152,gemm,340,layer3.6.conv1,1024,256,1,1,0,0.9744992047548294,0.030278155845466184,0.5192978915669619,l40s
resnet152,gemm,340,layer3.6.conv2,256,256,3,1,1,1.1679791927337646,0.11227716376314519,0.6224008487860393,l40s
resnet152,gemm,340,layer3.6.conv3,256,1024,1,1,0,0.8305280029773712,0.02303649482526857,0.4425775195393569,l40s
resnet152,gemm,340,layer3.7.conv1,1024,256,1,1,0,0.980278393626213,0.031108075099643428,0.5223775457947267,l40s
resnet152,gemm,340,layer3.7.conv2,256,256,3,1,1,1.1644816040992736,0.10664161970522204,0.6205370295088172,l40s
resnet152,gemm,340,layer3.7.conv3,256,1024,1,1,0,0.8289983928203583,0.0263953442136161,0.4417624102754596,l40s
resnet152,gemm,340,layer3.8.conv1,1024,256,1,1,0,0.9740207940340042,0.03295257489416792,0.519042952745652,l40s
resnet152,gemm,340,layer3.8.conv2,256,256,3,1,1,1.1671359956264495,0.10504587532387535,0.6219515200663568,l40s
resnet152,gemm,340,layer3.8.conv3,256,1024,1,1,0,0.8349488019943238,0.02416723517212944,0.44493330556498256,l40s
resnet152,gemm,340,layer3.9.conv1,1024,256,1,1,0,0.9542736023664474,0.021981269409150926,0.5085199323601086,l40s
resnet152,gemm,340,layer3.9.conv2,256,256,3,1,1,1.160259199142456,0.10291802227749973,0.6182869650852459,l40s
resnet152,gemm,340,layer3.9.conv3,256,1024,1,1,0,0.821625605225563,0.021205345567852172,0.437833548112959,l40s
resnet152,gemm,340,layer3.10.conv1,1024,256,1,1,0,0.9678368031978607,0.03932295517280975,0.5157475848407734,l40s
resnet152,gemm,340,layer3.10.conv2,256,256,3,1,1,1.1741599977016448,0.11180946318119393,0.6256945189833529,l40s
resnet152,gemm,340,layer3.10.conv3,256,1024,1,1,0,0.8288336008787155,0.025155509698243154,0.4416745948032409,l40s
resnet152,gemm,340,layer3.11.conv1,1024,256,1,1,0,0.9737936079502105,0.031859197414730894,0.5189218882504408,l40s
resnet152,gemm,340,layer3.11.conv2,256,256,3,1,1,1.1653680145740508,0.10198074896730983,0.6210093860673127,l40s
resnet152,gemm,340,layer3.11.conv3,256,1024,1,1,0,0.8320368081331253,0.018406329980163783,0.44338154208996083,l40s
resnet152,gemm,340,layer3.12.conv1,1024,256,1,1,0,0.9782128006219863,0.03334830484290027,0.5212768182757134,l40s
resnet152,gemm,340,layer3.12.conv2,256,256,3,1,1,1.165172803401947,0.10301534224223813,0.6209053605846965,l40s
resnet152,gemm,340,layer3.12.conv3,256,1024,1,1,0,0.8280352026224136,0.023727284514786003,0.44124913880583694,l40s
resnet152,gemm,340,layer3.13.conv1,1024,256,1,1,0,0.9716287940740586,0.031157402036251548,0.5177682872253856,l40s
resnet152,gemm,340,layer3.13.conv2,256,256,3,1,1,1.1620800077915192,0.10407705961350465,0.6192572502202075,l40s
resnet152,gemm,340,layer3.13.conv3,256,1024,1,1,0,0.8308720022439957,0.026304532519056872,0.4427608322531971,l40s
resnet152,gemm,340,layer3.14.conv1,1024,256,1,1,0,0.9770704001188278,0.022614335299653756,0.5206680479763425,l40s
resnet152,gemm,340,layer3.14.conv2,256,256,3,1,1,1.1703567922115325,0.09342071832322207,0.6236678404775372,l40s
resnet152,gemm,340,layer3.14.conv3,256,1024,1,1,0,0.8240479975938797,0.023687071737834513,0.43912440935048175,l40s
resnet152,gemm,340,layer3.15.conv1,1024,256,1,1,0,0.9639648050069809,0.03272931500436869,0.513684247603694,l40s
resnet152,gemm,340,layer3.15.conv2,256,256,3,1,1,1.1417807996273042,0.025970924726779133,0.6084400674572848,l40s
resnet152,gemm,340,layer3.15.conv3,256,1024,1,1,0,0.8342752039432526,0.02996701758508327,0.444574353966071,l40s
resnet152,gemm,340,layer3.16.conv1,1024,256,1,1,0,0.9598160028457642,0.02404352315090548,0.5114734051480654,l40s
resnet152,gemm,340,layer3.16.conv2,256,256,3,1,1,1.1690384089946746,0.09791219699722985,0.6229652912897583,l40s
resnet152,gemm,340,layer3.16.conv3,256,1024,1,1,0,0.8277952015399933,0.018077163796835983,0.44112124536532255,l40s
resnet152,gemm,340,layer3.17.conv1,1024,256,1,1,0,0.9683615952730179,0.02844279632974061,0.5160272396797004,l40s
resnet152,gemm,340,layer3.17.conv2,256,256,3,1,1,1.1709968030452729,0.10623466148017809,0.6240088938872472,l40s
resnet152,gemm,340,layer3.17.conv3,256,1024,1,1,0,0.827361598610878,0.02341830566957495,0.4408901840306717,l40s
resnet152,gemm,340,layer3.18.conv1,1024,256,1,1,0,0.9714128106832505,0.021931071847026088,0.5176531924988709,l40s
resnet152,gemm,340,layer3.18.conv2,256,256,3,1,1,1.169982409477234,0.09338779345340317,0.6234683368108213,l40s
resnet152,gemm,340,layer3.18.conv3,256,1024,1,1,0,0.8238399952650071,0.027655383737429495,0.4390135676275767,l40s
resnet152,gemm,340,layer3.19.conv1,1024,256,1,1,0,0.9599408000707627,0.02285918273382767,0.511539907958431,l40s
resnet152,gemm,340,layer3.19.conv2,256,256,3,1,1,1.1639520168304442,0.10269897610875181,0.6202548193738453,l40s
resnet152,gemm,340,layer3.19.conv3,256,1024,1,1,0,0.8252112001180649,0.022785116106392903,0.43974426477501916,l40s
resnet152,gemm,340,layer3.20.conv1,1024,256,1,1,0,0.9645520031452179,0.026892088487221487,0.5139971578181208,l40s
resnet152,gemm,340,layer3.20.conv2,256,256,3,1,1,1.1576767981052398,0.10477141718022417,0.6169108373190421,l40s
resnet152,gemm,340,layer3.20.conv3,256,1024,1,1,0,0.8296671956777573,0.023611280400339066,0.44211880657832636,l40s
resnet152,gemm,340,layer3.21.conv1,1024,256,1,1,0,0.9643360048532486,0.02225914942286926,0.5138820551509719,l40s
resnet152,gemm,340,layer3.21.conv2,256,256,3,1,1,1.1633215963840484,0.09679333129012521,0.619918876556225,l40s
resnet152,gemm,340,layer3.21.conv3,256,1024,1,1,0,0.8244240015745163,0.02285495741716101,0.4393247769581849,l40s
resnet152,gemm,340,layer3.22.conv1,1024,256,1,1,0,0.9621856093406678,0.01812167307032178,0.5127361374834463,l40s
resnet152,gemm,340,layer3.22.conv2,256,256,3,1,1,1.1665295958518982,0.10822387475731456,0.6216283775508631,l40s
resnet152,gemm,340,layer3.22.conv3,256,1024,1,1,0,0.8262288063764572,0.018935407749675368,0.44028653385215144,l40s
resnet152,gemm,340,layer3.23.conv1,1024,256,1,1,0,0.970187196135521,0.029614956330316584,0.5170000785225799,l40s
resnet152,gemm,340,layer3.23.conv2,256,256,3,1,1,1.1367760121822357,0.035392514707707094,0.6057730816298118,l40s
resnet152,gemm,340,layer3.23.conv3,256,1024,1,1,0,0.828028804063797,0.02455367585778719,0.4412457290975658,l40s
resnet152,gemm,340,layer3.24.conv1,1024,256,1,1,0,0.9762464076280594,0.025547914807902482,0.5202289531458539,l40s
resnet152,gemm,340,layer3.24.conv2,256,256,3,1,1,1.1669360041618346,0.10044732674441921,0.6218449472283297,l40s
resnet152,gemm,340,layer3.24.conv3,256,1024,1,1,0,0.8247887969017029,0.022049619446412573,0.43951917162093795,l40s
resnet152,gemm,340,layer3.25.conv1,1024,256,1,1,0,0.970252799987793,0.021014174331621754,0.517035037958152,l40s
resnet152,gemm,340,layer3.25.conv2,256,256,3,1,1,1.1665727853775025,0.09145547250394229,0.6216513926846616,l40s
resnet152,gemm,340,layer3.25.conv3,256,1024,1,1,0,0.8342303991317749,0.027512857479924685,0.4445504780675387,l40s
resnet152,gemm,340,layer3.26.conv1,1024,256,1,1,0,0.9695744007825852,0.03243644109248361,0.5166735278869418,l40s
resnet152,gemm,340,layer3.26.conv2,256,256,3,1,1,1.1679440140724182,0.09889552349695202,0.6223821025371187,l40s
resnet152,gemm,340,layer3.26.conv3,256,1024,1,1,0,0.8281727969646454,0.023013971011654765,0.44132246103274475,l40s
resnet152,gemm,340,layer3.27.conv1,1024,256,1,1,0,0.9582671999931336,0.023546808472408757,0.5106480683474814,l40s
resnet152,gemm,340,layer3.27.conv2,256,256,3,1,1,1.166737586259842,0.11073413733616566,0.6217392129212608,l40s
resnet152,gemm,340,layer3.27.conv3,256,1024,1,1,0,0.8222399979829789,0.02638259536172969,0.43816094998456984,l40s
resnet152,gemm,340,layer3.28.conv1,1024,256,1,1,0,0.9639359951019287,0.026247689045723128,0.5136688951817764,l40s
resnet152,gemm,340,layer3.28.conv2,256,256,3,1,1,1.1526271939277648,0.0988097514380478,0.6142199692405297,l40s
resnet152,gemm,340,layer3.28.conv3,256,1024,1,1,0,0.8267328023910523,0.021189904090123446,0.4405551067421654,l40s
resnet152,gemm,340,layer3.29.conv1,1024,256,1,1,0,0.974345600605011,0.03732413196304719,0.5192160379228056,l40s
resnet152,gemm,340,layer3.29.conv2,256,256,3,1,1,1.1665808022022248,0.10129606856794256,0.6216556647457933,l40s
resnet152,gemm,340,layer3.29.conv3,256,1024,1,1,0,0.8204624027013778,0.02402366643158334,0.4372136926884215,l40s
resnet152,gemm,340,layer3.30.conv1,1024,256,1,1,0,0.9564719945192337,0.02002963443540938,0.509691426809985,l40s
resnet152,gemm,340,layer3.30.conv2,256,256,3,1,1,1.1581199944019318,0.09596873612204314,0.6171470108339094,l40s
resnet152,gemm,340,layer3.30.conv3,256,1024,1,1,0,0.8165391951799392,0.020783559242208982,0.43512306666828504,l40s
resnet152,gemm,340,layer3.31.conv1,1024,256,1,1,0,0.9673168003559113,0.023233005205326493,0.5154704821216377,l40s
resnet152,gemm,340,layer3.31.conv2,256,256,3,1,1,1.1407375991344453,0.03439691636716675,0.607884159547068,l40s
resnet152,gemm,340,layer3.31.conv3,256,1024,1,1,0,0.8321311950683594,0.01603177664475154,0.44343183965430916,l40s
resnet152,gemm,340,layer3.32.conv1,1024,256,1,1,0,0.9680960029363632,0.026567748243468862,0.5158857089942283,l40s
resnet152,gemm,340,layer3.32.conv2,256,256,3,1,1,1.156440007686615,0.1077198836985396,0.6162517678671962,l40s
resnet152,gemm,340,layer3.32.conv3,256,1024,1,1,0,0.8290239989757537,0.02639926544506968,0.44177605546105153,l40s
resnet152,gemm,340,layer3.33.conv1,1024,256,1,1,0,0.9762111991643906,0.029643524800142852,0.5202101910156651,l40s
resnet152,gemm,340,layer3.33.conv2,256,256,3,1,1,1.1610175907611846,0.11277822772443578,0.6186911020682894,l40s
resnet152,gemm,340,layer3.33.conv3,256,1024,1,1,0,0.8239887952804565,0.020836228681141798,0.43909286121130775,l40s
resnet152,gemm,340,layer3.34.conv1,1024,256,1,1,0,0.9638064116239548,0.029335480484253558,0.5135998418397464,l40s
resnet152,gemm,340,layer3.34.conv2,256,256,3,1,1,1.1558896005153656,0.0956337832358068,0.6159584630782968,l40s
resnet152,gemm,340,layer3.34.conv3,256,1024,1,1,0,0.8292927980422974,0.026204089802504493,0.4419192949709764,l40s
resnet152,gemm,340,layer3.35.conv1,1024,256,1,1,0,0.967798399925232,0.029885326708005328,0.5157271202386393,l40s
resnet152,gemm,340,layer3.35.conv2,256,256,3,1,1,1.160807991027832,0.09889540864404993,0.6185794091094117,l40s
resnet152,gemm,340,layer3.35.conv3,256,1024,1,1,0,0.8326944023370743,0.02440399825899829,0.4437319654478775,l40s
resnet152,gemm,340,layer4.0.conv1,1024,512,1,1,0,1.236084794998169,0.026338957377125338,0.6586934342363283,l40s
resnet152,gemm,340,layer4.0.conv2,512,512,3,2,1,1.9396096050739289,0.05028979056217282,1.033592611941972,l40s
resnet152,gemm,340,layer4.0.conv3,512,2048,1,1,0,1.0433535993099212,0.08779407322169015,0.5559894986438241,l40s
resnet152,gemm,340,layer4.0.downsample.0,1024,2048,1,2,0,1.856063997745514,0.09962223440242904,0.9890722495613355,l40s
resnet152,gemm,340,layer4.1.conv1,2048,512,1,1,0,1.261054402589798,0.0998773566351271,0.6719994118218612,l40s
resnet152,gemm,340,layer4.1.conv2,512,512,3,1,1,1.9013311922550202,0.1412784350370456,1.0131945459688039,l40s
resnet152,gemm,340,layer4.1.conv3,512,2048,1,1,0,1.06839679479599,0.08437845787431311,0.5693346902566655,l40s
resnet152,gemm,340,layer4.2.conv1,2048,512,1,1,0,1.2452127873897552,0.1034727850801158,0.6635576220982183,l40s
resnet152,gemm,340,layer4.2.conv2,512,512,3,1,1,1.8743520021438598,0.0526467584945847,0.9988176881196129,l40s
resnet152,gemm,340,layer4.2.conv3,512,2048,1,1,0,1.0710479974746705,0.08513653594157619,0.5707474815185135,l40s
resnet152,gemm,343,conv1,3,64,7,2,3,1.4532719910144807,0.029193922014968152,0.7698663131813707,l40s
resnet152,gemm,343,layer1.0.conv1,64,64,1,1,0,0.8758927941322326,0.02156667369899639,0.46400148102351485,l40s
resnet152,gemm,343,layer1.0.conv2,64,64,3,1,1,1.0109632015228271,0.01830052025386629,0.535554608862381,l40s
resnet152,gemm,343,layer1.0.conv3,64,256,1,1,0,1.4306096136569977,0.026883434654200223,0.7578609893245809,l40s
resnet152,gemm,343,layer1.0.downsample.0,64,256,1,1,0,1.443511998653412,0.026234802827525813,0.764695987611104,l40s
resnet152,gemm,343,layer1.1.conv1,256,64,1,1,0,1.3847056031227112,0.017902549359315064,0.733543482643949,l40s
resnet152,gemm,343,layer1.1.conv2,64,64,3,1,1,1.010198399424553,0.023437232365194016,0.5351494573316612,l40s
resnet152,gemm,343,layer1.1.conv3,64,256,1,1,0,1.3941616117954254,0.020248332115133803,0.7385527738016157,l40s
resnet152,gemm,343,layer1.2.conv1,256,64,1,1,0,1.3767711877822877,0.027366994001225473,0.7293402508173192,l40s
resnet152,gemm,343,layer1.2.conv2,64,64,3,1,1,0.9948959976434708,0.026029884060199467,0.5270430576247502,l40s
resnet152,gemm,343,layer1.2.conv3,64,256,1,1,0,1.393046396970749,0.02046341322168035,0.7379619922199246,l40s
resnet152,gemm,343,layer2.0.conv1,256,128,1,1,0,1.9635824024677277,0.025575374852888848,1.0402016650443962,l40s
resnet152,gemm,343,layer2.0.conv2,128,128,3,2,1,1.094924795627594,0.02647969368820732,0.5800330019656191,l40s
resnet152,gemm,343,layer2.0.conv3,128,512,1,1,0,1.1725615978240966,0.02571018871126455,0.6211608562446309,l40s
resnet152,gemm,343,layer2.0.downsample.0,256,512,1,2,0,2.0938863873481752,0.03446072614027485,1.1092297953964603,l40s
resnet152,gemm,343,layer2.1.conv1,512,128,1,1,0,1.1185024082660675,0.027264941255611644,0.5925231688633718,l40s
resnet152,gemm,343,layer2.1.conv2,128,128,3,1,1,0.9133871972560883,0.018205542816761656,0.4838640243577111,l40s
resnet152,gemm,343,layer2.1.conv3,128,512,1,1,0,1.2418224036693573,0.021910604322938374,0.6578515525311804,l40s
resnet152,gemm,343,layer2.2.conv1,512,128,1,1,0,1.0875487923622131,0.025699830771012434,0.5761255871973977,l40s
resnet152,gemm,343,layer2.2.conv2,128,128,3,1,1,0.9009136021137237,0.022458995404726425,0.4772561761615412,l40s
resnet152,gemm,343,layer2.2.conv3,128,512,1,1,0,1.21214399933815,0.015572972265234242,0.6421295102260626,l40s
resnet152,gemm,343,layer2.3.conv1,512,128,1,1,0,1.0993311822414398,0.029832591455799133,0.5823672715571531,l40s
resnet152,gemm,343,layer2.3.conv2,128,128,3,1,1,0.9093567937612533,0.02215034275909805,0.48172893065303174,l40s
resnet152,gemm,343,layer2.3.conv3,128,512,1,1,0,1.2182639837265015,0.02761899437848509,0.6453715529041841,l40s
resnet152,gemm,343,layer2.4.conv1,512,128,1,1,0,1.0869199931621552,0.03565037849331351,0.5757924827786287,l40s
resnet152,gemm,343,layer2.4.conv2,128,128,3,1,1,0.9023599952459336,0.02107921351276284,0.47802239842068484,l40s
resnet152,gemm,343,layer2.4.conv3,128,512,1,1,0,1.2279119789600372,0.021217945155509857,0.6504825483447889,l40s
resnet152,gemm,343,layer2.5.conv1,512,128,1,1,0,1.1002383947372436,0.027787924796971092,0.5828478645526385,l40s
resnet152,gemm,343,layer2.5.conv2,128,128,3,1,1,0.9047856032848358,0.024362576373861432,0.4793073567283373,l40s
resnet152,gemm,343,layer2.5.conv3,128,512,1,1,0,1.2276111960411071,0.017007295072783306,0.6503232095298277,l40s
resnet152,gemm,343,layer2.6.conv1,512,128,1,1,0,1.1644560039043426,0.3520133326334979,0.6168669430984824,l40s
resnet152,gemm,343,layer2.6.conv2,128,128,3,1,1,0.9009567975997925,0.02463969621498944,0.47727905883581795,l40s
resnet152,gemm,343,layer2.6.conv3,128,512,1,1,0,1.211599987745285,0.02008619597369187,0.6418413217782589,l40s
resnet152,gemm,343,layer2.7.conv1,512,128,1,1,0,1.0906191885471344,0.024608396860519147,0.5777521200181681,l40s
resnet152,gemm,343,layer2.7.conv2,128,128,3,1,1,0.9107632040977478,0.02691711102236614,0.4824739721506122,l40s
resnet152,gemm,343,layer2.7.conv3,128,512,1,1,0,1.2229904115200043,0.020024597093774705,0.6478753633143483,l40s
resnet152,gemm,343,layer3.0.conv1,512,256,1,1,0,1.3703664064407348,0.03223906669633866,0.7259473378398166,l40s
resnet152,gemm,343,layer3.0.conv2,256,256,3,2,1,1.4027088105678558,0.11823979746022943,0.7430806257437466,l40s
resnet152,gemm,343,layer3.0.conv3,256,1024,1,1,0,0.9234511971473693,0.022814970447939543,0.4891953969707274,l40s
resnet152,gemm,343,layer3.0.downsample.0,512,1024,1,2,0,1.5152015924453734,0.0349515156198054,0.8026733267515634,l40s
resnet152,gemm,343,layer3.1.conv1,1024,256,1,1,0,0.984542402625084,0.03436498454790948,0.5215582728946638,l40s
resnet152,gemm,343,layer3.1.conv2,256,256,3,1,1,1.181406408548355,0.10532048505111094,0.625846367191772,l40s
resnet152,gemm,343,layer3.1.conv3,256,1024,1,1,0,0.8388000011444092,0.02614406249667115,0.444351689408663,l40s
resnet152,gemm,343,layer3.2.conv1,1024,256,1,1,0,0.9694384008646011,0.021876948947558983,0.5135569749810429,l40s
resnet152,gemm,343,layer3.2.conv2,256,256,3,1,1,1.1782800078392028,0.09370457506324574,0.6241901661486331,l40s
resnet152,gemm,343,layer3.2.conv3,256,1024,1,1,0,0.8317503958940506,0.023039698325580282,0.44061718297281743,l40s
resnet152,gemm,343,layer3.3.conv1,1024,256,1,1,0,0.9671072036027908,0.022441993675875186,0.5123220304886527,l40s
resnet152,gemm,343,layer3.3.conv2,256,256,3,1,1,1.1387040138244628,0.041309515544972544,0.603224906520016,l40s
resnet152,gemm,343,layer3.3.conv3,256,1024,1,1,0,0.8298863977193832,0.02193448478808373,0.43962973574244296,l40s
resnet152,gemm,343,layer3.4.conv1,1024,256,1,1,0,0.9837472051382065,0.0306180365241735,0.5211370195014527,l40s
resnet152,gemm,343,layer3.4.conv2,256,256,3,1,1,1.140148800611496,0.031070740007042637,0.6039902778228028,l40s
resnet152,gemm,343,layer3.4.conv3,256,1024,1,1,0,0.8333216071128845,0.032994817075631865,0.4414495272247894,l40s
resnet152,gemm,343,layer3.5.conv1,1024,256,1,1,0,0.9727568060159684,0.031117192684803105,0.5153148897797323,l40s
resnet152,gemm,343,layer3.5.conv2,256,256,3,1,1,1.1528976023197175,0.025833542151285086,0.6107439158405131,l40s
resnet152,gemm,343,layer3.5.conv3,256,1024,1,1,0,0.8328192055225372,0.030138843961528463,0.44118338154628706,l40s
resnet152,gemm,343,layer3.6.conv1,1024,256,1,1,0,0.966604796051979,0.031591806350065886,0.5120558816526127,l40s
resnet152,gemm,343,layer3.6.conv2,256,256,3,1,1,1.1384208083152771,0.02634723117511253,0.6030748792831481,l40s
resnet152,gemm,343,layer3.6.conv3,256,1024,1,1,0,0.8258592009544372,0.017096600807471943,0.4374963407929397,l40s
resnet152,gemm,343,layer3.7.conv1,1024,256,1,1,0,0.9689311981201172,0.028066520529773733,0.5132882859060827,l40s
resnet152,gemm,343,layer3.7.conv2,256,256,3,1,1,1.139976018667221,0.02507803033268074,0.603898747125696,l40s
resnet152,gemm,343,layer3.7.conv3,256,1024,1,1,0,0.826324799656868,0.018978263884259612,0.4377429902561364,l40s
resnet152,gemm,343,layer3.8.conv1,1024,256,1,1,0,0.9682240039110184,0.023475617325214297,0.5129136519753194,l40s
resnet152,gemm,343,layer3.8.conv2,256,256,3,1,1,1.1491679906845094,0.029782372973291407,0.6087681656871012,l40s
resnet152,gemm,343,layer3.8.conv3,256,1024,1,1,0,0.8252207994461059,0.022987611158184085,0.4371581495812551,l40s
resnet152,gemm,343,layer3.9.conv1,1024,256,1,1,0,0.965065598487854,0.02361014271189117,0.5112404965345637,l40s
resnet152,gemm,343,layer3.9.conv2,256,256,3,1,1,1.1459391951560973,0.03656357220818207,0.6070577213072162,l40s
resnet152,gemm,343,layer3.9.conv3,256,1024,1,1,0,0.8227568060159683,0.019774686044969358,0.43585285673209,l40s
resnet152,gemm,343,layer3.10.conv1,1024,256,1,1,0,0.9753728002309799,0.04161063316888679,0.5167007045715036,l40s
resnet152,gemm,343,layer3.10.conv2,256,256,3,1,1,1.148683202266693,0.026139863942615065,0.608511350531917,l40s
resnet152,gemm,343,layer3.10.conv3,256,1024,1,1,0,0.8337344020605088,0.02641790064279257,0.44166820406325624,l40s
resnet152,gemm,343,layer3.11.conv1,1024,256,1,1,0,0.95939199924469,0.022421036841248285,0.5082349249975012,l40s
resnet152,gemm,343,layer3.11.conv2,256,256,3,1,1,1.1506047904491425,0.028629659663941643,0.6095293058896354,l40s
resnet152,gemm,343,layer3.11.conv3,256,1024,1,1,0,0.8231104016304016,0.019503073633246874,0.4360401729080874,l40s
resnet152,gemm,343,layer3.12.conv1,1024,256,1,1,0,0.9769616037607193,0.024629324782169913,0.5175423682954127,l40s
resnet152,gemm,343,layer3.12.conv2,256,256,3,1,1,1.1377056062221527,0.030289336164258072,0.6026960032007508,l40s
resnet152,gemm,343,layer3.12.conv3,256,1024,1,1,0,0.8233567982912063,0.02152124211529052,0.436170700772112,l40s
resnet152,gemm,343,layer3.13.conv1,1024,256,1,1,0,0.9746288090944291,0.03154771279657676,0.5163065775829718,l40s
resnet152,gemm,343,layer3.13.conv2,256,256,3,1,1,1.1431840062141418,0.02488017068150675,0.6055981685421618,l40s
resnet152,gemm,343,layer3.13.conv3,256,1024,1,1,0,0.832148802280426,0.023053122183999453,0.44082823751575445,l40s
resnet152,gemm,343,layer3.14.conv1,1024,256,1,1,0,0.9716495931148529,0.029425346707861382,0.5147283471921376,l40s
resnet152,gemm,343,layer3.14.conv2,256,256,3,1,1,1.1448335945606232,0.030197486026289324,0.6064720328335158,l40s
resnet152,gemm,343,layer3.14.conv3,256,1024,1,1,0,0.8166047930717468,0.017323018340122377,0.43259384702620163,l40s
resnet152,gemm,343,layer3.15.conv1,1024,256,1,1,0,0.9592527985572815,0.025872514684491102,0.5081611838666804,l40s
resnet152,gemm,343,layer3.15.conv2,256,256,3,1,1,1.1320975959300994,0.02183495408272691,0.5997251772063598,l40s
resnet152,gemm,343,layer3.15.conv3,256,1024,1,1,0,0.817820793390274,0.022992009229689615,0.43323801940951334,l40s
resnet152,gemm,343,layer3.16.conv1,1024,256,1,1,0,0.9733999997377396,0.03326052313815365,0.5156556196515685,l40s
resnet152,gemm,343,layer3.16.conv2,256,256,3,1,1,1.1404608070850373,0.030526399401665936,0.6041555622808803,l40s
resnet152,gemm,343,layer3.16.conv3,256,1024,1,1,0,0.8284655988216401,0.020921934550543256,0.4388770719493329,l40s
resnet152,gemm,343,layer3.17.conv1,1024,256,1,1,0,0.9715568006038666,0.029365907634679958,0.5146791906483071,l40s
resnet152,gemm,343,layer3.17.conv2,256,256,3,1,1,1.1404607951641084,0.03075325840448285,0.6041555559658053,l40s
resnet152,gemm,343,layer3.17.conv3,256,1024,1,1,0,0.8263023972511292,0.021810510142105697,0.43773112265143527,l40s
resnet152,gemm,343,layer3.18.conv1,1024,256,1,1,0,0.9804544001817703,0.029469556334146108,0.5193926663263343,l40s
resnet152,gemm,343,layer3.18.conv2,256,256,3,1,1,1.1375120162963868,0.021852044815444872,0.6025934495402248,l40s
resnet152,gemm,343,layer3.18.conv3,256,1024,1,1,0,0.8214783996343613,0.01984965755507082,0.4351756249311329,l40s
resnet152,gemm,343,layer3.19.conv1,1024,256,1,1,0,0.9607295960187912,0.026077355847252678,0.5089435127246215,l40s
resnet152,gemm,343,layer3.19.conv2,256,256,3,1,1,1.140145605802536,0.035088994825173234,0.6039885853827018,l40s
resnet152,gemm,343,layer3.19.conv3,256,1024,1,1,0,0.8158879965543747,0.024272161912481466,0.43221412630252265,l40s
resnet152,gemm,343,layer3.20.conv1,1024,256,1,1,0,0.974944007396698,0.02342521990764191,0.5164735529023815,l40s
resnet152,gemm,343,layer3.20.conv2,256,256,3,1,1,1.1367120027542115,0.024135635201588485,0.6021696448567121,l40s
resnet152,gemm,343,layer3.20.conv3,256,1024,1,1,0,0.8315023988485336,0.02519000817622275,0.4404858073099735,l40s
resnet152,gemm,343,layer3.21.conv1,1024,256,1,1,0,0.9701312035322189,0.023421692811152584,0.5139239850375079,l40s
resnet152,gemm,343,layer3.21.conv2,256,256,3,1,1,1.1373151957988739,0.021770365566288447,0.6024891844943726,l40s
resnet152,gemm,343,layer3.21.conv3,256,1024,1,1,0,0.8235775977373123,0.022740589589570488,0.43628766859133444,l40s
resnet152,gemm,343,layer3.22.conv1,1024,256,1,1,0,0.9669600009918213,0.022695861377622664,0.5122440503637355,l40s
resnet152,gemm,343,layer3.22.conv2,256,256,3,1,1,1.143255990743637,0.033158820323235,0.6056363021225728,l40s
resnet152,gemm,343,layer3.22.conv3,256,1024,1,1,0,0.8270879983901978,0.02461273793411611,0.4381472924092681,l40s
resnet152,gemm,343,layer3.23.conv1,1024,256,1,1,0,0.9746752113103867,0.028546660601731857,0.5163311590124245,l40s
resnet152,gemm,343,layer3.23.conv2,256,256,3,1,1,1.131118404865265,0.019492422450485564,0.5992064537880009,l40s
resnet152,gemm,343,layer3.23.conv3,256,1024,1,1,0,0.8321391969919205,0.014911288787302983,0.4408231491440701,l40s
resnet152,gemm,343,layer3.24.conv1,1024,256,1,1,0,0.9674383997917175,0.027608415991550925,0.5124974806387176,l40s
resnet152,gemm,343,layer3.24.conv2,256,256,3,1,1,1.1382959961891175,0.022404324805254398,0.6030087604478571,l40s
resnet152,gemm,343,layer3.24.conv3,256,1024,1,1,0,0.8259568005800247,0.017355183534153735,0.4375480438907655,l40s
resnet152,gemm,343,layer3.25.conv1,1024,256,1,1,0,0.970347198843956,0.023740224987579623,0.5140384078815038,l40s
resnet152,gemm,343,layer3.25.conv2,256,256,3,1,1,1.1389151811599731,0.03415206569158812,0.6033367717586353,l40s
resnet152,gemm,343,layer3.25.conv3,256,1024,1,1,0,0.8358559995889664,0.02569115430055016,0.4427921137493902,l40s
resnet152,gemm,343,layer3.26.conv1,1024,256,1,1,0,0.9668800085783005,0.026380487174303226,0.5122016746316906,l40s
resnet152,gemm,343,layer3.26.conv2,256,256,3,1,1,1.133875197172165,0.027146428799517525,0.6006668559306433,l40s
resnet152,gemm,343,layer3.26.conv3,256,1024,1,1,0,0.8271887987852097,0.023744339055361992,0.4382006911047324,l40s
resnet152,gemm,343,layer3.27.conv1,1024,256,1,1,0,0.9691103965044021,0.03090533674531675,0.5133832156923103,l40s
resnet152,gemm,343,layer3.27.conv2,256,256,3,1,1,1.1410144090652465,0.037524953284773406,0.6044488312065245,l40s
resnet152,gemm,343,layer3.27.conv3,256,1024,1,1,0,0.8260816037654877,0.02257474584700408,0.43761415798975023,l40s
resnet152,gemm,343,layer3.28.conv1,1024,256,1,1,0,0.9822831988334656,0.02860381830369923,0.5203614667189909,l40s
resnet152,gemm,343,layer3.28.conv2,256,256,3,1,1,1.1408928155899047,0.030938712832952173,0.6043844174414846,l40s
resnet152,gemm,343,layer3.28.conv3,256,1024,1,1,0,0.8275887995958329,0.023427826228688147,0.4384125902889513,l40s
resnet152,gemm,343,layer3.29.conv1,1024,256,1,1,0,0.9675471931695938,0.02699184852830449,0.512555113591972,l40s
resnet152,gemm,343,layer3.29.conv2,256,256,3,1,1,1.1233328104019165,0.021983179715323455,0.59508205935772,l40s
resnet152,gemm,343,layer3.29.conv3,256,1024,1,1,0,0.8227264046669006,0.021895676010231936,0.4358367517120613,l40s
resnet152,gemm,343,layer3.30.conv1,1024,256,1,1,0,0.9749072045087814,0.028279409985629136,0.5164540566870758,l40s
resnet152,gemm,343,layer3.30.conv2,256,256,3,1,1,1.1398448050022125,0.025175299766303658,0.603829237095128,l40s
resnet152,gemm,343,layer3.30.conv3,256,1024,1,1,0,0.8234144032001496,0.0246024960479738,0.43620121679329965,l40s
resnet152,gemm,343,layer3.31.conv1,1024,256,1,1,0,0.964412796497345,0.035269419348176706,0.5108946767122744,l40s
resnet152,gemm,343,layer3.31.conv2,256,256,3,1,1,1.1431584119796754,0.029511637973022385,0.6055846100761284,l40s
resnet152,gemm,343,layer3.31.conv3,256,1024,1,1,0,0.8250991970300674,0.025640146177420754,0.43709373107990895,l40s
resnet152,gemm,343,layer3.32.conv1,1024,256,1,1,0,0.9690959930419922,0.0291100903980286,0.5133755855029368,l40s
resnet152,gemm,343,layer3.32.conv2,256,256,3,1,1,1.14478400349617,0.02700515683881582,0.6064457621214995,l40s
resnet152,gemm,343,layer3.32.conv3,256,1024,1,1,0,0.8284352034330368,0.024385527783542423,0.4388609700868416,l40s
resnet152,gemm,343,layer3.33.conv1,1024,256,1,1,0,0.97707040309906,0.031064107078314498,0.5176000044062046,l40s
resnet152,gemm,343,layer3.33.conv2,256,256,3,1,1,1.138783985376358,0.02224659657607336,0.6032672712006798,l40s
resnet152,gemm,343,layer3.33.conv3,256,1024,1,1,0,0.830622398853302,0.02598712770942275,0.4400196300519534,l40s
resnet152,gemm,343,layer3.34.conv1,1024,256,1,1,0,0.9781776010990143,0.02560560384304375,0.5181865390999556,l40s
resnet152,gemm,343,layer3.34.conv2,256,256,3,1,1,1.1420384109020234,0.02704651593772731,0.6049912929918232,l40s
resnet152,gemm,343,layer3.34.conv3,256,1024,1,1,0,0.8283423990011215,0.026965209167607508,0.4388118072279361,l40s
resnet152,gemm,343,layer3.35.conv1,1024,256,1,1,0,0.968639999628067,0.024248038322259146,0.5131340244114246,l40s
resnet152,gemm,343,layer3.35.conv2,256,256,3,1,1,1.1362992107868195,0.025756700333742343,0.6019509695970141,l40s
resnet152,gemm,343,layer3.35.conv3,256,1024,1,1,0,0.8264464020729065,0.02206633642268735,0.4378074087574825,l40s
resnet152,gemm,343,layer4.0.conv1,1024,512,1,1,0,1.251382404565811,0.03308974726180272,0.6629159332456438,l40s
resnet152,gemm,343,layer4.0.conv2,512,512,3,2,1,1.9206416189670563,0.0221356711544846,1.0174539186602496,l40s
resnet152,gemm,343,layer4.0.conv3,512,2048,1,1,0,1.0283616006374359,0.02457595632017359,0.544771356631855,l40s
resnet152,gemm,343,layer4.0.downsample.0,1024,2048,1,2,0,1.834086400270462,0.03716291411219348,0.971601561003485,l40s
resnet152,gemm,343,layer4.1.conv1,2048,512,1,1,0,1.2218464016914368,0.018556106877721093,0.6472693276689853,l40s
resnet152,gemm,343,layer4.1.conv2,512,512,3,1,1,1.8815616071224213,0.07682054978522969,0.9967514040422454,l40s
resnet152,gemm,343,layer4.1.conv3,512,2048,1,1,0,1.0538319885730743,0.01991088026311905,0.5582642153510415,l40s
resnet152,gemm,343,layer4.2.conv1,2048,512,1,1,0,1.2252416014671326,0.02104905057068177,0.6490679241808498,l40s
resnet152,gemm,343,layer4.2.conv2,512,512,3,1,1,1.8677888095378876,0.021101218972341036,0.989455307396774,l40s
resnet152,gemm,343,layer4.2.conv3,512,2048,1,1,0,1.0523631989955902,0.024004755074409537,0.5574861286447343,l40s
resnet152,gemm,346,conv1,3,64,7,2,3,1.405616009235382,0.06894754875002825,0.7411485041572254,l40s
resnet152,gemm,346,layer1.0.conv1,64,64,1,1,0,0.8754224002361297,0.040490805214601154,0.46158979278677637,l40s
resnet152,gemm,346,layer1.0.conv2,64,64,3,1,1,1.0961007952690125,0.028408875352227865,0.5779483582156151,l40s
resnet152,gemm,346,layer1.0.conv3,64,256,1,1,0,1.7134591937065125,0.023894974579615036,0.9034670279835776,l40s
resnet152,gemm,346,layer1.0.downsample.0,64,256,1,1,0,1.4731760025024414,0.027544403543847847,0.7767713112551549,l40s
resnet152,gemm,346,layer1.1.conv1,256,64,1,1,0,1.4203599989414215,0.02526230094524583,0.7489226656950448,l40s
resnet152,gemm,346,layer1.1.conv2,64,64,3,1,1,1.0592751979827881,0.02652085974383255,0.5585310805494136,l40s
resnet152,gemm,346,layer1.1.conv3,64,256,1,1,0,1.4341360092163087,0.022756650022061425,0.7561864342786434,l40s
resnet152,gemm,346,layer1.2.conv1,256,64,1,1,0,1.4104752004146577,0.02455579996355169,0.7437106422164621,l40s
resnet152,gemm,346,layer1.2.conv2,64,64,3,1,1,1.0640639960765839,0.019008832873914933,0.5610561019781737,l40s
resnet152,gemm,346,layer1.2.conv3,64,256,1,1,0,1.5742608189582825,0.031765936210956386,0.8300709749022759,l40s
resnet152,gemm,346,layer2.0.conv1,256,128,1,1,0,1.9746352076530456,0.04114539104134083,1.0411790423505147,l40s
resnet152,gemm,346,layer2.0.conv2,128,128,3,2,1,1.1057183980941772,0.03659043637268318,0.5830194956390758,l40s
resnet152,gemm,346,layer2.0.conv3,128,512,1,1,0,1.1933792054653167,0.02222795173835908,0.6292409927118622,l40s
resnet152,gemm,346,layer2.0.downsample.0,256,512,1,2,0,1.934036785364151,0.0460678961171193,1.0197724421461491,l40s
resnet152,gemm,346,layer2.1.conv1,512,128,1,1,0,1.1504784107208252,0.024873025805818186,0.6066204052661258,l40s
resnet152,gemm,346,layer2.1.conv2,128,128,3,1,1,0.9266128033399582,0.030940813101320352,0.4885812971793922,l40s
resnet152,gemm,346,layer2.1.conv3,128,512,1,1,0,1.0978687942028045,0.02688632211312644,0.5788805827751833,l40s
resnet152,gemm,346,layer2.2.conv1,512,128,1,1,0,1.1279295980930328,0.0350313828306753,0.5947309428241742,l40s
resnet152,gemm,346,layer2.2.conv2,128,128,3,1,1,0.9116064041852951,0.03551791386892533,0.48066877326589824,l40s
resnet152,gemm,346,layer2.2.conv3,128,512,1,1,0,1.0925216019153594,0.022877130194151222,0.5760611331251777,l40s
resnet152,gemm,346,layer2.3.conv1,512,128,1,1,0,1.1324735879898071,0.03547500053439407,0.5971268826062857,l40s
resnet152,gemm,346,layer2.3.conv2,128,128,3,1,1,0.9109903931617737,0.038019139193874577,0.4803439650354658,l40s
resnet152,gemm,346,layer2.3.conv3,128,512,1,1,0,1.0857231974601746,0.03480980012656529,0.5724764931811884,l40s
resnet152,gemm,346,layer2.4.conv1,512,128,1,1,0,1.1275616109371185,0.03592314635408191,0.5945369117884126,l40s
resnet152,gemm,346,layer2.4.conv2,128,128,3,1,1,0.9131920009851455,0.03828040995039611,0.481504821438859,l40s
resnet152,gemm,346,layer2.4.conv3,128,512,1,1,0,1.0683983981609344,0.02358286855886806,0.5633415310001295,l40s
resnet152,gemm,346,layer2.5.conv1,512,128,1,1,0,1.1289759874343872,0.030518290401715612,0.595282679493375,l40s
resnet152,gemm,346,layer2.5.conv2,128,128,3,1,1,0.9132159978151322,0.0384829243957739,0.48151747440704684,l40s
resnet152,gemm,346,layer2.5.conv3,128,512,1,1,0,1.075195199251175,0.02364533732858109,0.5669253255272183,l40s
resnet152,gemm,346,layer2.6.conv1,512,128,1,1,0,1.1271312057971954,0.030876589999957904,0.5943099692069823,l40s
resnet152,gemm,346,layer2.6.conv2,128,128,3,1,1,0.9025935977697372,0.024833028187879004,0.47591653086878516,l40s
resnet152,gemm,346,layer2.6.conv3,128,512,1,1,0,1.081390392780304,0.028227100192841467,0.5701919064333195,l40s
resnet152,gemm,346,layer2.7.conv1,512,128,1,1,0,1.1226943850517273,0.020928142716328167,0.591970537216231,l40s
resnet152,gemm,346,layer2.7.conv2,128,128,3,1,1,0.9224079996347427,0.03382011148524058,0.48636420235696587,l40s
resnet152,gemm,346,layer2.7.conv3,128,512,1,1,0,1.0816111981868743,0.026334820230411275,0.5703083319689667,l40s
resnet152,gemm,346,layer3.0.conv1,512,256,1,1,0,1.400091189146042,0.04670355063041387,0.7382353955144323,l40s
resnet152,gemm,346,layer3.0.conv2,256,256,3,2,1,1.4056032001972198,0.02535074340635675,0.7411417502504607,l40s
resnet152,gemm,346,layer3.0.conv3,256,1024,1,1,0,0.8630175948143005,0.049357642405801365,0.4550490285080945,l40s
resnet152,gemm,346,layer3.0.downsample.0,512,1024,1,2,0,1.5604911983013152,0.09804107590827214,0.8228105754150252,l40s
resnet152,gemm,346,layer3.1.conv1,1024,256,1,1,0,0.9877135992050171,0.059070879100707026,0.5207983202928654,l40s
resnet152,gemm,346,layer3.1.conv2,256,256,3,1,1,1.1462431967258453,0.023423530049603136,0.6043872758079086,l40s
resnet152,gemm,346,layer3.1.conv3,256,1024,1,1,0,0.8340959995985031,0.046970755533180794,0.43979934659554343,l40s
resnet152,gemm,346,layer3.2.conv1,1024,256,1,1,0,0.984303992986679,0.046108030992155186,0.519000514539457,l40s
resnet152,gemm,346,layer3.2.conv2,256,256,3,1,1,1.146424001455307,0.022220008769061397,0.6044826099204292,l40s
resnet152,gemm,346,layer3.2.conv3,256,1024,1,1,0,0.8330512017011642,0.054181813233310235,0.4392484490576159,l40s
resnet152,gemm,346,layer3.3.conv1,1024,256,1,1,0,0.9777839988470077,0.049837248604603084,0.5155626738546742,l40s
resnet152,gemm,346,layer3.3.conv2,256,256,3,1,1,1.1400560081005096,0.024430799394001976,0.6011249157006837,l40s
resnet152,gemm,346,layer3.3.conv3,256,1024,1,1,0,0.8415920048952102,0.05321851533060277,0.44375181517608503,l40s
resnet152,gemm,346,layer3.4.conv1,1024,256,1,1,0,0.9851456046104431,0.052690726531696416,0.5194442766992046,l40s
resnet152,gemm,346,layer3.4.conv2,256,256,3,1,1,1.150785607099533,0.03663099321149389,0.6067823827443742,l40s
resnet152,gemm,346,layer3.4.conv3,256,1024,1,1,0,0.83366559445858,0.045319419497840956,0.4395724040141132,l40s
resnet152,gemm,346,layer3.5.conv1,1024,256,1,1,0,0.9866800010204315,0.04546007543136676,0.5202533281019882,l40s
resnet152,gemm,346,layer3.5.conv2,256,256,3,1,1,1.1312703907489776,0.028086097959159735,0.5964924647927521,l40s
resnet152,gemm,346,layer3.5.conv3,256,1024,1,1,0,0.8430768013000488,0.04778269300279444,0.44453471365418556,l40s
resnet152,gemm,346,layer3.6.conv1,1024,256,1,1,0,0.9826592057943344,0.04659972989118378,0.5181332566544772,l40s
resnet152,gemm,346,layer3.6.conv2,256,256,3,1,1,1.1533216059207916,0.03203732448909312,0.6081195557137848,l40s
resnet152,gemm,346,layer3.6.conv3,256,1024,1,1,0,0.8418015897274017,0.045973341997674846,0.4438623243648337,l40s
resnet152,gemm,346,layer3.7.conv1,1024,256,1,1,0,0.9873616069555282,0.050131183382402834,0.5206127229978221,l40s
resnet152,gemm,346,layer3.7.conv2,256,256,3,1,1,1.1467136025428772,0.02549903389727382,0.6046353098124656,l40s
resnet152,gemm,346,layer3.7.conv3,256,1024,1,1,0,0.8312463998794556,0.05069080467567628,0.4382968191945018,l40s
resnet152,gemm,346,layer3.8.conv1,1024,256,1,1,0,0.9768095999956131,0.053023754644986675,0.5150488960900368,l40s
resnet152,gemm,346,layer3.8.conv2,256,256,3,1,1,1.1343247950077058,0.022095140236887023,0.598102980845909,l40s
resnet152,gemm,346,layer3.8.conv3,256,1024,1,1,0,0.8268799990415573,0.055607177103332725,0.4359945179768887,l40s
resnet152,gemm,346,layer3.9.conv1,1024,256,1,1,0,0.9816479980945587,0.049237633351569325,0.5176000704434801,l40s
resnet152,gemm,346,layer3.9.conv2,256,256,3,1,1,1.148235207796097,0.028120249541771645,0.6054376167369256,l40s
resnet152,gemm,346,layer3.9.conv3,256,1024,1,1,0,0.8366783946752548,0.0518395703309908,0.4411609832272425,l40s
resnet152,gemm,346,layer3.10.conv1,1024,256,1,1,0,0.9692112058401108,0.05174853705937,0.5110424402547686,l40s
resnet152,gemm,346,layer3.10.conv2,256,256,3,1,1,1.14090239405632,0.02638103571573737,0.6015711952542511,l40s
resnet152,gemm,346,layer3.10.conv3,256,1024,1,1,0,0.8452399998903275,0.05208028285989114,0.44567531776572544,l40s
resnet152,gemm,346,layer3.11.conv1,1024,256,1,1,0,0.9764432102441788,0.05939049349642935,0.5148557073283623,l40s
resnet152,gemm,346,layer3.11.conv2,256,256,3,1,1,1.1415984153747558,0.030472808201710434,0.6019381910451576,l40s
resnet152,gemm,346,layer3.11.conv3,256,1024,1,1,0,0.8375487983226776,0.054351907723497066,0.44161992674884576,l40s
resnet152,gemm,346,layer3.12.conv1,1024,256,1,1,0,0.9733808040618896,0.04882050525001603,0.513240972047736,l40s
resnet152,gemm,346,layer3.12.conv2,256,256,3,1,1,1.1327967882156371,0.015630013936661576,0.5972972985394732,l40s
resnet152,gemm,346,layer3.12.conv3,256,1024,1,1,0,0.8456400126218796,0.05247304097620274,0.4458862351398061,l40s
resnet152,gemm,346,layer3.13.conv1,1024,256,1,1,0,0.9854239970445633,0.05751796812043281,0.51959106652997,l40s
resnet152,gemm,346,layer3.13.conv2,256,256,3,1,1,1.1447247982025146,0.029300667739467122,0.6035866597172501,l40s
resnet152,gemm,346,layer3.13.conv3,256,1024,1,1,0,0.833910396695137,0.04105507441254581,0.43970148251794816,l40s
resnet152,gemm,346,layer3.14.conv1,1024,256,1,1,0,0.9859776109457016,0.05853299237752661,0.5198829742145818,l40s
resnet152,gemm,346,layer3.14.conv2,256,256,3,1,1,1.1374271929264068,0.032694951540628014,0.5997388028354411,l40s
resnet152,gemm,346,layer3.14.conv3,256,1024,1,1,0,0.833622407913208,0.04696473556613377,0.43954963275703307,l40s
resnet152,gemm,346,layer3.15.conv1,1024,256,1,1,0,0.9712928026914597,0.049150332580300764,0.5121400176745611,l40s
resnet152,gemm,346,layer3.15.conv2,256,256,3,1,1,1.2015680074691772,0.27269615637549005,0.6335587568210674,l40s
resnet152,gemm,346,layer3.15.conv3,256,1024,1,1,0,0.8608895927667618,0.16109297391231725,0.45392698271179294,l40s
resnet152,gemm,346,layer3.16.conv1,1024,256,1,1,0,0.9822640061378479,0.05192870381874979,0.5179248771025057,l40s
resnet152,gemm,346,layer3.16.conv2,256,256,3,1,1,1.1381392002105712,0.030125750492089525,0.6001142276528453,l40s
resnet152,gemm,346,layer3.16.conv3,256,1024,1,1,0,0.8323568016290664,0.05580417833568725,0.4388823081120515,l40s
resnet152,gemm,346,layer3.17.conv1,1024,256,1,1,0,0.9736511975526809,0.05478928852633119,0.5133835442224389,l40s
resnet152,gemm,346,layer3.17.conv2,256,256,3,1,1,1.1474927961826324,0.024417853121084777,0.6050461604265445,l40s
resnet152,gemm,346,layer3.17.conv3,256,1024,1,1,0,0.8375359982252121,0.04730162121606463,0.4416131775563014,l40s
resnet152,gemm,346,layer3.18.conv1,1024,256,1,1,0,0.9793456107378006,0.04782143394087257,0.5163860753450749,l40s
resnet152,gemm,346,layer3.18.conv2,256,256,3,1,1,1.1410975992679595,0.029248390747146413,0.6016741224048097,l40s
resnet152,gemm,346,layer3.18.conv3,256,1024,1,1,0,0.8393727988004684,0.05838601372808888,0.4425816796150728,l40s
resnet152,gemm,346,layer3.19.conv1,1024,256,1,1,0,0.9765056043863296,0.047805897444311234,0.5148886063027759,l40s
resnet152,gemm,346,layer3.19.conv2,256,256,3,1,1,1.1445088028907775,0.028890619103085047,0.6034727704323052,l40s
resnet152,gemm,346,layer3.19.conv3,256,1024,1,1,0,0.8348336011171341,0.052846377814689226,0.4401882666552223,l40s
resnet152,gemm,346,layer3.20.conv1,1024,256,1,1,0,0.9891520053148269,0.06291598871232087,0.5215567582514912,l40s
resnet152,gemm,346,layer3.20.conv2,256,256,3,1,1,1.1364879965782166,0.027222768520314057,0.5992435865288556,l40s
resnet152,gemm,346,layer3.20.conv3,256,1024,1,1,0,0.8389264076948166,0.04632994830664136,0.44234630800714486,l40s
resnet152,gemm,346,layer3.21.conv1,1024,256,1,1,0,0.9811856031417847,0.05521154411559286,0.5173562603806133,l40s
resnet152,gemm,346,layer3.21.conv2,256,256,3,1,1,1.1424511909484862,0.030816395286043567,0.6023878396950729,l40s
resnet152,gemm,346,layer3.21.conv3,256,1024,1,1,0,0.8384992033243179,0.04472632521692303,0.44212105311670236,l40s
resnet152,gemm,346,layer3.22.conv1,1024,256,1,1,0,0.9809840023517609,0.05741077186847102,0.5172499609908928,l40s
resnet152,gemm,346,layer3.22.conv2,256,256,3,1,1,1.1433520019054413,0.030891092393408846,0.6028628162810601,l40s
resnet152,gemm,346,layer3.22.conv3,256,1024,1,1,0,0.8366015970706939,0.059379372622231516,0.4411204896433837,l40s
resnet152,gemm,346,layer3.23.conv1,1024,256,1,1,0,0.9862959980964661,0.05384385927146611,0.5200508523256603,l40s
resnet152,gemm,346,layer3.23.conv2,256,256,3,1,1,1.1364063978195191,0.022598615943512756,0.5992005614085152,l40s
resnet152,gemm,346,layer3.23.conv3,256,1024,1,1,0,0.8243471950292587,0.044814411735296045,0.4346590295556521,l40s
resnet152,gemm,346,layer3.24.conv1,1024,256,1,1,0,0.9832911968231202,0.05696340952247316,0.5184664907685935,l40s
resnet152,gemm,346,layer3.24.conv2,256,256,3,1,1,1.1471920013427734,0.027975040624548506,0.6048875583302714,l40s
resnet152,gemm,346,layer3.24.conv3,256,1024,1,1,0,0.8278896003961563,0.0533683829356141,0.43652685719957807,l40s
resnet152,gemm,346,layer3.25.conv1,1024,256,1,1,0,0.9770480036735535,0.06457734208412488,0.515174600783303,l40s
resnet152,gemm,346,layer3.25.conv2,256,256,3,1,1,1.1442624151706695,0.02592643016046693,0.6033428559400107,l40s
resnet152,gemm,346,layer3.25.conv3,256,1024,1,1,0,0.8363343954086304,0.042935376982138576,0.4409796004454481,l40s
resnet152,gemm,346,layer3.26.conv1,1024,256,1,1,0,0.9735471993684769,0.054754678809509495,0.5133287084079977,l40s
resnet152,gemm,346,layer3.26.conv2,256,256,3,1,1,1.1343616008758546,0.022292184434345906,0.5981223877208616,l40s
resnet152,gemm,346,layer3.26.conv3,256,1024,1,1,0,0.8364384114742279,0.043290339822868736,0.44103444568833045,l40s
resnet152,gemm,346,layer3.27.conv1,1024,256,1,1,0,0.9754687964916229,0.04303730898918836,0.5143419217066904,l40s
resnet152,gemm,346,layer3.27.conv2,256,256,3,1,1,1.131340789794922,0.030393271545263705,0.5965295845660422,l40s
resnet152,gemm,346,layer3.27.conv3,256,1024,1,1,0,0.8342624008655548,0.05085401333474323,0.4398870860986189,l40s
resnet152,gemm,346,layer3.28.conv1,1024,256,1,1,0,0.9798960000276565,0.04914944859237556,0.5166762827674438,l40s
resnet152,gemm,346,layer3.28.conv2,256,256,3,1,1,1.1448015987873077,0.028353082315852127,0.6036271548725156,l40s
resnet152,gemm,346,layer3.28.conv3,256,1024,1,1,0,0.8344304025173187,0.05331249484463893,0.43997566944718824,l40s
resnet152,gemm,346,layer3.29.conv1,1024,256,1,1,0,0.9838031947612762,0.05669578700411081,0.5187364553275504,l40s
resnet152,gemm,346,layer3.29.conv2,256,256,3,1,1,1.1471087992191316,0.029136312719765207,0.6048436877930302,l40s
resnet152,gemm,346,layer3.29.conv3,256,1024,1,1,0,0.8360352039337158,0.051923192406232804,0.44082184376607575,l40s
resnet152,gemm,346,layer3.30.conv1,1024,256,1,1,0,0.9935567915439606,0.05287644961202473,0.5238792991897028,l40s
resnet152,gemm,346,layer3.30.conv2,256,256,3,1,1,1.1444384038448334,0.03060812239124784,0.6034356506590152,l40s
resnet152,gemm,346,layer3.30.conv3,256,1024,1,1,0,0.8283839970827103,0.0496508989079131,0.43678754102950906,l40s
resnet152,gemm,346,layer3.31.conv1,1024,256,1,1,0,0.9846496015787125,0.052517060664808976,0.519182745880966,l40s
resnet152,gemm,346,layer3.31.conv2,256,256,3,1,1,1.1432495951652526,0.029081679899407725,0.6028088195978922,l40s
resnet152,gemm,346,layer3.31.conv3,256,1024,1,1,0,0.8254352062940598,0.045692352622252026,0.4352327124933217,l40s
resnet152,gemm,346,layer3.32.conv1,1024,256,1,1,0,0.9775552034378052,0.06061751488470952,0.5154420353771851,l40s
resnet152,gemm,346,layer3.32.conv2,256,256,3,1,1,1.1415839970111847,0.02292300108471796,0.6019305885786782,l40s
resnet152,gemm,346,layer3.32.conv3,256,1024,1,1,0,0.833257594704628,0.04360315014717847,0.43935727526959745,l40s
resnet152,gemm,346,layer3.33.conv1,1024,256,1,1,0,0.9826048016548157,0.05473345444606224,0.5181045706219055,l40s
resnet152,gemm,346,layer3.33.conv2,256,256,3,1,1,1.1465855956077575,0.02693719567525148,0.6045678147442091,l40s
resnet152,gemm,346,layer3.33.conv3,256,1024,1,1,0,0.8351072013378144,0.04439732817769403,0.4403325296637267,l40s
resnet152,gemm,346,layer3.34.conv1,1024,256,1,1,0,0.9734144061803818,0.050823799838669435,0.513258689660294,l40s
resnet152,gemm,346,layer3.34.conv2,256,256,3,1,1,1.146614396572113,0.027877914296036258,0.6045830008202855,l40s
resnet152,gemm,346,layer3.34.conv3,256,1024,1,1,0,0.8322911947965622,0.0474277798148238,0.4388477151610225,l40s
resnet152,gemm,346,layer3.35.conv1,1024,256,1,1,0,0.9759664028882981,0.047493703715884364,0.5146042979418297,l40s
resnet152,gemm,346,layer3.35.conv2,256,256,3,1,1,1.1391904175281524,0.034690238201543044,0.6006685100011897,l40s
resnet152,gemm,346,layer3.35.conv3,256,1024,1,1,0,0.8382543951272965,0.05658255287919516,0.4419919714700537,l40s
resnet152,gemm,346,layer4.0.conv1,1024,512,1,1,0,1.254718405008316,0.02965779864657026,0.6615837205186017,l40s
resnet152,gemm,346,layer4.0.conv2,512,512,3,2,1,1.9360719978809358,0.03657292110707526,1.0208455621892807,l40s
resnet152,gemm,346,layer4.0.conv3,512,2048,1,1,0,1.0217455953359604,0.016686420983055276,0.5387425972932773,l40s
resnet152,gemm,346,layer4.0.downsample.0,1024,2048,1,2,0,1.8363424003124238,0.03561493759809201,0.9682604738205788,l40s
resnet152,gemm,346,layer4.1.conv1,2048,512,1,1,0,1.2396480083465575,0.025571596346589717,0.6536374522137933,l40s
resnet152,gemm,346,layer4.1.conv2,512,512,3,1,1,1.8711551964282989,0.038743317497360145,0.9866164484233769,l40s
resnet152,gemm,346,layer4.1.conv3,512,2048,1,1,0,1.0572175979614258,0.02728718802922103,0.5574461560978088,l40s
resnet152,gemm,346,layer4.2.conv1,2048,512,1,1,0,1.2376335918903352,0.027062678175155536,0.6525752974478619,l40s
resnet152,gemm,346,layer4.2.conv2,512,512,3,1,1,1.8711088120937347,0.037158854261238,0.9865919910467159,l40s
resnet152,gemm,346,layer4.2.conv3,512,2048,1,1,0,1.0497583985328673,0.02254235899723751,0.5535130943922197,l40s
resnet152,gemm,349,conv1,3,64,7,2,3,1.5325567960739135,0.3765956073658847,0.8088693542725458,l40s
resnet152,gemm,349,layer1.0.conv1,64,64,1,1,0,0.8776303946971893,0.04293619964737474,0.46320523485149706,l40s
resnet152,gemm,349,layer1.0.conv2,64,64,3,1,1,1.1613855957984924,0.033933740631811836,0.6129686151544466,l40s
resnet152,gemm,349,layer1.0.conv3,64,256,1,1,0,1.6081903994083404,0.026251800086175853,0.8487880731397017,l40s
resnet152,gemm,349,layer1.0.downsample.0,64,256,1,1,0,1.820219200849533,0.027724992444513333,0.9606949206694476,l40s
resnet152,gemm,349,layer1.1.conv1,256,64,1,1,0,1.4192960023880006,0.022338735137833594,0.7490913510769618,l40s
resnet152,gemm,349,layer1.1.conv2,64,64,3,1,1,1.1363360106945037,0.02737730386723394,0.5997476749715019,l40s
resnet152,gemm,349,layer1.1.conv3,64,256,1,1,0,1.4510688126087188,0.02076519755790874,0.7658607475211879,l40s
resnet152,gemm,349,layer1.2.conv1,256,64,1,1,0,1.4002592086791992,0.023688365429651352,0.7390439067838008,l40s
resnet152,gemm,349,layer1.2.conv2,64,64,3,1,1,1.1403263866901399,0.03851234539289971,0.6018537586502037,l40s
resnet152,gemm,349,layer1.2.conv3,64,256,1,1,0,1.6926896154880524,0.025324351098303086,0.8933859807161308,l40s
resnet152,gemm,349,layer2.0.conv1,256,128,1,1,0,2.007948786020279,0.03825762545175625,1.0597768657718531,l40s
resnet152,gemm,349,layer2.0.conv2,128,128,3,2,1,1.0913408160209657,0.023735127679607573,0.5759996258589412,l40s
resnet152,gemm,349,layer2.0.conv3,128,512,1,1,0,1.1984623968601227,0.02507397802818262,0.6325374090875924,l40s
resnet152,gemm,349,layer2.0.downsample.0,256,512,1,2,0,2.11845920085907,0.07673942598539091,1.1181032443569983,l40s
resnet152,gemm,349,layer2.1.conv1,512,128,1,1,0,1.130428808927536,0.020148945418569163,0.5966299083144715,l40s
resnet152,gemm,349,layer2.1.conv2,128,128,3,1,1,0.9167264074087143,0.019244082396992764,0.4838397500861789,l40s
resnet152,gemm,349,layer2.1.conv3,128,512,1,1,0,1.2559280037879943,0.023677534736803122,0.6628672268716411,l40s
resnet152,gemm,349,layer2.2.conv1,512,128,1,1,0,1.130726408958435,0.037884986068214166,0.5967869788683599,l40s
resnet152,gemm,349,layer2.2.conv2,128,128,3,1,1,0.9074095964431763,0.021862332555012732,0.47892242311410205,l40s
resnet152,gemm,349,layer2.2.conv3,128,512,1,1,0,1.24307519197464,0.02443353939382639,0.6560836312367601,l40s
resnet152,gemm,349,layer2.3.conv1,512,128,1,1,0,1.1120592057704926,0.032809347587604114,0.5869346010462871,l40s
resnet152,gemm,349,layer2.3.conv2,128,128,3,1,1,0.9062991946935653,0.02156114524857263,0.47833636330314305,l40s
resnet152,gemm,349,layer2.3.conv3,128,512,1,1,0,1.2429344058036804,0.026504189342641475,0.656009325593089,l40s
resnet152,gemm,349,layer2.4.conv1,512,128,1,1,0,1.1261712074279786,0.029796318410712674,0.5943827854773152,l40s
resnet152,gemm,349,layer2.4.conv2,128,128,3,1,1,0.9162063926458359,0.020950856758532487,0.48356529108633034,l40s
resnet152,gemm,349,layer2.4.conv3,128,512,1,1,0,1.2389584124088286,0.020054617229735405,0.6539108329185438,l40s
resnet152,gemm,349,layer2.5.conv1,512,128,1,1,0,1.1261327862739563,0.02347266371447573,0.5943625071462777,l40s
resnet152,gemm,349,layer2.5.conv2,128,128,3,1,1,0.8981647998094558,0.015047009413808134,0.47404310464273763,l40s
resnet152,gemm,349,layer2.5.conv3,128,512,1,1,0,1.2370800018310546,0.022080079277602277,0.6529194251253742,l40s
resnet152,gemm,349,layer2.6.conv1,512,128,1,1,0,1.1256111979484558,0.026805199847945934,0.5940872176345776,l40s
resnet152,gemm,349,layer2.6.conv2,128,128,3,1,1,0.9211872041225433,0.024371420700777843,0.48619411748495944,l40s
resnet152,gemm,349,layer2.6.conv3,128,512,1,1,0,1.2549376010894775,0.03798193144248933,0.662344501454044,l40s
resnet152,gemm,349,layer2.7.conv1,512,128,1,1,0,1.123174399137497,0.03047525563311368,0.5928010976775479,l40s
resnet152,gemm,349,layer2.7.conv2,128,128,3,1,1,0.9132367968559265,0.025760366677533196,0.48199796579359866,l40s
resnet152,gemm,349,layer2.7.conv3,128,512,1,1,0,1.2512351989746093,0.027886200889904043,0.6603904077358976,l40s
resnet152,gemm,349,layer3.0.conv1,512,256,1,1,0,1.4097407817840577,0.027054168208943307,0.7440481936947082,l40s
resnet152,gemm,349,layer3.0.conv2,256,256,3,2,1,1.414361596107483,0.04100096146445549,0.746487016913252,l40s
resnet152,gemm,349,layer3.0.conv3,256,1024,1,1,0,0.8476016014814377,0.021969021771963596,0.44735631451116575,l40s
resnet152,gemm,349,layer3.0.downsample.0,512,1024,1,2,0,1.5504495978355408,0.03910275530535205,0.8183130101580116,l40s
resnet152,gemm,349,layer3.1.conv1,1024,256,1,1,0,0.9744720011949539,0.03345082958353844,0.5143173423539619,l40s
resnet152,gemm,349,layer3.1.conv2,256,256,3,1,1,1.1808671951293945,0.09825881306808605,0.623250823756015,l40s
resnet152,gemm,349,layer3.1.conv3,256,1024,1,1,0,0.8212368071079255,0.018663447276894132,0.4334412189955782,l40s
resnet152,gemm,349,layer3.2.conv1,1024,256,1,1,0,0.9754271924495697,0.027189645585123257,0.5148214834959457,l40s
resnet152,gemm,349,layer3.2.conv2,256,256,3,1,1,1.175139194726944,0.10528393965948175,0.6202276379278145,l40s
resnet152,gemm,349,layer3.2.conv3,256,1024,1,1,0,0.8321136027574539,0.02411170818351498,0.43918189150841885,l40s
resnet152,gemm,349,layer3.3.conv1,1024,256,1,1,0,0.9756736069917679,0.025812778248646154,0.5149515388205782,l40s
resnet152,gemm,349,layer3.3.conv2,256,256,3,1,1,1.1596207976341248,0.10171624628731576,0.6120371709461208,l40s
resnet152,gemm,349,layer3.3.conv3,256,1024,1,1,0,0.8242799997329712,0.02885816756518681,0.4350473880196912,l40s
resnet152,gemm,349,layer3.4.conv1,1024,256,1,1,0,0.9775167912244797,0.030244200769973254,0.5159243544734391,l40s
resnet152,gemm,349,layer3.4.conv2,256,256,3,1,1,1.1587952077388763,0.09482634751998746,0.6116014322073189,l40s
resnet152,gemm,349,layer3.4.conv3,256,1024,1,1,0,0.8243184000253677,0.024681901840588744,0.4350676553401548,l40s
resnet152,gemm,349,layer3.5.conv1,1024,256,1,1,0,0.9761151939630508,0.02402480992726196,0.5151846043547443,l40s
resnet152,gemm,349,layer3.5.conv2,256,256,3,1,1,1.1653680086135865,0.09973539820273244,0.61507049593984,l40s
resnet152,gemm,349,layer3.5.conv3,256,1024,1,1,0,0.8228415995836258,0.019385968485283605,0.43428821367589715,l40s
resnet152,gemm,349,layer3.6.conv1,1024,256,1,1,0,0.9712928086519241,0.033032077547284884,0.5126393938263925,l40s
resnet152,gemm,349,layer3.6.conv2,256,256,3,1,1,1.1715103924274444,0.11966288745699556,0.6183123895139884,l40s
resnet152,gemm,349,layer3.6.conv3,256,1024,1,1,0,0.8150959998369217,0.017820440668123556,0.4302001575062203,l40s
resnet152,gemm,349,layer3.7.conv1,1024,256,1,1,0,0.9834351956844329,0.0281606827784742,0.5190480338085932,l40s
resnet152,gemm,349,layer3.7.conv2,256,256,3,1,1,1.1711807906627656,0.10122762953521107,0.6181384287399108,l40s
resnet152,gemm,349,layer3.7.conv3,256,1024,1,1,0,0.8155343919992447,0.017609045720115374,0.43043153684965785,l40s
resnet152,gemm,349,layer3.8.conv1,1024,256,1,1,0,0.9708543956279755,0.02799996759666539,0.5124080034723811,l40s
resnet152,gemm,349,layer3.8.conv2,256,256,3,1,1,1.16460480093956,0.09517897144776956,0.6146676819625394,l40s
resnet152,gemm,349,layer3.8.conv3,256,1024,1,1,0,0.8323424011468887,0.02371813255273983,0.43930264918995776,l40s
resnet152,gemm,349,layer3.9.conv1,1024,256,1,1,0,0.9795600026845932,0.02824245984639156,0.5170027426536475,l40s
resnet152,gemm,349,layer3.9.conv2,256,256,3,1,1,1.1762912034988404,0.11080675720221768,0.620835657541722,l40s
resnet152,gemm,349,layer3.9.conv3,256,1024,1,1,0,0.8257647901773453,0.030542874247743036,0.43583104673370926,l40s
resnet152,gemm,349,layer3.10.conv1,1024,256,1,1,0,0.9897920101881027,0.05459409701719852,0.5224031019248196,l40s
resnet152,gemm,349,layer3.10.conv2,256,256,3,1,1,1.1663455963134766,0.10671024165491165,0.6155864577192537,l40s
resnet152,gemm,349,layer3.10.conv3,256,1024,1,1,0,0.8323072016239166,0.03379208194278088,0.4392840712061009,l40s
resnet152,gemm,349,layer3.11.conv1,1024,256,1,1,0,0.9711391985416412,0.04867662546637554,0.5125583198257208,l40s
resnet152,gemm,349,layer3.11.conv2,256,256,3,1,1,1.1731743931770324,0.11785231032296117,0.6191906337756538,l40s
resnet152,gemm,349,layer3.11.conv3,256,1024,1,1,0,0.8307071954011918,0.03177270521740122,0.43843960266599663,l40s
resnet152,gemm,349,layer3.12.conv1,1024,256,1,1,0,0.982697606086731,0.03512579303884586,0.518658740815903,l40s
resnet152,gemm,349,layer3.12.conv2,256,256,3,1,1,1.1778800010681152,0.1132283655626822,0.6216742102578244,l40s
resnet152,gemm,349,layer3.12.conv3,256,1024,1,1,0,0.8316799938678742,0.03618312170870554,0.4389530367322567,l40s
resnet152,gemm,349,layer3.13.conv1,1024,256,1,1,0,0.9894959926605225,0.048484391650490045,0.5222468666015999,l40s
resnet152,gemm,349,layer3.13.conv2,256,256,3,1,1,1.1744512140750885,0.10110659390084219,0.6198645280795896,l40s
resnet152,gemm,349,layer3.13.conv3,256,1024,1,1,0,0.8312544018030167,0.029627353014549267,0.438728413162307,l40s
resnet152,gemm,349,layer3.14.conv1,1024,256,1,1,0,0.9772096037864685,0.037419727378004856,0.5157622237744259,l40s
resnet152,gemm,349,layer3.14.conv2,256,256,3,1,1,1.1779839932918548,0.11211110743895875,0.6217290963952132,l40s
resnet152,gemm,349,layer3.14.conv3,256,1024,1,1,0,0.8319455981254578,0.03221029026618267,0.4390932202118341,l40s
resnet152,gemm,349,layer3.15.conv1,1024,256,1,1,0,0.9732480019330978,0.0343484857759238,0.5136713268228547,l40s
resnet152,gemm,349,layer3.15.conv2,256,256,3,1,1,1.1513216018676757,0.05252803746262136,0.6076569318986764,l40s
resnet152,gemm,349,layer3.15.conv3,256,1024,1,1,0,0.8192351907491684,0.029431439274827727,0.43238478432656186,l40s
resnet152,gemm,349,layer3.16.conv1,1024,256,1,1,0,0.9813248097896576,0.036906151194997565,0.5179341915807908,l40s
resnet152,gemm,349,layer3.16.conv2,256,256,3,1,1,1.1669615983963013,0.09638752878592964,0.6159115779420353,l40s
resnet152,gemm,349,layer3.16.conv3,256,1024,1,1,0,0.8258671998977661,0.02603312010917258,0.4358850976404295,l40s
resnet152,gemm,349,layer3.17.conv1,1024,256,1,1,0,0.9828752011060715,0.03215260773680586,0.5187524738305515,l40s
resnet152,gemm,349,layer3.17.conv2,256,256,3,1,1,1.1659472048282624,0.09693000522955138,0.6153761903645831,l40s
resnet152,gemm,349,layer3.17.conv3,256,1024,1,1,0,0.819513601064682,0.026161884520785064,0.4325317267255053,l40s
resnet152,gemm,349,layer3.18.conv1,1024,256,1,1,0,0.9752799957990647,0.02593377161899963,0.514743794460244,l40s
resnet152,gemm,349,layer3.18.conv2,256,256,3,1,1,1.169238406419754,0.10764728479513264,0.6171132562357539,l40s
resnet152,gemm,349,layer3.18.conv3,256,1024,1,1,0,0.8203183978796005,0.02309205556544497,0.43295649106811984,l40s
resnet152,gemm,349,layer3.19.conv1,1024,256,1,1,0,0.9796320080757142,0.02490886774848456,0.5170407464355429,l40s
resnet152,gemm,349,layer3.19.conv2,256,256,3,1,1,1.1713472068309785,0.10444730500879229,0.6182262616599485,l40s
resnet152,gemm,349,layer3.19.conv3,256,1024,1,1,0,0.8242336004972458,0.024958591022530903,0.4350228989306499,l40s
resnet152,gemm,349,layer3.20.conv1,1024,256,1,1,0,0.9776256054639816,0.026618276029070215,0.5159817856263118,l40s
resnet152,gemm,349,layer3.20.conv2,256,256,3,1,1,1.1699712097644805,0.10993425415701151,0.6175000230882295,l40s
resnet152,gemm,349,layer3.20.conv3,256,1024,1,1,0,0.83159359395504,0.02664608527129028,0.4389074356544484,l40s
resnet152,gemm,349,layer3.21.conv1,1024,256,1,1,0,0.9642863959074021,0.02435967914143094,0.5089414737447702,l40s
resnet152,gemm,349,layer3.21.conv2,256,256,3,1,1,1.158489602804184,0.11108354463712904,0.6114401367389745,l40s
resnet152,gemm,349,layer3.21.conv3,256,1024,1,1,0,0.8201775938272476,0.020085401419100854,0.43288217598681433,l40s
resnet152,gemm,349,layer3.22.conv1,1024,256,1,1,0,0.980446395277977,0.03251880277237474,0.5174705724962211,l40s
resnet152,gemm,349,layer3.22.conv2,256,256,3,1,1,1.159579199552536,0.09811081413168474,0.6120152158619895,l40s
resnet152,gemm,349,layer3.22.conv3,256,1024,1,1,0,0.8328144043684006,0.026702098488810045,0.4395517681407053,l40s
resnet152,gemm,349,layer3.23.conv1,1024,256,1,1,0,0.9753328084945678,0.03109357599881596,0.5147716685142553,l40s
resnet152,gemm,349,layer3.23.conv2,256,256,3,1,1,1.1372464001178741,0.03529758953789029,0.6002281701198088,l40s
resnet152,gemm,349,layer3.23.conv3,256,1024,1,1,0,0.8233056008815766,0.020042077291846937,0.4345331092851278,l40s
resnet152,gemm,349,layer3.24.conv1,1024,256,1,1,0,0.9631344020366669,0.026123929751840837,0.5083334619955583,l40s
resnet152,gemm,349,layer3.24.conv2,256,256,3,1,1,1.1706016063690186,0.11507022596902092,0.6178327406069241,l40s
resnet152,gemm,349,layer3.24.conv3,256,1024,1,1,0,0.8161887973546982,0.02037138551530465,0.4307769259658421,l40s
resnet152,gemm,349,layer3.25.conv1,1024,256,1,1,0,0.9707312017679215,0.026364721973146855,0.5123429828882909,l40s
resnet152,gemm,349,layer3.25.conv2,256,256,3,1,1,1.1614479959011077,0.10131239135076407,0.6130015493535825,l40s
resnet152,gemm,349,layer3.25.conv3,256,1024,1,1,0,0.8223088085651398,0.023144200335286844,0.4340070114860735,l40s
resnet152,gemm,349,layer3.26.conv1,1024,256,1,1,0,0.9799808025360107,0.026118308936346382,0.5172248369375044,l40s
resnet152,gemm,349,layer3.26.conv2,256,256,3,1,1,1.1710303962230681,0.10024005124113462,0.6180590519405413,l40s
resnet152,gemm,349,layer3.26.conv3,256,1024,1,1,0,0.8185472071170807,0.019723488708441046,0.43202167290539795,l40s
resnet152,gemm,349,layer3.27.conv1,1024,256,1,1,0,0.9680079996585846,0.03287804487530027,0.5109057019096179,l40s
resnet152,gemm,349,layer3.27.conv2,256,256,3,1,1,1.1730911910533905,0.10440482011989437,0.6191467204615132,l40s
resnet152,gemm,349,layer3.27.conv3,256,1024,1,1,0,0.8237263977527618,0.019094899049348187,0.43475520199604556,l40s
resnet152,gemm,349,layer3.28.conv1,1024,256,1,1,0,0.9666127979755401,0.030514946759588414,0.5101693273182584,l40s
resnet152,gemm,349,layer3.28.conv2,256,256,3,1,1,1.1603855907917022,0.10628147757654956,0.6124408217270292,l40s
resnet152,gemm,349,layer3.28.conv3,256,1024,1,1,0,0.829259204864502,0.02231747389530236,0.43767536660413875,l40s
resnet152,gemm,349,layer3.29.conv1,1024,256,1,1,0,0.9732896029949188,0.02742227653591938,0.513693283479925,l40s
resnet152,gemm,349,layer3.29.conv2,256,256,3,1,1,1.158574402332306,0.10250042345129504,0.6114848931484794,l40s
resnet152,gemm,349,layer3.29.conv3,256,1024,1,1,0,0.8233935981988907,0.026829485634361303,0.43457955345830035,l40s
resnet152,gemm,349,layer3.30.conv1,1024,256,1,1,0,0.9648688018321991,0.022853883064638966,0.5092488622249374,l40s
resnet152,gemm,349,layer3.30.conv2,256,256,3,1,1,1.1647647976875306,0.09626352535237671,0.614752126771729,l40s
resnet152,gemm,349,layer3.30.conv3,256,1024,1,1,0,0.8245600014925003,0.024909076918655387,0.4351951703681208,l40s
resnet152,gemm,349,layer3.31.conv1,1024,256,1,1,0,0.9689887970685959,0.0201669325363447,0.5114233577444558,l40s
resnet152,gemm,349,layer3.31.conv2,256,256,3,1,1,1.1407231867313385,0.02467196351226366,0.6020631860553883,l40s
resnet152,gemm,349,layer3.31.conv3,256,1024,1,1,0,0.8149263978004455,0.0246243113962383,0.43011064311427133,l40s
resnet152,gemm,349,layer3.32.conv1,1024,256,1,1,0,0.9681343972682953,0.02269753776859762,0.510972413403254,l40s
resnet152,gemm,349,layer3.32.conv2,256,256,3,1,1,1.1594847857952117,0.11238437308013477,0.6119653851509079,l40s
resnet152,gemm,349,layer3.32.conv3,256,1024,1,1,0,0.8249519973993301,0.02070751191508903,0.4354020621954561,l40s
resnet152,gemm,349,layer3.33.conv1,1024,256,1,1,0,0.9609088063240051,0.03056036953448667,0.5071588130875476,l40s
resnet152,gemm,349,layer3.33.conv2,256,256,3,1,1,1.1726239979267121,0.10093002959631628,0.6189001402344932,l40s
resnet152,gemm,349,layer3.33.conv3,256,1024,1,1,0,0.822856006026268,0.021506337556935803,0.43429581726356653,l40s
resnet152,gemm,349,layer3.34.conv1,1024,256,1,1,0,0.9711455911397934,0.03156165449059349,0.512561693780117,l40s
resnet152,gemm,349,layer3.34.conv2,256,256,3,1,1,1.1653504133224488,0.09460977402185455,0.6150612093073202,l40s
resnet152,gemm,349,layer3.34.conv3,256,1024,1,1,0,0.8195551991462707,0.021413701675919578,0.43255368180963655,l40s
resnet152,gemm,349,layer3.35.conv1,1024,256,1,1,0,0.9647712051868439,0.03340117972524669,0.5091973516148837,l40s
resnet152,gemm,349,layer3.35.conv2,256,256,3,1,1,1.1623055934906006,0.11060519813367546,0.6134541814584519,l40s
resnet152,gemm,349,layer3.35.conv3,256,1024,1,1,0,0.8281984031200409,0.02512884964425943,0.4371154852188279,l40s
resnet152,gemm,349,layer4.0.conv1,1024,512,1,1,0,1.2546064138412476,0.028662869613466316,0.6621697038763587,l40s
resnet152,gemm,349,layer4.0.conv2,512,512,3,2,1,1.9441408097743988,0.05251941071263138,1.0260996039074557,l40s
resnet152,gemm,349,layer4.0.conv3,512,2048,1,1,0,1.0389584004878998,0.0894333263561636,0.5483526696508504,l40s
resnet152,gemm,349,layer4.0.downsample.0,1024,2048,1,2,0,1.8942752063274384,0.2091864592416051,0.9997809979256854,l40s
resnet152,gemm,349,layer4.1.conv1,2048,512,1,1,0,1.250489592552185,0.09209863351776605,0.6599968835369949,l40s
resnet152,gemm,349,layer4.1.conv2,512,512,3,1,1,1.900369608402252,0.14198318326308815,1.002997567180124,l40s
resnet152,gemm,349,layer4.1.conv3,512,2048,1,1,0,1.0697456061840058,0.10000669123069614,0.5646018731094505,l40s
resnet152,gemm,349,layer4.2.conv1,2048,512,1,1,0,1.2496703922748567,0.09010313105573284,0.6595645171796501,l40s
resnet152,gemm,349,layer4.2.conv2,512,512,3,1,1,1.8776256084442138,0.04680705018684804,0.9909934935909671,l40s
resnet152,gemm,349,layer4.2.conv3,512,2048,1,1,0,1.0505248069763184,0.08701158411047398,0.5544573124096105,l40s
resnet152,gemm,352,conv1,3,64,7,2,3,1.3900271892547607,0.018856487561890692,0.7484645517163298,l40s
resnet152,gemm,352,layer1.0.conv1,64,64,1,1,0,0.8604623973369598,0.02266430769945421,0.46331870877781123,l40s
resnet152,gemm,352,layer1.0.conv2,64,64,3,1,1,1.1255535900592804,0.02458093478359297,0.6060579028443919,l40s
resnet152,gemm,352,layer1.0.conv3,64,256,1,1,0,1.4315663933753968,0.02244746176681302,0.7708314680120274,l40s
resnet152,gemm,352,layer1.0.downsample.0,64,256,1,1,0,1.462689608335495,0.03399868378708355,0.7875898618860132,l40s
resnet152,gemm,352,layer1.1.conv1,256,64,1,1,0,1.354083204269409,0.022275906247561244,0.7291103989221077,l40s
resnet152,gemm,352,layer1.1.conv2,64,64,3,1,1,1.1133584141731263,0.03131524826758151,0.5994913716834973,l40s
resnet152,gemm,352,layer1.1.conv3,64,256,1,1,0,1.4097487926483154,0.02009551592503179,0.7590837116559264,l40s
resnet152,gemm,352,layer1.2.conv1,256,64,1,1,0,1.3389519929885865,0.019543483262193028,0.7209629501845777,l40s
resnet152,gemm,352,layer1.2.conv2,64,64,3,1,1,1.1067199885845185,0.03544205189808896,0.5959168903563059,l40s
resnet152,gemm,352,layer1.2.conv3,64,256,1,1,0,1.4071584045886993,0.0240947780629041,0.757688908983864,l40s
resnet152,gemm,352,layer2.0.conv1,256,128,1,1,0,1.9432720065116882,0.028433367767600408,1.0463609794542599,l40s
resnet152,gemm,352,layer2.0.conv2,128,128,3,2,1,1.0663999974727632,0.030390124261630055,0.5742064631747729,l40s
resnet152,gemm,352,layer2.0.conv3,128,512,1,1,0,1.0998880088329315,0.028639052206246674,0.5922381891757569,l40s
resnet152,gemm,352,layer2.0.downsample.0,256,512,1,2,0,1.8863327980041504,0.02766991723441357,1.01570188191997,l40s
resnet152,gemm,352,layer2.1.conv1,512,128,1,1,0,1.1069200217723847,0.022987592195336658,0.5960245988611769,l40s
resnet152,gemm,352,layer2.1.conv2,128,128,3,1,1,0.9254671961069107,0.024954955506827626,0.4983207489874322,l40s
resnet152,gemm,352,layer2.1.conv3,128,512,1,1,0,1.0691136002540589,0.027164971081298,0.575667611204782,l40s
resnet152,gemm,352,layer2.2.conv1,512,128,1,1,0,1.0840767979621888,0.023792529060319628,0.5837245925008548,l40s
resnet152,gemm,352,layer2.2.conv2,128,128,3,1,1,0.9142752021551133,0.02606902603528664,0.49229438432298633,l40s
resnet152,gemm,352,layer2.2.conv3,128,512,1,1,0,1.0645664036273956,0.025939114295616583,0.5732191587492828,l40s
resnet152,gemm,352,layer2.3.conv1,512,128,1,1,0,1.0893727958202362,0.024391206073765104,0.5865762393559348,l40s
resnet152,gemm,352,layer2.3.conv2,128,128,3,1,1,0.9130416005849838,0.023098539029716494,0.49163014764235097,l40s
resnet152,gemm,352,layer2.3.conv3,128,512,1,1,0,1.059849601984024,0.026799149650525288,0.5706793819342453,l40s
resnet152,gemm,352,layer2.4.conv1,512,128,1,1,0,1.0976960062980652,0.024120300967804036,0.5910578984538902,l40s
resnet152,gemm,352,layer2.4.conv2,128,128,3,1,1,0.9038719981908798,0.020665307574851584,0.4866927461308024,l40s
resnet152,gemm,352,layer2.4.conv3,128,512,1,1,0,1.058734405040741,0.019845590863092157,0.5700789006007275,l40s
resnet152,gemm,352,layer2.5.conv1,512,128,1,1,0,1.0876496016979218,0.025426507613159247,0.5856483800117089,l40s
resnet152,gemm,352,layer2.5.conv2,128,128,3,1,1,0.9099824041128158,0.019949748846817852,0.489982913592648,l40s
resnet152,gemm,352,layer2.5.conv3,128,512,1,1,0,1.0496175944805146,0.021570448847383593,0.5651699250196808,l40s
resnet152,gemm,352,layer2.6.conv1,512,128,1,1,0,1.0949983954429627,0.021857793530150278,0.589605361327295,l40s
resnet152,gemm,352,layer2.6.conv2,128,128,3,1,1,0.9035743981599808,0.02292030109694194,0.48653250244964313,l40s
resnet152,gemm,352,layer2.6.conv3,128,512,1,1,0,1.055835199356079,0.020638872898906275,0.5685178140983351,l40s
resnet152,gemm,352,layer2.7.conv1,512,128,1,1,0,1.0918432116508483,0.03636753653140505,0.5879064426005227,l40s
resnet152,gemm,352,layer2.7.conv2,128,128,3,1,1,0.8970543950796127,0.016679609591946948,0.4830217860978622,l40s
resnet152,gemm,352,layer2.7.conv3,128,512,1,1,0,1.062006402015686,0.024874238398867588,0.5718407177565361,l40s
resnet152,gemm,352,layer3.0.conv1,512,256,1,1,0,1.3486176013946534,0.028609601284406917,0.7261674277074893,l40s
resnet152,gemm,352,layer3.0.conv2,256,256,3,2,1,1.3748272001743316,0.018058268720787824,0.740280069354315,l40s
resnet152,gemm,352,layer3.0.conv3,256,1024,1,1,0,0.8242191970348358,0.01567046430390616,0.44380344254662485,l40s
resnet152,gemm,352,layer3.0.downsample.0,512,1024,1,2,0,1.4790383934974671,0.03629103066279524,0.7963929171441788,l40s
resnet152,gemm,352,layer3.1.conv1,1024,256,1,1,0,0.9515184044837952,0.027310138882717234,0.5123481048191748,l40s
resnet152,gemm,352,layer3.1.conv2,256,256,3,1,1,1.1321728110313416,0.022715682140384566,0.6096220433848523,l40s
resnet152,gemm,352,layer3.1.conv3,256,1024,1,1,0,0.8143312007188797,0.02066960547714304,0.43847921954781965,l40s
resnet152,gemm,352,layer3.2.conv1,1024,256,1,1,0,0.9647503972053528,0.029206472279898327,0.5194729132957371,l40s
resnet152,gemm,352,layer3.2.conv2,256,256,3,1,1,1.1309360027313233,0.0259669224383738,0.6089560800303307,l40s
resnet152,gemm,352,layer3.2.conv3,256,1024,1,1,0,0.8081568002700805,0.022290148071644113,0.43515459402987905,l40s
resnet152,gemm,352,layer3.3.conv1,1024,256,1,1,0,0.9470752000808715,0.03227690962403242,0.5099556473065983,l40s
resnet152,gemm,352,layer3.3.conv2,256,256,3,1,1,1.1333967983722686,0.024743203160431083,0.6102811032532599,l40s
resnet152,gemm,352,layer3.3.conv3,256,1024,1,1,0,0.8115536004304886,0.01763904362495849,0.436983611857,l40s
resnet152,gemm,352,layer3.4.conv1,1024,256,1,1,0,0.9452640026807785,0.024094231511847447,0.5089804023181479,l40s
resnet152,gemm,352,layer3.4.conv2,256,256,3,1,1,1.1360079884529113,0.026148376863560308,0.6116871068395655,l40s
resnet152,gemm,352,layer3.4.conv3,256,1024,1,1,0,0.8104175984859466,0.017359395544666166,0.43637192800452346,l40s
resnet152,gemm,352,layer3.5.conv1,1024,256,1,1,0,0.9562416017055512,0.027611383638310293,0.5148913253536916,l40s
resnet152,gemm,352,layer3.5.conv2,256,256,3,1,1,1.1248223900794982,0.0313402266998493,0.6056641858945989,l40s
resnet152,gemm,352,layer3.5.conv3,256,1024,1,1,0,0.8079760015010834,0.01592446658485269,0.4350572423588942,l40s
resnet152,gemm,352,layer3.6.conv1,1024,256,1,1,0,0.9610832005739212,0.029525689105055427,0.5174982996306103,l40s
resnet152,gemm,352,layer3.6.conv2,256,256,3,1,1,1.1153167903423309,0.024092894826208376,0.6005458655472911,l40s
resnet152,gemm,352,layer3.6.conv3,256,1024,1,1,0,0.8141472041606903,0.024987335733785372,0.4383801460170951,l40s
resnet152,gemm,352,layer3.7.conv1,1024,256,1,1,0,0.9499087989330292,0.024545959704887647,0.5114814076018059,l40s
resnet152,gemm,352,layer3.7.conv2,256,256,3,1,1,1.134743994474411,0.026948628553359204,0.6110065052701836,l40s
resnet152,gemm,352,layer3.7.conv3,256,1024,1,1,0,0.8111807912588119,0.026609123505054174,0.43678287157529067,l40s
resnet152,gemm,352,layer3.8.conv1,1024,256,1,1,0,0.959582394361496,0.02855295184328862,0.516690185762278,l40s
resnet152,gemm,352,layer3.8.conv2,256,256,3,1,1,1.1203712046146392,0.02196172506901453,0.603267430953893,l40s
resnet152,gemm,352,layer3.8.conv3,256,1024,1,1,0,0.8126336008310318,0.026807471502429032,0.43756514150037296,l40s
resnet152,gemm,352,layer3.9.conv1,1024,256,1,1,0,0.94687360227108,0.02062330114433683,0.5098470963260857,l40s
resnet152,gemm,352,layer3.9.conv2,256,256,3,1,1,1.130155199766159,0.028870775144600548,0.608535654195629,l40s
resnet152,gemm,352,layer3.9.conv3,256,1024,1,1,0,0.8143663972616195,0.022457766099902115,0.43849817123796453,l40s
resnet152,gemm,352,layer3.10.conv1,1024,256,1,1,0,0.950940802693367,0.028429490179506783,0.5120370933019288,l40s
resnet152,gemm,352,layer3.10.conv2,256,256,3,1,1,1.132715207338333,0.02461033181890004,0.6099140983978069,l40s
resnet152,gemm,352,layer3.10.conv3,256,1024,1,1,0,0.8026240020990372,0.01810657977205201,0.4321754412947106,l40s
resnet152,gemm,352,layer3.11.conv1,1024,256,1,1,0,0.9453935980796814,0.025350499666525753,0.5090501833719965,l40s
resnet152,gemm,352,layer3.11.conv2,256,256,3,1,1,1.1238176107406617,0.031978793658197245,0.6051231592706382,l40s
resnet152,gemm,352,layer3.11.conv3,256,1024,1,1,0,0.8063535988330841,0.020569704772525982,0.4341836544931356,l40s
resnet152,gemm,352,layer3.12.conv1,1024,256,1,1,0,0.9556239992380142,0.024945367409505845,0.5145587753449024,l40s
resnet152,gemm,352,layer3.12.conv2,256,256,3,1,1,1.12185600399971,0.02520595285533253,0.604066925895234,l40s
resnet152,gemm,352,layer3.12.conv3,256,1024,1,1,0,0.80555360019207,0.029126791713117144,0.4337528926858495,l40s
resnet152,gemm,352,layer3.13.conv1,1024,256,1,1,0,0.9479151964187622,0.026031057922911136,0.5104079460007122,l40s
resnet152,gemm,352,layer3.13.conv2,256,256,3,1,1,1.1315439939498901,0.030581705072393953,0.6092834548316078,l40s
resnet152,gemm,352,layer3.13.conv3,256,1024,1,1,0,0.8086239963769912,0.023340119814493073,0.43540615725643,l40s
resnet152,gemm,352,layer3.14.conv1,1024,256,1,1,0,0.96875359416008,0.029181103697808814,0.5216284474013386,l40s
resnet152,gemm,352,layer3.14.conv2,256,256,3,1,1,1.1179951846599578,0.030150361520936475,0.6019880554682933,l40s
resnet152,gemm,352,layer3.14.conv3,256,1024,1,1,0,0.8083456009626389,0.024758828691243552,0.4352562543620019,l40s
resnet152,gemm,352,layer3.15.conv1,1024,256,1,1,0,0.9504416048526764,0.025917854915264386,0.511768298640257,l40s
resnet152,gemm,352,layer3.15.conv2,256,256,3,1,1,1.1160000205039977,0.02733287735308101,0.6009137529962734,l40s
resnet152,gemm,352,layer3.15.conv3,256,1024,1,1,0,0.809401598572731,0.019855606750093603,0.43582485962667644,l40s
resnet152,gemm,352,layer3.16.conv1,1024,256,1,1,0,0.9471472024917602,0.03113859444274221,0.5099944172332621,l40s
resnet152,gemm,352,layer3.16.conv2,256,256,3,1,1,1.125707197189331,0.03330106735493644,0.6061406130910852,l40s
resnet152,gemm,352,layer3.16.conv3,256,1024,1,1,0,0.8111951977014542,0.030422843988334267,0.4367906287700544,l40s
resnet152,gemm,352,layer3.17.conv1,1024,256,1,1,0,0.9531120002269745,0.02497207253038559,0.5132061815048368,l40s
resnet152,gemm,352,layer3.17.conv2,256,256,3,1,1,1.1223088026046752,0.027251219415680025,0.6043107367411678,l40s
resnet152,gemm,352,layer3.17.conv3,256,1024,1,1,0,0.8047104030847549,0.022198171041077627,0.4332988705272805,l40s
resnet152,gemm,352,layer3.18.conv1,1024,256,1,1,0,0.9519871950149537,0.025621438944618647,0.5126005265685224,l40s
resnet152,gemm,352,layer3.18.conv2,256,256,3,1,1,1.1493743896484374,0.031609642737794215,0.6188842879855211,l40s
resnet152,gemm,352,layer3.18.conv3,256,1024,1,1,0,0.8012079924345017,0.01902222577578856,0.43141298639671627,l40s
resnet152,gemm,352,layer3.19.conv1,1024,256,1,1,0,0.9559056013822556,0.028350337525318105,0.5147104049132167,l40s
resnet152,gemm,352,layer3.19.conv2,256,256,3,1,1,1.1261936008930207,0.0285766557023485,0.6064025187090829,l40s
resnet152,gemm,352,layer3.19.conv3,256,1024,1,1,0,0.8120112001895905,0.022052705476994276,0.43723000789961647,l40s
resnet152,gemm,352,layer3.20.conv1,1024,256,1,1,0,0.9534160107374191,0.029794255136411374,0.5133698769290529,l40s
resnet152,gemm,352,layer3.20.conv2,256,256,3,1,1,1.1292848110198974,0.022101929120617706,0.6080669906127686,l40s
resnet152,gemm,352,layer3.20.conv3,256,1024,1,1,0,0.8114319980144501,0.020612806619220284,0.4369181346501429,l40s
resnet152,gemm,352,layer3.21.conv1,1024,256,1,1,0,0.9523520022630692,0.026824482055869868,0.5127969581890938,l40s
resnet152,gemm,352,layer3.21.conv2,256,256,3,1,1,1.120273607969284,0.031084015008384383,0.6032148797304497,l40s
resnet152,gemm,352,layer3.21.conv3,256,1024,1,1,0,0.8085615992546081,0.022940783288366795,0.4353725593278472,l40s
resnet152,gemm,352,layer3.22.conv1,1024,256,1,1,0,0.959107193350792,0.030967306824460833,0.5164343122698736,l40s
resnet152,gemm,352,layer3.22.conv2,256,256,3,1,1,1.1331744015216827,0.028555773031683777,0.6101613529632199,l40s
resnet152,gemm,352,layer3.22.conv3,256,1024,1,1,0,0.8036704033613205,0.02470927914449464,0.43273887937545064,l40s
resnet152,gemm,352,layer3.23.conv1,1024,256,1,1,0,0.9366735994815827,0.023534624588002047,0.5043548724513575,l40s
resnet152,gemm,352,layer3.23.conv2,256,256,3,1,1,1.1288511991500854,0.02625474465242483,0.6078335109252728,l40s
resnet152,gemm,352,layer3.23.conv3,256,1024,1,1,0,0.7990079998970032,0.019474788937587976,0.4302283934325737,l40s
resnet152,gemm,352,layer3.24.conv1,1024,256,1,1,0,0.9452640026807785,0.02297909370123909,0.5089804023181479,l40s
resnet152,gemm,352,layer3.24.conv2,256,256,3,1,1,1.1212480008602141,0.022350717687049094,0.6037395446750948,l40s
resnet152,gemm,352,layer3.24.conv3,256,1024,1,1,0,0.8120128005743027,0.03179755132287669,0.43723086963184404,l40s
resnet152,gemm,352,layer3.25.conv1,1024,256,1,1,0,0.9501168042421341,0.02274895169639398,0.5115934087206597,l40s
resnet152,gemm,352,layer3.25.conv2,256,256,3,1,1,1.116375994682312,0.030414852304392715,0.6011161974858519,l40s
resnet152,gemm,352,layer3.25.conv3,256,1024,1,1,0,0.8148784071207047,0.02446932380433677,0.4387738645716035,l40s
resnet152,gemm,352,layer3.26.conv1,1024,256,1,1,0,0.9558336019515992,0.0288692809220848,0.5146716365912684,l40s
resnet152,gemm,352,layer3.26.conv2,256,256,3,1,1,1.1256112039089203,0.02426227455068348,0.6060889252045851,l40s
resnet152,gemm,352,layer3.26.conv3,256,1024,1,1,0,0.8036976039409638,0.022461738689259585,0.43275352561388863,l40s
resnet152,gemm,352,layer3.27.conv1,1024,256,1,1,0,0.9516528010368347,0.027833373120353784,0.5124204710697061,l40s
resnet152,gemm,352,layer3.27.conv2,256,256,3,1,1,1.1256127893924712,0.0237458278733541,0.606089778913235,l40s
resnet152,gemm,352,layer3.27.conv3,256,1024,1,1,0,0.8087007999420166,0.01952618448177417,0.4354475123797768,l40s
resnet152,gemm,352,layer3.28.conv1,1024,256,1,1,0,0.9455408036708832,0.026592525630517838,0.5091294466897796,l40s
resnet152,gemm,352,layer3.28.conv2,256,256,3,1,1,1.1189296007156373,0.026537056693964736,0.6024911947591194,l40s
resnet152,gemm,352,layer3.28.conv3,256,1024,1,1,0,0.8095232039690018,0.0280556350635753,0.4358903384382492,l40s
resnet152,gemm,352,layer3.29.conv1,1024,256,1,1,0,0.9508272022008896,0.023942893447974862,0.5119759247562096,l40s
resnet152,gemm,352,layer3.29.conv2,256,256,3,1,1,1.1254320025444031,0.02808942838436213,0.6059924336611123,l40s
resnet152,gemm,352,layer3.29.conv3,256,1024,1,1,0,0.7942463964223861,0.017814302827889643,0.4276644929293102,l40s
resnet152,gemm,352,layer3.30.conv1,1024,256,1,1,0,0.944622403383255,0.024623157042484294,0.5086349311400913,l40s
resnet152,gemm,352,layer3.30.conv2,256,256,3,1,1,1.132779210805893,0.02695912042106136,0.6099485612680483,l40s
resnet152,gemm,352,layer3.30.conv3,256,1024,1,1,0,0.8003807991743088,0.017888959800851867,0.43096758156042314,l40s
resnet152,gemm,352,layer3.31.conv1,1024,256,1,1,0,0.9444672048091889,0.026947287727333864,0.508551363975317,l40s
resnet152,gemm,352,layer3.31.conv2,256,256,3,1,1,1.1158399999141693,0.023994062872508493,0.6008275894018076,l40s
resnet152,gemm,352,layer3.31.conv3,256,1024,1,1,0,0.8154383957386017,0.024201054993527,0.43907539222019953,l40s
resnet152,gemm,352,layer3.32.conv1,1024,256,1,1,0,0.9527679979801178,0.028241524328074367,0.513020952403224,l40s
resnet152,gemm,352,layer3.32.conv2,256,256,3,1,1,1.1178560137748719,0.029951691791473157,0.6019131184635188,l40s
resnet152,gemm,352,layer3.32.conv3,256,1024,1,1,0,0.8098527997732162,0.02709841911003174,0.4360678103450981,l40s
resnet152,gemm,352,layer3.33.conv1,1024,256,1,1,0,0.9559759974479676,0.03108753402189746,0.5147483098982222,l40s
resnet152,gemm,352,layer3.33.conv2,256,256,3,1,1,1.1233024060726167,0.021737368913591962,0.604845745681975,l40s
resnet152,gemm,352,layer3.33.conv3,256,1024,1,1,0,0.7989520043134689,0.018029349637218434,0.4301982424329011,l40s
resnet152,gemm,352,layer3.34.conv1,1024,256,1,1,0,0.9621504068374633,0.029173790283640335,0.5180729402303091,l40s
resnet152,gemm,352,layer3.34.conv2,256,256,3,1,1,1.1290144085884095,0.03080621440147373,0.6079213915653319,l40s
resnet152,gemm,352,layer3.34.conv3,256,1024,1,1,0,0.8005056053400039,0.017140117352289465,0.4310347838364509,l40s
resnet152,gemm,352,layer3.35.conv1,1024,256,1,1,0,0.9503552049398423,0.023980211961040155,0.5117217763329758,l40s
resnet152,gemm,352,layer3.35.conv2,256,256,3,1,1,1.1337440073490144,0.017833008967655932,0.6104680590287591,l40s
resnet152,gemm,352,layer3.35.conv3,256,1024,1,1,0,0.7984479993581772,0.016274982306194015,0.4299268593651156,l40s
resnet152,gemm,352,layer4.0.conv1,1024,512,1,1,0,1.2131904006004333,0.024430548051097865,0.6532462216215947,l40s
resnet152,gemm,352,layer4.0.conv2,512,512,3,2,1,1.8949088037014008,0.03058582349080373,1.020319659406143,l40s
resnet152,gemm,352,layer4.0.conv3,512,2048,1,1,0,1.0119407951831818,0.021109861949500493,0.5448827328595741,l40s
resnet152,gemm,352,layer4.0.downsample.0,1024,2048,1,2,0,1.7934047996997833,0.039776420682648014,0.9656645062985161,l40s
resnet152,gemm,352,layer4.1.conv1,2048,512,1,1,0,1.2223600029945374,0.031239171770747847,0.6581836231331433,l40s
resnet152,gemm,352,layer4.1.conv2,512,512,3,1,1,1.8332112073898315,0.031854373690349304,0.987098392856622,l40s
resnet152,gemm,352,layer4.1.conv3,512,2048,1,1,0,1.0221759974956512,0.018298490666915898,0.5503939100291627,l40s
resnet152,gemm,352,layer4.2.conv1,2048,512,1,1,0,1.2127696096897125,0.024455173382908885,0.6530196454202127,l40s
resnet152,gemm,352,layer4.2.conv2,512,512,3,1,1,1.8365776002407075,0.030598505074205168,0.9889110377714188,l40s
resnet152,gemm,352,layer4.2.conv3,512,2048,1,1,0,1.030262404680252,0.02088060230091141,0.5547480616423142,l40s
resnet152,gemm,354,conv1,3,64,7,2,3,1.5086048007011414,0.09083719056082604,0.7521645886215985,l40s
resnet152,gemm,354,layer1.0.conv1,64,64,1,1,0,0.8856911987066269,0.02505298008583539,0.44159050522132975,l40s
resnet152,gemm,354,layer1.0.conv2,64,64,3,1,1,1.2211808025836945,0.026470142763852095,0.60885989198832,l40s
resnet152,gemm,354,layer1.0.conv3,64,256,1,1,0,1.8875039875507356,0.024018353133377746,0.9410772520794694,l40s
resnet152,gemm,354,layer1.0.downsample.0,64,256,1,1,0,1.6360960006713867,0.023451222859141987,0.8157295235428751,l40s
resnet152,gemm,354,layer1.1.conv1,256,64,1,1,0,1.6516767978668212,0.02625457339600513,0.823497842924766,l40s
resnet152,gemm,354,layer1.1.conv2,64,64,3,1,1,1.1962863981723786,0.028601561516015627,0.596447967112889,l40s
resnet152,gemm,354,layer1.1.conv3,64,256,1,1,0,1.5604736089706421,0.01787112162583382,0.778025490572984,l40s
resnet152,gemm,354,layer1.2.conv1,256,64,1,1,0,1.658860796689987,0.029791522927464863,0.8270796620446398,l40s
resnet152,gemm,354,layer1.2.conv2,64,64,3,1,1,1.1850400030612946,0.02978040427585783,0.5908407065843047,l40s
resnet152,gemm,354,layer1.2.conv3,64,256,1,1,0,1.5523343861103058,0.023324270460300636,0.7739674130621612,l40s
resnet152,gemm,354,layer2.0.conv1,256,128,1,1,0,1.973524796962738,0.03161983062856288,0.9839657585287428,l40s
resnet152,gemm,354,layer2.0.conv2,128,128,3,2,1,1.1005919933319093,0.018548044712693595,0.5487363711954111,l40s
resnet152,gemm,354,layer2.0.conv3,128,512,1,1,0,1.231982409954071,0.02181934608978242,0.6142453889457838,l40s
resnet152,gemm,354,layer2.0.downsample.0,256,512,1,2,0,2.111171209812164,0.03932878446370895,1.0525939091537504,l40s
resnet152,gemm,354,layer2.1.conv1,512,128,1,1,0,1.1072464108467102,0.021093357161546065,0.5520541501194939,l40s
resnet152,gemm,354,layer2.1.conv2,128,128,3,1,1,0.9177839994430542,0.025075054092197912,0.45759142756521387,l40s
resnet152,gemm,354,layer2.1.conv3,128,512,1,1,0,1.3002975940704347,0.02462210172174669,0.6483061730117048,l40s
resnet152,gemm,354,layer2.2.conv1,512,128,1,1,0,1.115339207649231,0.02588866201903523,0.5560890803907864,l40s
resnet152,gemm,354,layer2.2.conv2,128,128,3,1,1,0.9022351980209351,0.021783786275828814,0.4498390607294516,l40s
resnet152,gemm,354,layer2.2.conv3,128,512,1,1,0,1.2769872069358825,0.02696185914199508,0.6366840120975134,l40s
resnet152,gemm,354,layer2.3.conv1,512,128,1,1,0,1.1132111966609954,0.03482695572041753,0.5550280904557123,l40s
resnet152,gemm,354,layer2.3.conv2,128,128,3,1,1,0.9005728006362915,0.019661653829930018,0.44901021778505373,l40s
resnet152,gemm,354,layer2.3.conv3,128,512,1,1,0,1.2650223970413208,0.015564006595889385,0.630718562227477,l40s
resnet152,gemm,354,layer2.4.conv1,512,128,1,1,0,1.1135104060173036,0.028201163935981828,0.555177271130661,l40s
resnet152,gemm,354,layer2.4.conv2,128,128,3,1,1,0.9053520023822784,0.02103871301192042,0.4513930461530525,l40s
resnet152,gemm,354,layer2.4.conv3,128,512,1,1,0,1.285212802886963,0.02959717196495518,0.6407851537562409,l40s
resnet152,gemm,354,layer2.5.conv1,512,128,1,1,0,1.1175535917282104,0.03380691445904512,0.5571931344737655,l40s
resnet152,gemm,354,layer2.5.conv2,128,128,3,1,1,0.8988864004611969,0.02061990807675524,0.44816940745927325,l40s
resnet152,gemm,354,layer2.5.conv3,128,512,1,1,0,1.2726864159107207,0.01810249360358356,0.634539711144285,l40s
resnet152,gemm,354,layer2.6.conv1,512,128,1,1,0,1.12045761346817,0.02089106709462076,0.5586410301163948,l40s
resnet152,gemm,354,layer2.6.conv2,128,128,3,1,1,0.8972367912530899,0.019484884515342617,0.447346940481291,l40s
resnet152,gemm,354,layer2.6.conv3,128,512,1,1,0,1.2720896124839782,0.024740555853909173,0.6342421551483376,l40s
resnet152,gemm,354,layer2.7.conv1,512,128,1,1,0,1.1191727936267852,0.02050583615504502,0.5580004408865323,l40s
resnet152,gemm,354,layer2.7.conv2,128,128,3,1,1,0.8948720008134842,0.01348689247846667,0.4461678963556488,l40s
resnet152,gemm,354,layer2.7.conv3,128,512,1,1,0,1.2717664003372193,0.017397106250342253,0.6340810070920067,l40s
resnet152,gemm,354,layer3.0.conv1,512,256,1,1,0,1.3695791959762573,0.025614715345298023,0.6828487964822912,l40s
resnet152,gemm,354,layer3.0.conv2,256,256,3,2,1,1.369923210144043,0.02717614833228303,0.6830203160710346,l40s
resnet152,gemm,354,layer3.0.conv3,256,1024,1,1,0,0.9910767853260041,0.01692985696678801,0.49413395886099015,l40s
resnet152,gemm,354,layer3.0.downsample.0,512,1024,1,2,0,1.5153487920761108,0.03251001155503854,0.7555270275425564,l40s
resnet152,gemm,354,layer3.1.conv1,1024,256,1,1,0,1.0610384106636048,0.01632741566055858,0.5290156304007453,l40s
resnet152,gemm,354,layer3.1.conv2,256,256,3,1,1,1.1582831919193268,0.026240970860247837,0.5775002175204554,l40s
resnet152,gemm,354,layer3.1.conv3,256,1024,1,1,0,0.9422288000583648,0.02885133210952168,0.46977918766660476,l40s
resnet152,gemm,354,layer3.2.conv1,1024,256,1,1,0,1.048631989955902,0.01941553584105382,0.5228300009214153,l40s
resnet152,gemm,354,layer3.2.conv2,256,256,3,1,1,1.1372640013694764,0.024681323282882212,0.5670204080927382,l40s
resnet152,gemm,354,layer3.2.conv3,256,1024,1,1,0,0.9417024046182633,0.02515404855904422,0.4695167358903196,l40s
resnet152,gemm,354,layer3.3.conv1,1024,256,1,1,0,1.0586672008037568,0.031196554547521658,0.5278333856618056,l40s
resnet152,gemm,354,layer3.3.conv2,256,256,3,1,1,1.1545360028743743,0.028577929864434536,0.5756319330597577,l40s
resnet152,gemm,354,layer3.3.conv3,256,1024,1,1,0,0.9494480013847351,0.022410050976243465,0.4733785581533632,l40s
resnet152,gemm,354,layer3.4.conv1,1024,256,1,1,0,1.046014392375946,0.026436204789583858,0.5215249114732116,l40s
resnet152,gemm,354,layer3.4.conv2,256,256,3,1,1,1.14439999461174,0.03068757917571393,0.5705782924498469,l40s
resnet152,gemm,354,layer3.4.conv3,256,1024,1,1,0,0.949943995475769,0.019951341707399206,0.4736258523362187,l40s
resnet152,gemm,354,layer3.5.conv1,1024,256,1,1,0,1.0631472051143647,0.024733625882656214,0.5300670392984275,l40s
resnet152,gemm,354,layer3.5.conv2,256,256,3,1,1,1.1425631940364838,0.021878659416187295,0.5696624950531892,l40s
resnet152,gemm,354,layer3.5.conv3,256,1024,1,1,0,0.9427776038646698,0.02704906801533571,0.47005281187157316,l40s
resnet152,gemm,354,layer3.6.conv1,1024,256,1,1,0,1.0529680013656617,0.023448042086022712,0.5249918621568858,l40s
resnet152,gemm,354,layer3.6.conv2,256,256,3,1,1,1.1474783957004546,0.02056403303768344,0.5721131306575931,l40s
resnet152,gemm,354,layer3.6.conv3,256,1024,1,1,0,0.9500607967376709,0.030786651431512616,0.4736840874505893,l40s
resnet152,gemm,354,layer3.7.conv1,1024,256,1,1,0,1.0600575983524323,0.029926470427694894,0.5285266141333933,l40s
resnet152,gemm,354,layer3.7.conv2,256,256,3,1,1,1.1460127890110017,0.02532296064565156,0.571382404192888,l40s
resnet152,gemm,354,layer3.7.conv3,256,1024,1,1,0,0.9405807942152024,0.021707494011502765,0.4689575200990005,l40s
resnet152,gemm,354,layer3.8.conv1,1024,256,1,1,0,1.0582768142223358,0.02860184180810006,0.5276387455796042,l40s
resnet152,gemm,354,layer3.8.conv2,256,256,3,1,1,1.145768004655838,0.022136915644025843,0.5712603588940018,l40s
resnet152,gemm,354,layer3.8.conv3,256,1024,1,1,0,0.9507631987333298,0.028977249192549133,0.4740342930895123,l40s
resnet152,gemm,354,layer3.9.conv1,1024,256,1,1,0,1.058743989467621,0.02332216186574551,0.5278716711781577,l40s
resnet152,gemm,354,layer3.9.conv2,256,256,3,1,1,1.1461903870105743,0.031081782139787552,0.5714709515223321,l40s
resnet152,gemm,354,layer3.9.conv3,256,1024,1,1,0,0.947876799106598,0.02536541559381592,0.4725951835315755,l40s
resnet152,gemm,354,layer3.10.conv1,1024,256,1,1,0,1.0624368071556092,0.029373548682160487,0.5297128470088652,l40s
resnet152,gemm,354,layer3.10.conv2,256,256,3,1,1,1.1471040070056915,0.02546793031541101,0.5719264668484562,l40s
resnet152,gemm,354,layer3.10.conv3,256,1024,1,1,0,0.9564991921186448,0.02778352351609131,0.47689416142812313,l40s
resnet152,gemm,354,layer3.11.conv1,1024,256,1,1,0,1.0551631927490235,0.023337477575376495,0.526086347089616,l40s
resnet152,gemm,354,layer3.11.conv2,256,256,3,1,1,1.1593807935714722,0.03001456461840939,0.5780474629586063,l40s
resnet152,gemm,354,layer3.11.conv3,256,1024,1,1,0,0.9374080032110215,0.022590667265403905,0.4673756206914599,l40s
resnet152,gemm,354,layer3.12.conv1,1024,256,1,1,0,1.0571696043014527,0.028500852698968463,0.5270867096227573,l40s
resnet152,gemm,354,layer3.12.conv2,256,256,3,1,1,1.1396672070026397,0.02675710942183191,0.5682186053778067,l40s
resnet152,gemm,354,layer3.12.conv3,256,1024,1,1,0,0.9381872028112411,0.027275603119153478,0.4677641163044136,l40s
resnet152,gemm,354,layer3.13.conv1,1024,256,1,1,0,1.058379191160202,0.02692161015217218,0.5276897889723593,l40s
resnet152,gemm,354,layer3.13.conv2,256,256,3,1,1,1.1490592062473297,0.024985155616454906,0.5729012957980767,l40s
resnet152,gemm,354,layer3.13.conv3,256,1024,1,1,0,0.9432095974683762,0.025539978896654398,0.4702681965044922,l40s
resnet152,gemm,354,layer3.14.conv1,1024,256,1,1,0,1.0584752142429352,0.026816836168513526,0.5277376644414608,l40s
resnet152,gemm,354,layer3.14.conv2,256,256,3,1,1,1.1336560130119324,0.02000114722042037,0.5652215267174157,l40s
resnet152,gemm,354,layer3.14.conv3,256,1024,1,1,0,0.9464976072311402,0.025674350363123755,0.4719075420172758,l40s
resnet152,gemm,354,layer3.15.conv1,1024,256,1,1,0,1.0551888048648834,0.02833966474001772,0.5260991168531621,l40s
resnet152,gemm,354,layer3.15.conv2,256,256,3,1,1,1.1361552000045776,0.0254764040697231,0.5664675786690849,l40s
resnet152,gemm,354,layer3.15.conv3,256,1024,1,1,0,0.9437151938676834,0.02704417398845887,0.4705202782342578,l40s
resnet152,gemm,354,layer3.16.conv1,1024,256,1,1,0,1.0554527997970582,0.03203796935022284,0.5262307402176544,l40s
resnet152,gemm,354,layer3.16.conv2,256,256,3,1,1,1.1398912012577056,0.028861338433522933,0.568330285087852,l40s
resnet152,gemm,354,layer3.16.conv3,256,1024,1,1,0,0.9441407918930054,0.026034603270867502,0.47073247414102265,l40s
resnet152,gemm,354,layer3.17.conv1,1024,256,1,1,0,1.0620368063449859,0.025143191330908813,0.5295134134361821,l40s
resnet152,gemm,354,layer3.17.conv2,256,256,3,1,1,1.1330000042915345,0.026564220456497156,0.564894451973201,l40s
resnet152,gemm,354,layer3.17.conv3,256,1024,1,1,0,0.9358943998813629,0.025297466054063907,0.4666209639216684,l40s
resnet152,gemm,354,layer3.18.conv1,1024,256,1,1,0,1.0493791997432709,0.020458870176157065,0.523202546960026,l40s
resnet152,gemm,354,layer3.18.conv2,256,256,3,1,1,1.1445855915546417,0.027283800509520246,0.5706708279158234,l40s
resnet152,gemm,354,layer3.18.conv3,256,1024,1,1,0,0.9436223983764649,0.028086239948906456,0.47047401198716265,l40s
resnet152,gemm,354,layer3.19.conv1,1024,256,1,1,0,1.0540015935897826,0.026799053943609357,0.5255071935874214,l40s
resnet152,gemm,354,layer3.19.conv2,256,256,3,1,1,1.1549503982067109,0.027754297962504438,0.5758385434951272,l40s
resnet152,gemm,354,layer3.19.conv3,256,1024,1,1,0,0.9480928003787994,0.03232547800296336,0.47270287807687433,l40s
resnet152,gemm,354,layer3.20.conv1,1024,256,1,1,0,1.0516287863254548,0.029601786294785208,0.5243241524098897,l40s
resnet152,gemm,354,layer3.20.conv2,256,256,3,1,1,1.1491039931774139,0.03153687618412464,0.5729236257965142,l40s
resnet152,gemm,354,layer3.20.conv3,256,1024,1,1,0,0.9447839975357055,0.025414774392173746,0.47105316548935705,l40s
resnet152,gemm,354,layer3.21.conv1,1024,256,1,1,0,1.056659185886383,0.0337952009775964,0.5268322237182863,l40s
resnet152,gemm,354,layer3.21.conv2,256,256,3,1,1,1.141156792640686,0.020303809211545232,0.5689612873367512,l40s
resnet152,gemm,354,layer3.21.conv3,256,1024,1,1,0,0.9474943965673447,0.03133608118246805,0.47240452415644185,l40s
resnet152,gemm,354,layer3.22.conv1,1024,256,1,1,0,1.0609103918075562,0.03025306608518869,0.528951802385515,l40s
resnet152,gemm,354,layer3.22.conv2,256,256,3,1,1,1.1444751858711242,0.0301641285896724,0.570615781527607,l40s
resnet152,gemm,354,layer3.22.conv3,256,1024,1,1,0,0.9474319875240326,0.027627550039811617,0.47237340807331174,l40s
resnet152,gemm,354,layer3.23.conv1,1024,256,1,1,0,1.0551855981349945,0.027189845876854957,0.5260975180324063,l40s
resnet152,gemm,354,layer3.23.conv2,256,256,3,1,1,1.1423232018947602,0.02575297530626247,0.5695428390700794,l40s
resnet152,gemm,354,layer3.23.conv3,256,1024,1,1,0,0.9459775984287262,0.030474366160300234,0.4716482745094662,l40s
resnet152,gemm,354,layer3.24.conv1,1024,256,1,1,0,1.060804796218872,0.026382886666259774,0.5288991542284324,l40s
resnet152,gemm,354,layer3.24.conv2,256,256,3,1,1,1.1415056049823762,0.03372193740352839,0.5691351992130568,l40s
resnet152,gemm,354,layer3.24.conv3,256,1024,1,1,0,0.9400287985801696,0.02386438755556984,0.4686823045027407,l40s
resnet152,gemm,354,layer3.25.conv1,1024,256,1,1,0,1.0563503861427308,0.032123713093616287,0.5266782614399993,l40s
resnet152,gemm,354,layer3.25.conv2,256,256,3,1,1,1.1439775943756103,0.018990726627179273,0.5703676909061594,l40s
resnet152,gemm,354,layer3.25.conv3,256,1024,1,1,0,0.9357120007276535,0.031367599785695637,0.46653002281876926,l40s
resnet152,gemm,354,layer3.26.conv1,1024,256,1,1,0,1.0520592033863068,0.022047283585358006,0.5245387510054669,l40s
resnet152,gemm,354,layer3.26.conv2,256,256,3,1,1,1.1492480039596558,0.024613707622248755,0.5729954271130231,l40s
resnet152,gemm,354,layer3.26.conv3,256,1024,1,1,0,0.9465727984905243,0.026655002203119452,0.4719450310950358,l40s
resnet152,gemm,354,layer3.27.conv1,1024,256,1,1,0,1.0544143915176392,0.030411114514840028,0.5257130075841989,l40s
resnet152,gemm,354,layer3.27.conv2,256,256,3,1,1,1.1490240037441253,0.024657874583283942,0.572883744431192,l40s
resnet152,gemm,354,layer3.27.conv3,256,1024,1,1,0,0.944131201505661,0.022056386233881373,0.470727692537684,l40s
resnet152,gemm,354,layer3.28.conv1,1024,256,1,1,0,1.0623136162757874,0.02989537887803991,0.5296514261401261,l40s
resnet152,gemm,354,layer3.28.conv2,256,256,3,1,1,1.1400815963745117,0.025117146034714002,0.5684252128413905,l40s
resnet152,gemm,354,layer3.28.conv3,256,1024,1,1,0,0.9392832040786743,0.02781030835752084,0.46831056381807945,l40s
resnet152,gemm,354,layer3.29.conv1,1024,256,1,1,0,1.0614560008049012,0.028687044836531155,0.5292238337132991,l40s
resnet152,gemm,354,layer3.29.conv2,256,256,3,1,1,1.1301664054393767,0.02365491289965158,0.5634816679796983,l40s
resnet152,gemm,354,layer3.29.conv3,256,1024,1,1,0,0.943980798125267,0.02467229076637988,0.47065270398091374,l40s
resnet152,gemm,354,layer3.30.conv1,1024,256,1,1,0,1.0549520015716554,0.02735339835273761,0.5259810507754509,l40s
resnet152,gemm,354,layer3.30.conv2,256,256,3,1,1,1.137939190864563,0.026196112447574343,0.5673570460436299,l40s
resnet152,gemm,354,layer3.30.conv3,256,1024,1,1,0,0.9379616022109986,0.025400367055367388,0.4676516356980975,l40s
resnet152,gemm,354,layer3.31.conv1,1024,256,1,1,0,1.0537136018276214,0.031864446338223655,0.5253636058133326,l40s
resnet152,gemm,354,layer3.31.conv2,256,256,3,1,1,1.1489216029644012,0.03312527427449057,0.5728326891512937,l40s
resnet152,gemm,354,layer3.31.conv3,256,1024,1,1,0,0.9513792008161545,0.032659008399628674,0.47434142120749423,l40s
resnet152,gemm,354,layer3.32.conv1,1024,256,1,1,0,1.0606687903404235,0.029805192276748296,0.5288313440202415,l40s
resnet152,gemm,354,layer3.32.conv2,256,256,3,1,1,1.1416352033615111,0.035120203368600666,0.5691998147515216,l40s
resnet152,gemm,354,layer3.32.conv3,256,1024,1,1,0,0.9469264000654221,0.024209487657213324,0.47212133080122476,l40s
resnet152,gemm,354,layer3.33.conv1,1024,256,1,1,0,1.0597887933254242,0.03172383128185904,0.5283925925377674,l40s
resnet152,gemm,354,layer3.33.conv2,256,256,3,1,1,1.1392399966716766,0.028292023852647938,0.5680056056029854,l40s
resnet152,gemm,354,layer3.33.conv3,256,1024,1,1,0,0.9548911988735199,0.029045044677623554,0.47609244345853724,l40s
resnet152,gemm,354,layer3.34.conv1,1024,256,1,1,0,1.0557440042495727,0.020822285706779735,0.5263759297842848,l40s
resnet152,gemm,354,layer3.34.conv2,256,256,3,1,1,1.1458815932273865,0.03289162017971513,0.5713169922158308,l40s
resnet152,gemm,354,layer3.34.conv3,256,1024,1,1,0,0.944756805896759,0.029532462004890094,0.4710396082025762,l40s
resnet152,gemm,354,layer3.35.conv1,1024,256,1,1,0,1.0523312151432038,0.02399416615186902,0.5246743714218487,l40s
resnet152,gemm,354,layer3.35.conv2,256,256,3,1,1,1.151796805858612,0.028244425170565208,0.5742662162096211,l40s
resnet152,gemm,354,layer3.35.conv3,256,1024,1,1,0,0.956030398607254,0.0268421643563051,0.47666042898972727,l40s
resnet152,gemm,354,layer4.0.conv1,1024,512,1,1,0,1.3369039952754975,0.028134481036951292,0.6665574994628248,l40s
resnet152,gemm,354,layer4.0.conv2,512,512,3,2,1,1.8891936004161836,0.025239565237426435,0.9419196641977915,l40s
resnet152,gemm,354,layer4.0.conv3,512,2048,1,1,0,1.033921590447426,0.025126010634204707,0.5154956469609812,l40s
resnet152,gemm,354,layer4.0.downsample.0,1024,2048,1,2,0,1.721835196018219,0.03149064115601351,0.8584776220288566,l40s
resnet152,gemm,354,layer4.1.conv1,2048,512,1,1,0,1.2368239998817443,0.030994277446699386,0.6166593229956625,l40s
resnet152,gemm,354,layer4.1.conv2,512,512,3,1,1,1.8638720095157624,0.030164037700336186,0.9292947514346821,l40s
resnet152,gemm,354,layer4.1.conv3,512,2048,1,1,0,1.0315232008695603,0.02483583864380203,0.5142998508788321,l40s
resnet152,gemm,354,layer4.2.conv1,2048,512,1,1,0,1.2437888026237487,0.038568011151893705,0.620131854693053,l40s
resnet152,gemm,354,layer4.2.conv2,512,512,3,1,1,1.8310175895690919,0.02589716812861242,0.9129140987600364,l40s
resnet152,gemm,354,layer4.2.conv3,512,2048,1,1,0,1.0165951997041702,0.01792520870836677,0.506857004448614,l40s
resnet152,gemm,357,conv1,3,64,7,2,3,1.421622395515442,0.016378387563982993,0.7109657343007677,l40s
resnet152,gemm,357,layer1.0.conv1,64,64,1,1,0,1.0179328083992005,0.02061444301727754,0.5090770579271725,l40s
resnet152,gemm,357,layer1.0.conv2,64,64,3,1,1,1.151691210269928,0.02513461390860378,0.5759707989831011,l40s
resnet152,gemm,357,layer1.0.conv3,64,256,1,1,0,1.7756175935268401,0.036594121160478006,0.8880018141255145,l40s
resnet152,gemm,357,layer1.0.downsample.0,64,256,1,1,0,1.646595185995102,0.026388718461665933,0.823476585062282,l40s
resnet152,gemm,357,layer1.1.conv1,256,64,1,1,0,1.6288256168365478,0.021900702020638853,0.8145898688534823,l40s
resnet152,gemm,357,layer1.1.conv2,64,64,3,1,1,1.1360016107559203,0.03855294534545674,0.5681242936983296,l40s
resnet152,gemm,357,layer1.1.conv3,64,256,1,1,0,1.6089503943920136,0.04381124265211674,0.8046500971080139,l40s
resnet152,gemm,357,layer1.2.conv1,256,64,1,1,0,1.6174800038337707,0.025008374478988,0.8089158290345703,l40s
resnet152,gemm,357,layer1.2.conv2,64,64,3,1,1,1.1287312030792236,0.03030544299427641,0.564488299535017,l40s
resnet152,gemm,357,layer1.2.conv3,64,256,1,1,0,1.601062399148941,0.038647079689186736,0.8007052420270565,l40s
resnet152,gemm,357,layer2.0.conv1,256,128,1,1,0,1.943977600336075,0.02900989138782482,0.9722001189957825,l40s
resnet152,gemm,357,layer2.0.conv2,128,128,3,2,1,1.086651211977005,0.01479622828039811,0.5434437297056909,l40s
resnet152,gemm,357,layer2.0.conv3,128,512,1,1,0,1.2493040144443512,0.018966461987454337,0.6247878120070579,l40s
resnet152,gemm,357,layer2.0.downsample.0,256,512,1,2,0,2.1192848086357117,0.036908303972280176,1.0598727798022962,l40s
resnet152,gemm,357,layer2.1.conv1,512,128,1,1,0,1.120662409067154,0.025197456607889846,0.5604530254159478,l40s
resnet152,gemm,357,layer2.1.conv2,128,128,3,1,1,0.9077999979257584,0.017487150238898783,0.4539986807745191,l40s
resnet152,gemm,357,layer2.1.conv3,128,512,1,1,0,1.2841311991214752,0.01924248608893679,0.6422051902122051,l40s
resnet152,gemm,357,layer2.2.conv1,512,128,1,1,0,1.1150992155075072,0.02369714825649878,0.5576708238927666,l40s
resnet152,gemm,357,layer2.2.conv2,128,128,3,1,1,0.9029936045408249,0.023098677906236258,0.4515949616061681,l40s
resnet152,gemm,357,layer2.2.conv3,128,512,1,1,0,1.3104207992553711,0.024984288997720035,0.6553528480731324,l40s
resnet152,gemm,357,layer2.3.conv1,512,128,1,1,0,1.1075263977050782,0.02277350201135264,0.5538835917932906,l40s
resnet152,gemm,357,layer2.3.conv2,128,128,3,1,1,0.9099552035331726,0.025037630895778294,0.4550765178584579,l40s
resnet152,gemm,357,layer2.3.conv3,128,512,1,1,0,1.2697712004184722,0.021167504895102298,0.6350236298663322,l40s
resnet152,gemm,357,layer2.4.conv1,512,128,1,1,0,1.1154975891113281,0.024954223904527027,0.557870053999622,l40s
resnet152,gemm,357,layer2.4.conv2,128,128,3,1,1,0.8944479942321777,0.018142997063954214,0.4473212275068029,l40s
resnet152,gemm,357,layer2.4.conv3,128,512,1,1,0,1.3042879939079284,0.025831363457956846,0.6522857787367722,l40s
resnet152,gemm,357,layer2.5.conv1,512,128,1,1,0,1.1115071952342988,0.02798590800985229,0.5558744232879217,l40s
resnet152,gemm,357,layer2.5.conv2,128,128,3,1,1,0.8994399964809418,0.026885365573709658,0.4498177712835607,l40s
resnet152,gemm,357,layer2.5.conv3,128,512,1,1,0,1.2712240040302276,0.024349455254712316,0.6357501895982869,l40s
resnet152,gemm,357,layer2.6.conv1,512,128,1,1,0,1.1050816118717193,0.03264510499429434,0.5526609331177484,l40s
resnet152,gemm,357,layer2.6.conv2,128,128,3,1,1,0.8868096023797989,0.018196550085727344,0.44350120125416737,l40s
resnet152,gemm,357,layer2.6.conv3,128,512,1,1,0,1.2974831938743592,0.019920573252505073,0.6488826390086011,l40s
resnet152,gemm,357,layer2.7.conv1,512,128,1,1,0,1.100987195968628,0.01838719661598445,0.5506132800853701,l40s
resnet152,gemm,357,layer2.7.conv2,128,128,3,1,1,0.9048543989658355,0.024669857971553372,0.45252556109512787,l40s
resnet152,gemm,357,layer2.7.conv3,128,512,1,1,0,1.2735376179218292,0.020680420516156813,0.6369072480439893,l40s
resnet152,gemm,357,layer3.0.conv1,512,256,1,1,0,1.4017023861408233,0.032461932102083625,0.7010035642217229,l40s
resnet152,gemm,357,layer3.0.conv2,256,256,3,2,1,1.3779615938663483,0.03321236168898885,0.689130587357016,l40s
resnet152,gemm,357,layer3.0.conv3,256,1024,1,1,0,1.0578063905239106,0.02653996040973283,0.5290181834214835,l40s
resnet152,gemm,357,layer3.0.downsample.0,512,1024,1,2,0,1.6133823990821838,0.027703223901072927,0.8068665812313025,l40s
resnet152,gemm,357,layer3.1.conv1,1024,256,1,1,0,1.0541696012020112,0.024650284658424317,0.5271993934257027,l40s
resnet152,gemm,357,layer3.1.conv2,256,256,3,1,1,1.1545215964317321,0.032303930458255824,0.5773862997393002,l40s
resnet152,gemm,357,layer3.1.conv3,256,1024,1,1,0,1.04693600833416,0.03293567265594865,0.5235818106687428,l40s
resnet152,gemm,357,layer3.2.conv1,1024,256,1,1,0,1.0593407988548278,0.02538961832438973,0.5297855543838074,l40s
resnet152,gemm,357,layer3.2.conv2,256,256,3,1,1,1.1632864058017731,0.02701260152309548,0.5817696571972546,l40s
resnet152,gemm,357,layer3.2.conv3,256,1024,1,1,0,1.0415743947029115,0.020301012320359323,0.5209004210223765,l40s
resnet152,gemm,357,layer3.3.conv1,1024,256,1,1,0,1.0406688034534455,0.026567841174789934,0.5204475269559324,l40s
resnet152,gemm,357,layer3.3.conv2,256,256,3,1,1,1.1450032114982605,0.015836753102297627,0.5726260725826864,l40s
resnet152,gemm,357,layer3.3.conv3,256,1024,1,1,0,1.0215823918581008,0.028365043754885765,0.5109022463822321,l40s
resnet152,gemm,357,layer3.4.conv1,1024,256,1,1,0,1.0546303987503052,0.02449246981526745,0.5274298422905491,l40s
resnet152,gemm,357,layer3.4.conv2,256,256,3,1,1,1.1430272042751313,0.022798937194211267,0.5716378541705347,l40s
resnet152,gemm,357,layer3.4.conv3,256,1024,1,1,0,1.032585608959198,0.03275788853423979,0.5164050510303791,l40s
resnet152,gemm,357,layer3.5.conv1,1024,256,1,1,0,1.058684802055359,0.024311350335797642,0.529457484674365,l40s
resnet152,gemm,357,layer3.5.conv2,256,256,3,1,1,1.1373600125312806,0.024004811820478256,0.5688036422501962,l40s
resnet152,gemm,357,layer3.5.conv3,256,1024,1,1,0,1.0386271864175796,0.03849665046449762,0.51942649650534,l40s
resnet152,gemm,357,layer3.6.conv1,1024,256,1,1,0,1.0591888010501862,0.032313890148992545,0.5297095389586635,l40s
resnet152,gemm,357,layer3.6.conv2,256,256,3,1,1,1.1377152025699615,0.021674744133763472,0.5689812758802401,l40s
resnet152,gemm,357,layer3.6.conv3,256,1024,1,1,0,1.0449712038040162,0.04045088873249378,0.5225991948208653,l40s
resnet152,gemm,357,layer3.7.conv1,1024,256,1,1,0,1.0653280079364777,0.028354830663070346,0.5327798097603231,l40s
resnet152,gemm,357,layer3.7.conv2,256,256,3,1,1,1.1454639971256255,0.033019092309194996,0.5728565154857727,l40s
resnet152,gemm,357,layer3.7.conv3,256,1024,1,1,0,1.0444960087537765,0.0316468039801187,0.5223615456399748,l40s
resnet152,gemm,357,layer3.8.conv1,1024,256,1,1,0,1.0473583877086639,0.021885403250003186,0.5237930462704715,l40s
resnet152,gemm,357,layer3.8.conv2,256,256,3,1,1,1.1393455922603608,0.02694150003733252,0.5697966479558965,l40s
resnet152,gemm,357,layer3.8.conv3,256,1024,1,1,0,1.038694402575493,0.032089838869408034,0.5194601118909857,l40s
resnet152,gemm,357,layer3.9.conv1,1024,256,1,1,0,1.0585088074207305,0.04107408504613432,0.5293694682256679,l40s
resnet152,gemm,357,layer3.9.conv2,256,256,3,1,1,1.1355711996555329,0.02091944608654743,0.5679090413605756,l40s
resnet152,gemm,357,layer3.9.conv3,256,1024,1,1,0,1.0414752155542373,0.03234958987921396,0.5208508206668342,l40s
resnet152,gemm,357,layer3.10.conv1,1024,256,1,1,0,1.0491855919361115,0.02661616123743495,0.5247068470092491,l40s
resnet152,gemm,357,layer3.10.conv2,256,256,3,1,1,1.1403392136096955,0.026363466013884364,0.57029356664153,l40s
resnet152,gemm,357,layer3.10.conv3,256,1024,1,1,0,1.0391584068536759,0.03208315451685141,0.5196921644693622,l40s
resnet152,gemm,357,layer3.11.conv1,1024,256,1,1,0,1.0499344050884247,0.03229290672130346,0.5250813349846551,l40s
resnet152,gemm,357,layer3.11.conv2,256,256,3,1,1,1.1445424020290376,0.029242243936239774,0.5723956177560796,l40s
resnet152,gemm,357,layer3.11.conv3,256,1024,1,1,0,1.0356432020664215,0.02740707483541127,0.517934179957672,l40s
resnet152,gemm,357,layer3.12.conv1,1024,256,1,1,0,1.061321598291397,0.03526620974698156,0.5307761694236136,l40s
resnet152,gemm,357,layer3.12.conv2,256,256,3,1,1,1.153441596031189,0.027805385693356985,0.5768461821382838,l40s
resnet152,gemm,357,layer3.12.conv3,256,1024,1,1,0,1.0390864044427872,0.028839634798373377,0.5196561554369423,l40s
resnet152,gemm,357,layer3.13.conv1,1024,256,1,1,0,1.0400847852230073,0.02507414642366132,0.5201554543553893,l40s
resnet152,gemm,357,layer3.13.conv2,256,256,3,1,1,1.1591871976852417,0.03514889572751168,0.5797196075372218,l40s
resnet152,gemm,357,layer3.13.conv3,256,1024,1,1,0,1.0431951940059663,0.027923757076894276,0.5217109968618439,l40s
resnet152,gemm,357,layer3.14.conv1,1024,256,1,1,0,1.0650000035762788,0.026132620231900973,0.5326157719247219,l40s
resnet152,gemm,357,layer3.14.conv2,256,256,3,1,1,1.1508495926856994,0.028925041848802513,0.5755498987034917,l40s
resnet152,gemm,357,layer3.14.conv3,256,1024,1,1,0,1.038537609577179,0.02606727553851793,0.5193816983477473,l40s
resnet152,gemm,357,layer3.15.conv1,1024,256,1,1,0,1.0514223992824554,0.02816855658337117,0.5258254938331169,l40s
resnet152,gemm,357,layer3.15.conv2,256,256,3,1,1,1.1366367876529693,0.028464298936570126,0.5684419511933478,l40s
resnet152,gemm,357,layer3.15.conv3,256,1024,1,1,0,1.0353792011737823,0.02232312833939035,0.5178021508133063,l40s
resnet152,gemm,357,layer3.16.conv1,1024,256,1,1,0,1.0644864022731781,0.03413259832249459,0.532358915442474,l40s
resnet152,gemm,357,layer3.16.conv2,256,256,3,1,1,1.1542864084243774,0.030754822572546116,0.5772686801696627,l40s
resnet152,gemm,357,layer3.16.conv3,256,1024,1,1,0,1.0307760059833526,0.0227721879640445,0.5155000528307353,l40s
resnet152,gemm,357,layer3.17.conv1,1024,256,1,1,0,1.0580815970897675,0.03557688489140785,0.5291558166205637,l40s
resnet152,gemm,357,layer3.17.conv2,256,256,3,1,1,1.1352336049079894,0.018362070111500626,0.5677402072887852,l40s
resnet152,gemm,357,layer3.17.conv3,256,1024,1,1,0,1.0388399958610535,0.028942779798582164,0.5195329243603899,l40s
resnet152,gemm,357,layer3.18.conv1,1024,256,1,1,0,1.0511231899261475,0.024404245581818876,0.5256758566296035,l40s
resnet152,gemm,357,layer3.18.conv2,256,256,3,1,1,1.1434335947036742,0.022501423975211095,0.5718410935612148,l40s
resnet152,gemm,357,layer3.18.conv3,256,1024,1,1,0,1.038371193408966,0.02996627609154103,0.5192984721734789,l40s
resnet152,gemm,357,layer3.19.conv1,1024,256,1,1,0,1.0514384031295776,0.029554495087125248,0.5258334974963659,l40s
resnet152,gemm,357,layer3.19.conv2,256,256,3,1,1,1.130759996175766,0.01753634970589113,0.5655029166219296,l40s
resnet152,gemm,357,layer3.19.conv3,256,1024,1,1,0,1.0286560088396073,0.025781604639715995,0.5144398238059443,l40s
resnet152,gemm,357,layer3.20.conv1,1024,256,1,1,0,1.0573456048965455,0.029664946494351543,0.5287877405183973,l40s
resnet152,gemm,357,layer3.20.conv2,256,256,3,1,1,1.1410079956054688,0.029543276493716658,0.570628030338931,l40s
resnet152,gemm,357,layer3.20.conv3,256,1024,1,1,0,1.0287951946258544,0.030707664419414457,0.5145094318291688,l40s
resnet152,gemm,357,layer3.21.conv1,1024,256,1,1,0,1.0516592025756837,0.02739812526834189,0.5259439212212799,l40s
resnet152,gemm,357,layer3.21.conv2,256,256,3,1,1,1.1548639953136444,0.026294336142736928,0.5775575364005054,l40s
resnet152,gemm,357,layer3.21.conv3,256,1024,1,1,0,1.0352784007787705,0.03158946253732726,0.5177517396583586,l40s
resnet152,gemm,357,layer3.22.conv1,1024,256,1,1,0,1.055110400915146,0.019710691340750774,0.5276698955512945,l40s
resnet152,gemm,357,layer3.22.conv2,256,256,3,1,1,1.1518127858638763,0.022539672828252675,0.5760315999958716,l40s
resnet152,gemm,357,layer3.22.conv3,256,1024,1,1,0,1.0470351964235305,0.02965557564499775,0.5236314154956052,l40s
resnet152,gemm,357,layer3.23.conv1,1024,256,1,1,0,1.0486592054367065,0.026212539862069544,0.5244435965390426,l40s
resnet152,gemm,357,layer3.23.conv2,256,256,3,1,1,1.1391696095466615,0.030489880857483515,0.5697086374689597,l40s
resnet152,gemm,357,layer3.23.conv3,256,1024,1,1,0,1.0391359984874726,0.03246940121150801,0.5196809578503736,l40s
resnet152,gemm,357,layer3.24.conv1,1024,256,1,1,0,1.0520607948303222,0.032387054271662157,0.5261447610034254,l40s
resnet152,gemm,357,layer3.24.conv2,256,256,3,1,1,1.1443887948989868,0.02978285127415699,0.5723187974932905,l40s
resnet152,gemm,357,layer3.24.conv3,256,1024,1,1,0,1.0373072028160095,0.020199997231695757,0.5187663612165914,l40s
resnet152,gemm,357,layer3.25.conv1,1024,256,1,1,0,1.0581696033477783,0.03083271229094965,0.5291998293162324,l40s
resnet152,gemm,357,layer3.25.conv2,256,256,3,1,1,1.136649602651596,0.03616306610826785,0.5684483600857074,l40s
resnet152,gemm,357,layer3.25.conv3,256,1024,1,1,0,1.0478767961263658,0.02822049637713405,0.5240523068325742,l40s
resnet152,gemm,357,layer3.26.conv1,1024,256,1,1,0,1.0630064070224763,0.027533976844851406,0.5316187569351966,l40s
resnet152,gemm,357,layer3.26.conv2,256,256,3,1,1,1.1420415997505189,0.033321435013194595,0.5711449447687261,l40s
resnet152,gemm,357,layer3.26.conv3,256,1024,1,1,0,1.0374415874481202,0.034524140072350516,0.5188335681408413,l40s
resnet152,gemm,357,layer3.27.conv1,1024,256,1,1,0,1.0447104036808015,0.02816978861500827,0.5224687664091492,l40s
resnet152,gemm,357,layer3.27.conv2,256,256,3,1,1,1.1468719959259033,0.02408113332531757,0.5735606679415104,l40s
resnet152,gemm,357,layer3.27.conv3,256,1024,1,1,0,1.0342080056667329,0.02414316968890271,0.5172164257457315,l40s
resnet152,gemm,357,layer3.28.conv1,1024,256,1,1,0,1.0481184005737305,0.025799360066292645,0.5241731353197118,l40s
resnet152,gemm,357,layer3.28.conv2,256,256,3,1,1,1.1388704001903533,0.025928183332109233,0.5695590002654461,l40s
resnet152,gemm,357,layer3.28.conv3,256,1024,1,1,0,1.030563196539879,0.025290909675996807,0.5153936249756856,l40s
resnet152,gemm,357,layer3.29.conv1,1024,256,1,1,0,1.0568367958068847,0.02767755936195378,0.528533280663804,l40s
resnet152,gemm,357,layer3.29.conv2,256,256,3,1,1,1.1384831964969635,0.02334874458393484,0.5693653563280242,l40s
resnet152,gemm,357,layer3.29.conv3,256,1024,1,1,0,1.0309680163860322,0.023308564683739954,0.5155960789044418,l40s
resnet152,gemm,357,layer3.30.conv1,1024,256,1,1,0,1.0661200046539308,0.0396969658981099,0.5331758942125406,l40s
resnet152,gemm,357,layer3.30.conv2,256,256,3,1,1,1.1439216017723084,0.024541050903608457,0.5720851501440247,l40s
resnet152,gemm,357,layer3.30.conv3,256,1024,1,1,0,1.0370271980762482,0.02767176654423728,0.5186263284089766,l40s
resnet152,gemm,357,layer3.31.conv1,1024,256,1,1,0,1.0428687930107117,0.022724566288903254,0.5215477608830075,l40s
resnet152,gemm,357,layer3.31.conv2,256,256,3,1,1,1.1347503960132599,0.025234261360816527,0.56749855031451,l40s
resnet152,gemm,357,layer3.31.conv3,256,1024,1,1,0,1.0354320049285888,0.026866513176415304,0.5178285584307074,l40s
resnet152,gemm,357,layer3.32.conv1,1024,256,1,1,0,1.0568271934986115,0.027917028628674796,0.5285284784658546,l40s
resnet152,gemm,357,layer3.32.conv2,256,256,3,1,1,1.145441597700119,0.024735734602579697,0.5728453133381043,l40s
resnet152,gemm,357,layer3.32.conv3,256,1024,1,1,0,1.0399631917476655,0.03037286843735632,0.5200946443999783,l40s
resnet152,gemm,357,layer3.33.conv1,1024,256,1,1,0,1.0436528146266937,0.019414685578631127,0.5219398569175612,l40s
resnet152,gemm,357,layer3.33.conv2,256,256,3,1,1,1.145859181880951,0.026094647321396342,0.5730541508217385,l40s
resnet152,gemm,357,layer3.33.conv3,256,1024,1,1,0,1.0443568050861358,0.032449978448489784,0.5222919286741098,l40s
resnet152,gemm,357,layer3.34.conv1,1024,256,1,1,0,1.056388795375824,0.02307528283682079,0.5283092317486765,l40s
resnet152,gemm,357,layer3.34.conv2,256,256,3,1,1,1.1461759984493256,0.025738796963492058,0.573212593545266,l40s
resnet152,gemm,357,layer3.34.conv3,256,1024,1,1,0,1.0400016069412232,0.02795826125714769,0.5201138561726559,l40s
resnet152,gemm,357,layer3.35.conv1,1024,256,1,1,0,1.0578640043735503,0.028434248791121528,0.5290469966091795,l40s
resnet152,gemm,357,layer3.35.conv2,256,256,3,1,1,1.1408399939537048,0.02375897001256914,0.5705440112505381,l40s
resnet152,gemm,357,layer3.35.conv3,256,1024,1,1,0,1.038767996430397,0.027175205717221193,0.5194969168184101,l40s
resnet152,gemm,357,layer4.0.conv1,1024,512,1,1,0,1.3458239912986756,0.030981012153046526,0.6730582925758781,l40s
resnet152,gemm,357,layer4.0.conv2,512,512,3,2,1,1.8850880086421966,0.022511367707202395,0.942748921593866,l40s
resnet152,gemm,357,layer4.0.conv3,512,2048,1,1,0,1.0260608077049256,0.019025862545610533,0.5131419411289426,l40s
resnet152,gemm,357,layer4.0.downsample.0,1024,2048,1,2,0,1.757203209400177,0.034905776210405214,0.8787926203384663,l40s
resnet152,gemm,357,layer4.1.conv1,2048,512,1,1,0,1.2307184040546417,0.024664588123675186,0.6154929864754463,l40s
resnet152,gemm,357,layer4.1.conv2,512,512,3,1,1,1.8486960113048554,0.03183125976871285,0.924548966956662,l40s
resnet152,gemm,357,layer4.1.conv3,512,2048,1,1,0,1.0644607961177825,0.028631537000616367,0.5323461095812757,l40s
resnet152,gemm,357,layer4.2.conv1,2048,512,1,1,0,1.2370992064476014,0.03628604683895479,0.6186840812929233,l40s
resnet152,gemm,357,layer4.2.conv2,512,512,3,1,1,1.8376351952552796,0.026117353386609643,0.9190173565730191,l40s
resnet152,gemm,357,layer4.2.conv3,512,2048,1,1,0,1.0487583935260774,0.018684076988568183,0.5244932013659052,l40s
resnet152,gemm,360,conv1,3,64,7,2,3,1.4405871987342835,0.02438603906514687,0.7223211459844798,l40s
resnet152,gemm,360,layer1.0.conv1,64,64,1,1,0,1.0359344065189362,0.03355848096134727,0.519425223505356,l40s
resnet152,gemm,360,layer1.0.conv2,64,64,3,1,1,1.2398799896240233,0.03392251874808607,0.6216850571595574,l40s
resnet152,gemm,360,layer1.0.conv3,64,256,1,1,0,1.6366096019744873,0.04152240818652225,0.8206082382698336,l40s
resnet152,gemm,360,layer1.0.downsample.0,64,256,1,1,0,1.6506976068019867,0.02020323487454851,0.8276720687693516,l40s
resnet152,gemm,360,layer1.1.conv1,256,64,1,1,0,1.6545216023921967,0.025893385339959732,0.829589448626251,l40s
resnet152,gemm,360,layer1.1.conv2,64,64,3,1,1,1.2115615963935853,0.029784381565094727,0.6074860039758131,l40s
resnet152,gemm,360,layer1.1.conv3,64,256,1,1,0,1.6031856119632721,0.02773177857250172,0.8038492008512819,l40s
resnet152,gemm,360,layer1.2.conv1,256,64,1,1,0,1.663702404499054,0.03473618014774317,0.8341927711496694,l40s
resnet152,gemm,360,layer1.2.conv2,64,64,3,1,1,1.1988975942134856,0.030705784384258677,0.6011361790047759,l40s
resnet152,gemm,360,layer1.2.conv3,64,256,1,1,0,1.5907615959644317,0.024964490704271734,0.7976197067381197,l40s
resnet152,gemm,360,layer2.0.conv1,256,128,1,1,0,1.9522448003292083,0.02940910597503525,0.9788700764903423,l40s
resnet152,gemm,360,layer2.0.conv2,128,128,3,2,1,1.085724800825119,0.020109258810039447,0.544390497878098,l40s
resnet152,gemm,360,layer2.0.conv3,128,512,1,1,0,1.2284080028533935,0.024093148776816717,0.6159329175888595,l40s
resnet152,gemm,360,layer2.0.downsample.0,256,512,1,2,0,2.1237312078475954,0.03922016845183925,1.064854637861063,l40s
resnet152,gemm,360,layer2.1.conv1,512,128,1,1,0,1.1004847943782807,0.03646674804025387,0.551791268527324,l40s
resnet152,gemm,360,layer2.1.conv2,128,128,3,1,1,0.9220752000808716,0.028529423515610726,0.4623353697655159,l40s
resnet152,gemm,360,layer2.1.conv3,128,512,1,1,0,1.2917951941490173,0.021486849788585328,0.6477157271942902,l40s
resnet152,gemm,360,layer2.2.conv1,512,128,1,1,0,1.1253055930137634,0.030626220671317247,0.5642366017431016,l40s
resnet152,gemm,360,layer2.2.conv2,128,128,3,1,1,0.9215967983007431,0.021871466740873823,0.4620954955514684,l40s
resnet152,gemm,360,layer2.2.conv3,128,512,1,1,0,1.2741583824157714,0.02440134908683783,0.6388724984929219,l40s
resnet152,gemm,360,layer2.3.conv1,512,128,1,1,0,1.125219202041626,0.03178487388310132,0.5641932846665292,l40s
resnet152,gemm,360,layer2.3.conv2,128,128,3,1,1,0.9183311969041824,0.02004347470149021,0.46045809870026444,l40s
resnet152,gemm,360,layer2.3.conv3,128,512,1,1,0,1.2699055969715118,0.023559028409739658,0.63674012021105,l40s
resnet152,gemm,360,layer2.4.conv1,512,128,1,1,0,1.106601595878601,0.026958845229129474,0.5548582783364858,l40s
resnet152,gemm,360,layer2.4.conv2,128,128,3,1,1,0.9134016007184982,0.027144287098501595,0.45798636247408336,l40s
resnet152,gemm,360,layer2.4.conv3,128,512,1,1,0,1.2699600100517272,0.02136195935106637,0.6367674033345515,l40s
resnet152,gemm,360,layer2.5.conv1,512,128,1,1,0,1.1200655937194823,0.034381545990861996,0.5616092270874553,l40s
resnet152,gemm,360,layer2.5.conv2,128,128,3,1,1,0.9102751970291137,0.02857723578344124,0.4564187603895234,l40s
resnet152,gemm,360,layer2.5.conv3,128,512,1,1,0,1.267251205444336,0.016000790469773474,0.6354091885385447,l40s
resnet152,gemm,360,layer2.6.conv1,512,128,1,1,0,1.1235327959060668,0.0331756183553545,0.5633477080756065,l40s
resnet152,gemm,360,layer2.6.conv2,128,128,3,1,1,0.9136928021907806,0.02491959046171993,0.45813237306015286,l40s
resnet152,gemm,360,layer2.6.conv3,128,512,1,1,0,1.2684560060501098,0.022164331425391995,0.6360132845314912,l40s
resnet152,gemm,360,layer2.7.conv1,512,128,1,1,0,1.109495997428894,0.022941190492063494,0.5563095528213513,l40s
resnet152,gemm,360,layer2.7.conv2,128,128,3,1,1,0.9126895993947983,0.022394180876328718,0.4576293597098431,l40s
resnet152,gemm,360,layer2.7.conv3,128,512,1,1,0,1.2595919966697693,0.017022152319063545,0.6315688042395309,l40s
resnet152,gemm,360,layer3.0.conv1,512,256,1,1,0,1.4338863909244537,0.03359497830946504,0.7189613110640595,l40s
resnet152,gemm,360,layer3.0.conv2,256,256,3,2,1,1.3691007852554322,0.04053783028756945,0.6864773260812264,l40s
resnet152,gemm,360,layer3.0.conv3,256,1024,1,1,0,1.0068831950426103,0.03020628888747852,0.5048587297976137,l40s
resnet152,gemm,360,layer3.0.downsample.0,512,1024,1,2,0,1.5177215933799744,0.03668362381627738,0.7609969056915266,l40s
resnet152,gemm,360,layer3.1.conv1,1024,256,1,1,0,1.0611552059650422,0.025869740162393275,0.5320711201054107,l40s
resnet152,gemm,360,layer3.1.conv2,256,256,3,1,1,1.1582640051841735,0.025924134365556094,0.5807621949662514,l40s
resnet152,gemm,360,layer3.1.conv3,256,1024,1,1,0,0.9682447969913482,0.02466795151299291,0.4854851493688041,l40s
resnet152,gemm,360,layer3.2.conv1,1024,256,1,1,0,1.0510768055915833,0.023968840519650546,0.5270177351288932,l40s
resnet152,gemm,360,layer3.2.conv2,256,256,3,1,1,1.13782080411911,0.023899398709615067,0.5705118217615734,l40s
resnet152,gemm,360,layer3.2.conv3,256,1024,1,1,0,0.9526144027709961,0.031214749065637055,0.47764795334529814,l40s
resnet152,gemm,360,layer3.3.conv1,1024,256,1,1,0,1.0560719907283782,0.026898297709827407,0.5295223581434421,l40s
resnet152,gemm,360,layer3.3.conv2,256,256,3,1,1,1.1489120066165923,0.02009722619642319,0.5760730332629433,l40s
resnet152,gemm,360,layer3.3.conv3,256,1024,1,1,0,0.9487279951572418,0.02608822564043162,0.4756992796351636,l40s
resnet152,gemm,360,layer3.4.conv1,1024,256,1,1,0,1.0536432027816773,0.022185813439039023,0.5283045457857065,l40s
resnet152,gemm,360,layer3.4.conv2,256,256,3,1,1,1.149892795085907,0.02775173843129779,0.5765648079029972,l40s
resnet152,gemm,360,layer3.4.conv3,256,1024,1,1,0,0.9523600071668625,0.02734168079687696,0.47752039749552205,l40s
resnet152,gemm,360,layer3.5.conv1,1024,256,1,1,0,1.062550413608551,0.03012118619681203,0.5327706876045742,l40s
resnet152,gemm,360,layer3.5.conv2,256,256,3,1,1,1.147020798921585,0.024228342282692165,0.575124767645456,l40s
resnet152,gemm,360,layer3.5.conv3,256,1024,1,1,0,0.9585808008909226,0.023490802059078653,0.48063954977984336,l40s
resnet152,gemm,360,layer3.6.conv1,1024,256,1,1,0,1.057860791683197,0.02751730335938534,0.5304192762590259,l40s
resnet152,gemm,360,layer3.6.conv2,256,256,3,1,1,1.1410607993602753,0.026568688586373682,0.5721363794958355,l40s
resnet152,gemm,360,layer3.6.conv3,256,1024,1,1,0,0.9502144008874893,0.03151295101816316,0.4764445745339477,l40s
resnet152,gemm,360,layer3.7.conv1,1024,256,1,1,0,1.058764797449112,0.02807288389477942,0.5308725514799815,l40s
resnet152,gemm,360,layer3.7.conv2,256,256,3,1,1,1.1577488124370574,0.02448552657804023,0.5805038734874636,l40s
resnet152,gemm,360,layer3.7.conv3,256,1024,1,1,0,0.961761611700058,0.026149578358984904,0.4822344319992836,l40s
resnet152,gemm,360,layer3.8.conv1,1024,256,1,1,0,1.061164790391922,0.030111385519961245,0.5320759258084,l40s
resnet152,gemm,360,layer3.8.conv2,256,256,3,1,1,1.1433615982532501,0.0241680555965149,0.5732900171892106,l40s
resnet152,gemm,360,layer3.8.conv3,256,1024,1,1,0,0.9446607977151871,0.01999943597938157,0.47365995655921844,l40s
resnet152,gemm,360,layer3.9.conv1,1024,256,1,1,0,1.057801604270935,0.03505233925080465,0.5303895992498934,l40s
resnet152,gemm,360,layer3.9.conv2,256,256,3,1,1,1.1484240114688873,0.030172525999611677,0.5758283488629745,l40s
resnet152,gemm,360,layer3.9.conv3,256,1024,1,1,0,0.9434143990278244,0.02797355510206748,0.4730350029784839,l40s
resnet152,gemm,360,layer3.10.conv1,1024,256,1,1,0,1.0546496033668518,0.031508510748794426,0.5288091625313234,l40s
resnet152,gemm,360,layer3.10.conv2,256,256,3,1,1,1.1453152000904083,0.028552049789923095,0.5742695676940696,l40s
resnet152,gemm,360,layer3.10.conv3,256,1024,1,1,0,0.942691195011139,0.0223714210933171,0.4726723831005814,l40s
resnet152,gemm,360,layer3.11.conv1,1024,256,1,1,0,1.052451205253601,0.02969165207515384,0.5277068693512309,l40s
resnet152,gemm,360,layer3.11.conv2,256,256,3,1,1,1.1485375940799714,0.02862471643225311,0.5758853000297447,l40s
resnet152,gemm,360,layer3.11.conv3,256,1024,1,1,0,0.964847993850708,0.03048135369646477,0.4837819669863793,l40s
resnet152,gemm,360,layer3.12.conv1,1024,256,1,1,0,1.0620976030826568,0.03620324860004136,0.5325436450359153,l40s
resnet152,gemm,360,layer3.12.conv2,256,256,3,1,1,1.1390880167484283,0.028983425035860814,0.5711472116077553,l40s
resnet152,gemm,360,layer3.12.conv3,256,1024,1,1,0,0.9520623922348023,0.025494454145989675,0.47737117115297445,l40s
resnet152,gemm,360,layer3.13.conv1,1024,256,1,1,0,1.0597280025482179,0.029715836142267197,0.5313555096873123,l40s
resnet152,gemm,360,layer3.13.conv2,256,256,3,1,1,1.1393951952457428,0.026615121760839102,0.5713012331931178,l40s
resnet152,gemm,360,layer3.13.conv3,256,1024,1,1,0,0.9430079966783523,0.029239211415775814,0.4728312298149715,l40s
resnet152,gemm,360,layer3.14.conv1,1024,256,1,1,0,1.0560479998588561,0.022544615682990037,0.5295103289428621,l40s
resnet152,gemm,360,layer3.14.conv2,256,256,3,1,1,1.1497775971889497,0.027166712274917574,0.5765070468198651,l40s
resnet152,gemm,360,layer3.14.conv3,256,1024,1,1,0,0.9415520071983338,0.022281343693624465,0.4721011858504879,l40s
resnet152,gemm,360,layer3.15.conv1,1024,256,1,1,0,1.06211519241333,0.037789067111834045,0.5325524644572598,l40s
resnet152,gemm,360,layer3.15.conv2,256,256,3,1,1,1.1452335953712462,0.03158197015315597,0.5742286504803704,l40s
resnet152,gemm,360,layer3.15.conv3,256,1024,1,1,0,0.9382431983947754,0.0229069794533975,0.47044212448375516,l40s
resnet152,gemm,360,layer3.16.conv1,1024,256,1,1,0,1.0550256013870238,0.02619745288843883,0.5289976907377778,l40s
resnet152,gemm,360,layer3.16.conv2,256,256,3,1,1,1.1544735968112945,0.02830686860267602,0.5788616559901639,l40s
resnet152,gemm,360,layer3.16.conv3,256,1024,1,1,0,0.954735991358757,0.033936435278396127,0.47871173365749686,l40s
resnet152,gemm,360,layer3.17.conv1,1024,256,1,1,0,1.0477936029434205,0.02424170923987889,0.5253715128791023,l40s
resnet152,gemm,360,layer3.17.conv2,256,256,3,1,1,1.1442016005516051,0.030424661881967508,0.573711200595054,l40s
resnet152,gemm,360,layer3.17.conv3,256,1024,1,1,0,0.9548032104969024,0.029822985918003708,0.47874543783377993,l40s
resnet152,gemm,360,layer3.18.conv1,1024,256,1,1,0,1.0511103987693786,0.025559794414446793,0.5270345789983262,l40s
resnet152,gemm,360,layer3.18.conv2,256,256,3,1,1,1.13791521191597,0.021566352872673066,0.5705591585337436,l40s
resnet152,gemm,360,layer3.18.conv3,256,1024,1,1,0,0.9529215961694717,0.02305773976162466,0.4778019824022138,l40s
resnet152,gemm,360,layer3.19.conv1,1024,256,1,1,0,1.0498304069042206,0.021781373318144545,0.5263927815481586,l40s
resnet152,gemm,360,layer3.19.conv2,256,256,3,1,1,1.1466976046562194,0.027385866269139265,0.5749627156347622,l40s
resnet152,gemm,360,layer3.19.conv3,256,1024,1,1,0,0.9556463986635209,0.033755843913485344,0.4791682186576881,l40s
resnet152,gemm,360,layer3.20.conv1,1024,256,1,1,0,1.0568015933036805,0.029863171037802175,0.5298881863062694,l40s
resnet152,gemm,360,layer3.20.conv2,256,256,3,1,1,1.1429504036903382,0.027204577082865364,0.5730838411742035,l40s
resnet152,gemm,360,layer3.20.conv3,256,1024,1,1,0,0.948147201538086,0.02955368193029405,0.47540806539076547,l40s
resnet152,gemm,360,layer3.21.conv1,1024,256,1,1,0,1.0526351928710938,0.024559675745760092,0.5277991221123487,l40s
resnet152,gemm,360,layer3.21.conv2,256,256,3,1,1,1.1393696069717407,0.031830161503458014,0.5712884030420396,l40s
resnet152,gemm,360,layer3.21.conv3,256,1024,1,1,0,0.9573711961507797,0.03143388170055706,0.4800330449581596,l40s
resnet152,gemm,360,layer3.22.conv1,1024,256,1,1,0,1.0495808005332947,0.02961782607346775,0.5262676270555665,l40s
resnet152,gemm,360,layer3.22.conv2,256,256,3,1,1,1.1443759977817536,0.030861675031656922,0.5737986446645612,l40s
resnet152,gemm,360,layer3.22.conv3,256,1024,1,1,0,0.9522431939840317,0.03312701984114415,0.4774618264960278,l40s
resnet152,gemm,360,layer3.23.conv1,1024,256,1,1,0,1.0566272020339966,0.03494963045667546,0.5298007452253835,l40s
resnet152,gemm,360,layer3.23.conv2,256,256,3,1,1,1.1335631906986237,0.018224226459670072,0.5683770226964793,l40s
resnet152,gemm,360,layer3.23.conv3,256,1024,1,1,0,0.9526063978672028,0.02483113885682319,0.4776439396269432,l40s
resnet152,gemm,360,layer3.24.conv1,1024,256,1,1,0,1.0530655980110168,0.02352551136311225,0.5280149304536834,l40s
resnet152,gemm,360,layer3.24.conv2,256,256,3,1,1,1.1587824046611785,0.022364790486256354,0.5810221243232782,l40s
resnet152,gemm,360,layer3.24.conv3,256,1024,1,1,0,0.9400320023298263,0.020539954122119574,0.47133904409364946,l40s
resnet152,gemm,360,layer3.25.conv1,1024,256,1,1,0,1.055155199766159,0.023070824417886566,0.5290626723298792,l40s
resnet152,gemm,360,layer3.25.conv2,256,256,3,1,1,1.1478415966033935,0.03453221801820548,0.5755363217135929,l40s
resnet152,gemm,360,layer3.25.conv3,256,1024,1,1,0,0.9582976043224335,0.028134279320101187,0.4804975529121288,l40s
resnet152,gemm,360,layer3.26.conv1,1024,256,1,1,0,1.0550687909126282,0.03374251930312534,0.5290193462874428,l40s
resnet152,gemm,360,layer3.26.conv2,256,256,3,1,1,1.13368159532547,0.01775195191704651,0.5684363916578504,l40s
resnet152,gemm,360,layer3.26.conv3,256,1024,1,1,0,0.946220800280571,0.024366859674482523,0.474442153459036,l40s
resnet152,gemm,360,layer3.27.conv1,1024,256,1,1,0,1.0560784041881561,0.02734597221385103,0.52952557389992,l40s
resnet152,gemm,360,layer3.27.conv2,256,256,3,1,1,1.1477536022663117,0.0360953685312718,0.575492200697901,l40s
resnet152,gemm,360,layer3.27.conv3,256,1024,1,1,0,0.9513311982154846,0.02484190516418284,0.4770045450282702,l40s
resnet152,gemm,360,layer3.28.conv1,1024,256,1,1,0,1.051617592573166,0.022967609442923028,0.5272888897473803,l40s
resnet152,gemm,360,layer3.28.conv2,256,256,3,1,1,1.148054403066635,0.028222749022785338,0.575643024458513,l40s
resnet152,gemm,360,layer3.28.conv3,256,1024,1,1,0,0.9360336035490036,0.020515647344063193,0.4693342171786218,l40s
resnet152,gemm,360,layer3.29.conv1,1024,256,1,1,0,1.0625968039035798,0.025172208189756014,0.532793948043857,l40s
resnet152,gemm,360,layer3.29.conv2,256,256,3,1,1,1.13441920876503,0.020204196039152304,0.568806236527654,l40s
resnet152,gemm,360,layer3.29.conv3,256,1024,1,1,0,0.9493855983018875,0.024330465825415294,0.4760290067474557,l40s
resnet152,gemm,360,layer3.30.conv1,1024,256,1,1,0,1.048383992910385,0.026841386105208004,0.5256675388037324,l40s
resnet152,gemm,360,layer3.30.conv2,256,256,3,1,1,1.1524960041046142,0.029252858799113317,0.577870076284725,l40s
resnet152,gemm,360,layer3.30.conv3,256,1024,1,1,0,0.9503200024366378,0.02679047421014871,0.4764975239368479,l40s
resnet152,gemm,360,layer3.31.conv1,1024,256,1,1,0,1.0461679995059967,0.023587605766611654,0.5245564232136743,l40s
resnet152,gemm,360,layer3.31.conv2,256,256,3,1,1,1.1399600088596344,0.030064543543808928,0.5715844349439124,l40s
resnet152,gemm,360,layer3.31.conv3,256,1024,1,1,0,0.9565344035625458,0.027828907564958174,0.4796134709248658,l40s
resnet152,gemm,360,layer3.32.conv1,1024,256,1,1,0,1.0511631965637207,0.028930417927215093,0.5270610522054657,l40s
resnet152,gemm,360,layer3.32.conv2,256,256,3,1,1,1.1353359997272492,0.027106639983898718,0.5692659223412169,l40s
resnet152,gemm,360,layer3.32.conv3,256,1024,1,1,0,0.9405936002731323,0.022909497147894822,0.47162063348327316,l40s
resnet152,gemm,360,layer3.33.conv1,1024,256,1,1,0,1.0469664126634597,0.023362201790783386,0.5249567535146616,l40s
resnet152,gemm,360,layer3.33.conv2,256,256,3,1,1,1.1424799919128419,0.026613984194163758,0.5728479732069578,l40s
resnet152,gemm,360,layer3.33.conv3,256,1024,1,1,0,0.952136006951332,0.030443371375797067,0.47740808211987174,l40s
resnet152,gemm,360,layer3.34.conv1,1024,256,1,1,0,1.053652811050415,0.020816154488912157,0.5283093634431809,l40s
resnet152,gemm,360,layer3.34.conv2,256,256,3,1,1,1.1368079960346222,0.023758473256144615,0.5700039922480998,l40s
resnet152,gemm,360,layer3.34.conv3,256,1024,1,1,0,0.9345760017633438,0.019796691774103755,0.4686033647920867,l40s
resnet152,gemm,360,layer3.35.conv1,1024,256,1,1,0,1.062492799758911,0.02315438359095177,0.532741799591455,l40s
resnet152,gemm,360,layer3.35.conv2,256,256,3,1,1,1.1461728036403656,0.024783922520181436,0.5746995764984999,l40s
resnet152,gemm,360,layer3.35.conv3,256,1024,1,1,0,0.9486432015895844,0.029311568456014604,0.47565676350908936,l40s
resnet152,gemm,360,layer4.0.conv1,1024,512,1,1,0,1.3385488033294677,0.03130369990057432,0.6711583348974581,l40s
resnet152,gemm,360,layer4.0.conv2,512,512,3,2,1,1.875769603252411,0.02585889741260869,0.9405248433517752,l40s
resnet152,gemm,360,layer4.0.conv3,512,2048,1,1,0,1.0248672097921372,0.023607809568314264,0.5138760486761192,l40s
resnet152,gemm,360,layer4.0.downsample.0,1024,2048,1,2,0,1.7575024008750915,0.030558632458194138,0.8812247876323984,l40s
resnet152,gemm,360,layer4.1.conv1,2048,512,1,1,0,1.232667201757431,0.030469909302932714,0.6180685116272094,l40s
resnet152,gemm,360,layer4.1.conv2,512,512,3,1,1,1.8334415972232818,0.024806537334620887,0.9193012660153519,l40s
resnet152,gemm,360,layer4.1.conv3,512,2048,1,1,0,1.0181072056293488,0.026759316454395127,0.5104865322636346,l40s
resnet152,gemm,360,layer4.2.conv1,2048,512,1,1,0,1.226556795835495,0.031624021900525136,0.615004708608662,l40s
resnet152,gemm,360,layer4.2.conv2,512,512,3,1,1,1.8450783967971802,0.02943251942175853,0.9251360439525674,l40s
resnet152,gemm,360,layer4.2.conv3,512,2048,1,1,0,1.0545055985450744,0.023482469742534644,0.5287369574416315,l40s
resnet152,gemm,363,conv1,3,64,7,2,3,1.4613616108894347,0.027443853185342284,0.7169632196880834,l40s
resnet152,gemm,363,layer1.0.conv1,64,64,1,1,0,1.0865279972553252,0.036052212788751724,0.533064920679897,l40s
resnet152,gemm,363,layer1.0.conv2,64,64,3,1,1,1.2221199929714204,0.021209804593493333,0.5995881364864052,l40s
resnet152,gemm,363,layer1.0.conv3,64,256,1,1,0,1.825217592716217,0.02821462287494016,0.8954757482021746,l40s
resnet152,gemm,363,layer1.0.downsample.0,64,256,1,1,0,1.74762881398201,0.02614693474334969,0.8574096732495925,l40s
resnet152,gemm,363,layer1.1.conv1,256,64,1,1,0,1.7503215968608856,0.03054058912175643,0.8587307879335787,l40s
resnet152,gemm,363,layer1.1.conv2,64,64,3,1,1,1.2273392021656035,0.026604234577967296,0.6021487491371028,l40s
resnet152,gemm,363,layer1.1.conv3,64,256,1,1,0,1.7061919927597047,0.021717364469184687,0.8370802239635244,l40s
resnet152,gemm,363,layer1.2.conv1,256,64,1,1,0,1.7188000082969666,0.02626719310306311,0.843265882151145,l40s
resnet152,gemm,363,layer1.2.conv2,64,64,3,1,1,1.2123280048370362,0.027563199379421553,0.5947840583666147,l40s
resnet152,gemm,363,layer1.2.conv3,64,256,1,1,0,1.6975311875343322,0.03586699472686143,0.8328311190512262,l40s
resnet152,gemm,363,layer2.0.conv1,256,128,1,1,0,2.0741183876991274,0.026136264703496833,1.0175897506668066,l40s
resnet152,gemm,363,layer2.0.conv2,128,128,3,2,1,1.1379648089408874,0.018984665906223684,0.5583004967630301,l40s
resnet152,gemm,363,layer2.0.conv3,128,512,1,1,0,1.2976736009120942,0.03075957554581947,0.6366557298900853,l40s
resnet152,gemm,363,layer2.0.downsample.0,256,512,1,2,0,2.318299210071564,0.04717957032927478,1.1373880725124674,l40s
resnet152,gemm,363,layer2.1.conv1,512,128,1,1,0,1.2066623985767364,0.04481955553102918,0.5920044374462341,l40s
resnet152,gemm,363,layer2.1.conv2,128,128,3,1,1,0.957897600531578,0.03741349018815025,0.46995715686729544,l40s
resnet152,gemm,363,layer2.1.conv3,128,512,1,1,0,1.379121607542038,0.049928707807690244,0.6766151927878685,l40s
resnet152,gemm,363,layer2.2.conv1,512,128,1,1,0,1.2018816113471984,0.03854855536042656,0.5896589203755844,l40s
resnet152,gemm,363,layer2.2.conv2,128,128,3,1,1,0.9491600036621094,0.03520615871002201,0.4656703769647785,l40s
resnet152,gemm,363,layer2.2.conv3,128,512,1,1,0,1.3474591970443726,0.061111542729337345,0.6610811979132696,l40s
resnet152,gemm,363,layer2.3.conv1,512,128,1,1,0,1.1952287912368775,0.039872957911635205,0.5863949593608988,l40s
resnet152,gemm,363,layer2.3.conv2,128,128,3,1,1,0.9554383963346481,0.03633301315065142,0.4687506389556691,l40s
resnet152,gemm,363,layer2.3.conv3,128,512,1,1,0,1.3537296116352082,0.06279294597791052,0.6641575457523842,l40s
resnet152,gemm,363,layer2.4.conv1,512,128,1,1,0,1.2038704037666321,0.04543168585423867,0.5906346480843894,l40s
resnet152,gemm,363,layer2.4.conv2,128,128,3,1,1,0.9590288043022156,0.033245981358927194,0.4705121403097755,l40s
resnet152,gemm,363,layer2.4.conv3,128,512,1,1,0,1.3625327944755554,0.06763631262570316,0.6684765029945118,l40s
resnet152,gemm,363,layer2.5.conv1,512,128,1,1,0,1.1909071862697602,0.044283284240127896,0.5842747231453337,l40s
resnet152,gemm,363,layer2.5.conv2,128,128,3,1,1,0.9557567954063415,0.03804384465907011,0.4689068497264228,l40s
resnet152,gemm,363,layer2.5.conv3,128,512,1,1,0,1.3479727983474732,0.039253057662830326,0.661333177465191,l40s
resnet152,gemm,363,layer2.6.conv1,512,128,1,1,0,1.200494408607483,0.05155355583813354,0.5889783404731049,l40s
resnet152,gemm,363,layer2.6.conv2,128,128,3,1,1,0.9523007988929748,0.03269495537545891,0.4672112923989342,l40s
resnet152,gemm,363,layer2.6.conv3,128,512,1,1,0,1.3384144067764283,0.03807798616756927,0.6566437048906071,l40s
resnet152,gemm,363,layer2.7.conv1,512,128,1,1,0,1.1941135942935943,0.03453671416088357,0.5858478290783701,l40s
resnet152,gemm,363,layer2.7.conv2,128,128,3,1,1,0.948651197552681,0.026161161411214075,0.46542074999791794,l40s
resnet152,gemm,363,layer2.7.conv3,128,512,1,1,0,1.3398303985595703,0.03052938445567616,0.6573384090762983,l40s
resnet152,gemm,363,layer3.0.conv1,512,256,1,1,0,1.5188960134983063,0.028571219778111258,0.7451903540468277,l40s
resnet152,gemm,363,layer3.0.conv2,256,256,3,2,1,1.4533727943897248,0.03336798601050614,0.7130438012796285,l40s
resnet152,gemm,363,layer3.0.conv3,256,1024,1,1,0,0.9688048094511033,0.03161128896952005,0.47530837696674355,l40s
resnet152,gemm,363,layer3.0.downsample.0,512,1024,1,2,0,1.5736480116844178,0.04153565851240626,0.7720524042138487,l40s
resnet152,gemm,363,layer3.1.conv1,1024,256,1,1,0,1.0591311991214751,0.021008841142190867,0.5196236913135155,l40s
resnet152,gemm,363,layer3.1.conv2,256,256,3,1,1,1.1632639944553376,0.027221947235904723,0.5707126097997798,l40s
resnet152,gemm,363,layer3.1.conv3,256,1024,1,1,0,0.9478576004505157,0.029967681315877272,0.46503140082570493,l40s
resnet152,gemm,363,layer3.2.conv1,1024,256,1,1,0,1.0613791942596436,0.02778261435303843,0.5207265872840231,l40s
resnet152,gemm,363,layer3.2.conv2,256,256,3,1,1,1.1581872045993804,0.030733877688202422,0.5682218699488872,l40s
resnet152,gemm,363,layer3.2.conv3,256,1024,1,1,0,0.9595408082008362,0.028337567133006662,0.470763336154057,l40s
resnet152,gemm,363,layer3.3.conv1,1024,256,1,1,0,1.0427519977092743,0.017919117283030136,0.5115878397536379,l40s
resnet152,gemm,363,layer3.3.conv2,256,256,3,1,1,1.1416367948055268,0.02370004869787942,0.5601020213059928,l40s
resnet152,gemm,363,layer3.3.conv3,256,1024,1,1,0,0.9368224024772644,0.020166224169286255,0.4596173876137511,l40s
resnet152,gemm,363,layer3.4.conv1,1024,256,1,1,0,1.0580639958381652,0.0261416834092258,0.5191001073515706,l40s
resnet152,gemm,363,layer3.4.conv2,256,256,3,1,1,1.1514512062072755,0.03307461011022126,0.5649171005755643,l40s
resnet152,gemm,363,layer3.4.conv3,256,1024,1,1,0,0.956892791390419,0.023901813984250533,0.4694641842918226,l40s
resnet152,gemm,363,layer3.5.conv1,1024,256,1,1,0,1.0675520062446595,0.03367938579601251,0.5237550500014833,l40s
resnet152,gemm,363,layer3.5.conv2,256,256,3,1,1,1.1431056022644044,0.025336094460583533,0.560822637556599,l40s
resnet152,gemm,363,layer3.5.conv3,256,1024,1,1,0,0.9538495987653732,0.02987276987534862,0.46797115397932115,l40s
resnet152,gemm,363,layer3.6.conv1,1024,256,1,1,0,1.0484112083911896,0.0278668959744213,0.5143643229191767,l40s
resnet152,gemm,363,layer3.6.conv2,256,256,3,1,1,1.1436848104000092,0.028450113777366327,0.5611068046831188,l40s
resnet152,gemm,363,layer3.6.conv3,256,1024,1,1,0,0.9533647984266281,0.02441658315744397,0.46773330455917594,l40s
resnet152,gemm,363,layer3.7.conv1,1024,256,1,1,0,1.04825599193573,0.02642671278442885,0.5142881716854056,l40s
resnet152,gemm,363,layer3.7.conv2,256,256,3,1,1,1.143507194519043,0.030637443594394766,0.5610196639966956,l40s
resnet152,gemm,363,layer3.7.conv3,256,1024,1,1,0,0.9556335985660553,0.03695526323000844,0.46884640773683667,l40s
resnet152,gemm,363,layer3.8.conv1,1024,256,1,1,0,1.0519216001033782,0.026036124356431437,0.5160865672463733,l40s
resnet152,gemm,363,layer3.8.conv2,256,256,3,1,1,1.1406464159488678,0.027644118230753655,0.5596161284178192,l40s
resnet152,gemm,363,layer3.8.conv3,256,1024,1,1,0,0.9491120040416717,0.018022909995210855,0.46564682771991234,l40s
resnet152,gemm,363,layer3.9.conv1,1024,256,1,1,0,1.0611392199993133,0.02971968904794322,0.5206088527568214,l40s
resnet152,gemm,363,layer3.9.conv2,256,256,3,1,1,1.1429920017719268,0.030466258197372087,0.5607669036614166,l40s
resnet152,gemm,363,layer3.9.conv3,256,1024,1,1,0,0.9376400023698807,0.022281266048590542,0.46001851287053813,l40s
resnet152,gemm,363,layer3.10.conv1,1024,256,1,1,0,1.057521605491638,0.02810363273879289,0.5188340035164376,l40s
resnet152,gemm,363,layer3.10.conv2,256,256,3,1,1,1.1402224004268646,0.01972109080944012,0.5594081008279416,l40s
resnet152,gemm,363,layer3.10.conv3,256,1024,1,1,0,0.9615631908178329,0.037761754960168405,0.47175554365541644,l40s
resnet152,gemm,363,layer3.11.conv1,1024,256,1,1,0,1.0636623978614808,0.019688094045248735,0.5218467569897131,l40s
resnet152,gemm,363,layer3.11.conv2,256,256,3,1,1,1.1510816037654876,0.04046773938672332,0.5647357687582412,l40s
resnet152,gemm,363,layer3.11.conv3,256,1024,1,1,0,0.9386656045913696,0.019411709394938494,0.4605216868045998,l40s
resnet152,gemm,363,layer3.12.conv1,1024,256,1,1,0,1.058107203245163,0.0333467791373703,0.5191213054735171,l40s
resnet152,gemm,363,layer3.12.conv2,256,256,3,1,1,1.144023996591568,0.02542501665514283,0.5612732138881791,l40s
resnet152,gemm,363,layer3.12.conv3,256,1024,1,1,0,0.9403279989957809,0.01787268994467659,0.4613372793558868,l40s
resnet152,gemm,363,layer3.13.conv1,1024,256,1,1,0,1.0448768079280852,0.023636814042209315,0.5126302995831236,l40s
resnet152,gemm,363,layer3.13.conv2,256,256,3,1,1,1.1435279965400695,0.028209225178563006,0.5610298697417077,l40s
resnet152,gemm,363,layer3.13.conv3,256,1024,1,1,0,0.9574415981769562,0.025333603990627375,0.46973343611678525,l40s
resnet152,gemm,363,layer3.14.conv1,1024,256,1,1,0,1.0380288004875182,0.02314318409887818,0.509270577097976,l40s
resnet152,gemm,363,layer3.14.conv2,256,256,3,1,1,1.141697609424591,0.03094379171190224,0.5601318577576716,l40s
resnet152,gemm,363,layer3.14.conv3,256,1024,1,1,0,0.9548016011714935,0.024948744494601677,0.46843821887630266,l40s
resnet152,gemm,363,layer3.15.conv1,1024,256,1,1,0,1.0683071792125702,0.033161139329722235,0.524125547788246,l40s
resnet152,gemm,363,layer3.15.conv2,256,256,3,1,1,1.1362880051136017,0.0204781925808947,0.5574778347594317,l40s
resnet152,gemm,363,layer3.15.conv3,256,1024,1,1,0,0.9494880020618439,0.022396222085168244,0.46583129729207723,l40s
resnet152,gemm,363,layer3.16.conv1,1024,256,1,1,0,1.0466223895549773,0.029926543010930257,0.5134867048794713,l40s
resnet152,gemm,363,layer3.16.conv2,256,256,3,1,1,1.1379487991333008,0.01909742730753573,0.5582926421409378,l40s
resnet152,gemm,363,layer3.16.conv3,256,1024,1,1,0,0.9373840034008026,0.02360471947380679,0.45989291641053853,l40s
resnet152,gemm,363,layer3.17.conv1,1024,256,1,1,0,1.0684143841266631,0.03421816203429605,0.5241781439285864,l40s
resnet152,gemm,363,layer3.17.conv2,256,256,3,1,1,1.1488735854625702,0.021681954600881164,0.5636524859487069,l40s
resnet152,gemm,363,layer3.17.conv3,256,1024,1,1,0,0.9468768000602722,0.03018480546698904,0.46455020725908847,l40s
resnet152,gemm,363,layer3.18.conv1,1024,256,1,1,0,1.04683518409729,0.03305563544523511,0.5135911046796657,l40s
resnet152,gemm,363,layer3.18.conv2,256,256,3,1,1,1.1427056074142456,0.026638868388967177,0.5606263948241421,l40s
resnet152,gemm,363,layer3.18.conv3,256,1024,1,1,0,0.9432528048753739,0.02991758010911315,0.4627722275745685,l40s
resnet152,gemm,363,layer3.19.conv1,1024,256,1,1,0,1.0455888032913208,0.0308868608169593,0.5129796138693513,l40s
resnet152,gemm,363,layer3.19.conv2,256,256,3,1,1,1.1463071942329406,0.02347755288783157,0.5623933806695867,l40s
resnet152,gemm,363,layer3.19.conv3,256,1024,1,1,0,0.9462047994136811,0.028100439398392834,0.4642205149066808,l40s
resnet152,gemm,363,layer3.20.conv1,1024,256,1,1,0,1.0565536141395568,0.02429115859248524,0.5183590942323515,l40s
resnet152,gemm,363,layer3.20.conv2,256,256,3,1,1,1.1483807981014251,0.029472231278029056,0.5634107179903621,l40s
resnet152,gemm,363,layer3.20.conv3,256,1024,1,1,0,0.9423824042081833,0.028891383617297917,0.4623451975635723,l40s
resnet152,gemm,363,layer3.21.conv1,1024,256,1,1,0,1.0533183991909028,0.027563649350829493,0.5167718552432568,l40s
resnet152,gemm,363,layer3.21.conv2,256,256,3,1,1,1.151179200410843,0.03470414454397624,0.5647836509556134,l40s
resnet152,gemm,363,layer3.21.conv3,256,1024,1,1,0,0.9423088043928146,0.029633578312839675,0.4623090885264921,l40s
resnet152,gemm,363,layer3.22.conv1,1024,256,1,1,0,1.0568591892719268,0.03086696876183631,0.5185090134098693,l40s
resnet152,gemm,363,layer3.22.conv2,256,256,3,1,1,1.1379167973995208,0.0307182012603052,0.5582769416695995,l40s
resnet152,gemm,363,layer3.22.conv3,256,1024,1,1,0,0.9573087990283966,0.020554685322178644,0.46966828310851294,l40s
resnet152,gemm,363,layer3.23.conv1,1024,256,1,1,0,1.0532303988933562,0.029604786982733642,0.5167286811402885,l40s
resnet152,gemm,363,layer3.23.conv2,256,256,3,1,1,1.1337503969669342,0.02517496041929304,0.556232850839241,l40s
resnet152,gemm,363,layer3.23.conv3,256,1024,1,1,0,0.9362800002098084,0.02099795086935411,0.45935127793005365,l40s
resnet152,gemm,363,layer3.24.conv1,1024,256,1,1,0,1.052268809080124,0.03347940256958704,0.5162569125353266,l40s
resnet152,gemm,363,layer3.24.conv2,256,256,3,1,1,1.1638032019138336,0.030731779127941734,0.5709771520681974,l40s
resnet152,gemm,363,layer3.24.conv3,256,1024,1,1,0,0.9468847960233688,0.023758051720854618,0.4645541301837114,l40s
resnet152,gemm,363,layer3.25.conv1,1024,256,1,1,0,1.0626415848731994,0.020305692768556576,0.5213459327164298,l40s
resnet152,gemm,363,layer3.25.conv2,256,256,3,1,1,1.1476959943771363,0.021426527687739873,0.5630747442797063,l40s
resnet152,gemm,363,layer3.25.conv3,256,1024,1,1,0,0.9409040004014969,0.02498846579265551,0.4616198732185624,l40s
resnet152,gemm,363,layer3.26.conv1,1024,256,1,1,0,1.0445696115493774,0.022781099919045117,0.512479585000837,l40s
resnet152,gemm,363,layer3.26.conv2,256,256,3,1,1,1.1403472065925597,0.02748867990023926,0.5594693323737321,l40s
resnet152,gemm,363,layer3.26.conv3,256,1024,1,1,0,0.9474368005990982,0.026185803675695923,0.46482495088609493,l40s
resnet152,gemm,363,layer3.27.conv1,1024,256,1,1,0,1.043500792980194,0.023898141981030158,0.5119552085584056,l40s
resnet152,gemm,363,layer3.27.conv2,256,256,3,1,1,1.1429679930210113,0.022555892104412074,0.5607551246525602,l40s
resnet152,gemm,363,layer3.27.conv3,256,1024,1,1,0,0.9461264044046402,0.031735521281613395,0.46418205328453976,l40s
resnet152,gemm,363,layer3.28.conv1,1024,256,1,1,0,1.053574401140213,0.032589805566672084,0.5168974531653975,l40s
resnet152,gemm,363,layer3.28.conv2,256,256,3,1,1,1.1320063948631287,0.02041307869788943,0.5553772204776865,l40s
resnet152,gemm,363,layer3.28.conv3,256,1024,1,1,0,0.9423072010278701,0.018864182043866744,0.46230830189456995,l40s
resnet152,gemm,363,layer3.29.conv1,1024,256,1,1,0,1.0463343858718872,0.03340563957482199,0.5133454064859925,l40s
resnet152,gemm,363,layer3.29.conv2,256,256,3,1,1,1.1348943948745727,0.029595007634441804,0.5567941112535457,l40s
resnet152,gemm,363,layer3.29.conv3,256,1024,1,1,0,0.9454959988594055,0.027068607383414878,0.4638727680357329,l40s
resnet152,gemm,363,layer3.30.conv1,1024,256,1,1,0,1.0569359958171844,0.02851866823000272,0.5185466957107938,l40s
resnet152,gemm,363,layer3.30.conv2,256,256,3,1,1,1.1466175973415376,0.020402152619833365,0.5625456685157176,l40s
resnet152,gemm,363,layer3.30.conv3,256,1024,1,1,0,0.9442752063274383,0.025522668313955502,0.4632738311690681,l40s
resnet152,gemm,363,layer3.31.conv1,1024,256,1,1,0,1.0601184129714967,0.025379920726091604,0.5201080314078207,l40s
resnet152,gemm,363,layer3.31.conv2,256,256,3,1,1,1.1385744094848633,0.026424566540502563,0.5585995748046837,l40s
resnet152,gemm,363,layer3.31.conv3,256,1024,1,1,0,0.9381488054990769,0.021978355924580254,0.4602681383752576,l40s
resnet152,gemm,363,layer3.32.conv1,1024,256,1,1,0,1.054993587732315,0.02749392217661335,0.5175937247663686,l40s
resnet152,gemm,363,layer3.32.conv2,256,256,3,1,1,1.138451212644577,0.024000785063108772,0.5585391328150975,l40s
resnet152,gemm,363,layer3.32.conv3,256,1024,1,1,0,0.9374624013900756,0.025704981353840497,0.4599313794948206,l40s
resnet152,gemm,363,layer3.33.conv1,1024,256,1,1,0,1.034302407503128,0.02388547479148896,0.5074423597067408,l40s
resnet152,gemm,363,layer3.33.conv2,256,256,3,1,1,1.1348896026611328,0.02147574840938157,0.556791760130626,l40s
resnet152,gemm,363,layer3.33.conv3,256,1024,1,1,0,0.9450016021728516,0.023198860151573544,0.46363021052118386,l40s
resnet152,gemm,363,layer3.34.conv1,1024,256,1,1,0,1.049566400051117,0.026128638818418128,0.5149310751355252,l40s
resnet152,gemm,363,layer3.34.conv2,256,256,3,1,1,1.1427103996276855,0.027661138855533413,0.5606287459470618,l40s
resnet152,gemm,363,layer3.34.conv3,256,1024,1,1,0,0.9410911977291108,0.02666630771264375,0.4617117146886837,l40s
resnet152,gemm,363,layer3.35.conv1,1024,256,1,1,0,1.0533935844898223,0.02287773205607604,0.5168087421394124,l40s
resnet152,gemm,363,layer3.35.conv2,256,256,3,1,1,1.1375360071659089,0.029360124527877157,0.5580901209745149,l40s
resnet152,gemm,363,layer3.35.conv3,256,1024,1,1,0,0.9451952069997788,0.026093885985632222,0.4637251955947115,l40s
resnet152,gemm,363,layer4.0.conv1,1024,512,1,1,0,1.3332224011421203,0.025609145637964948,0.6540964386640457,l40s
resnet152,gemm,363,layer4.0.conv2,512,512,3,2,1,1.878443193435669,0.02603900259349503,0.9215889277036019,l40s
resnet152,gemm,363,layer4.0.conv3,512,2048,1,1,0,1.0234560012817382,0.02012894755417748,0.502120970210407,l40s
resnet152,gemm,363,layer4.0.downsample.0,1024,2048,1,2,0,1.7488207995891571,0.032367241822816736,0.8579944770601989,l40s
resnet152,gemm,363,layer4.1.conv1,2048,512,1,1,0,1.2313871920108794,0.027822392326036248,0.6041347461765126,l40s
resnet152,gemm,363,layer4.1.conv2,512,512,3,1,1,1.8982991933822633,0.2530285886876269,0.9313305423359803,l40s
resnet152,gemm,363,layer4.1.conv3,512,2048,1,1,0,1.025412806868553,0.039988327794576485,0.5030810047585791,l40s
resnet152,gemm,363,layer4.2.conv1,2048,512,1,1,0,1.2419967889785766,0.027848788253786165,0.6093399539395135,l40s
resnet152,gemm,363,layer4.2.conv2,512,512,3,1,1,1.8394192039966584,0.03405510477414264,0.9024432454133452,l40s
resnet152,gemm,363,layer4.2.conv3,512,2048,1,1,0,1.0574031949043274,0.01999411070603021,0.518775909725489,l40s
resnet152,gemm,366,conv1,3,64,7,2,3,1.5800592005252838,0.4737609750370737,0.7630949514706676,l40s
resnet152,gemm,366,layer1.0.conv1,64,64,1,1,0,1.0726527988910675,0.0361499255686578,0.5180413083525834,l40s
resnet152,gemm,366,layer1.0.conv2,64,64,3,1,1,1.2566575944423675,0.02825969012624561,0.606907048626688,l40s
resnet152,gemm,366,layer1.0.conv3,64,256,1,1,0,2.094758415222168,0.09796269385786797,1.0116706833992792,l40s
resnet152,gemm,366,layer1.0.downsample.0,64,256,1,1,0,1.7930335998535156,0.020592403879940577,0.8659516601723686,l40s
resnet152,gemm,366,layer1.1.conv1,256,64,1,1,0,1.7637407958507538,0.04452115366607631,0.8518046010992048,l40s
resnet152,gemm,366,layer1.1.conv2,64,64,3,1,1,1.2377680003643037,0.024858555034130474,0.5977842550810357,l40s
resnet152,gemm,366,layer1.1.conv3,64,256,1,1,0,1.7327231884002685,0.03481665580462688,0.8368245423493202,l40s
resnet152,gemm,366,layer1.2.conv1,256,64,1,1,0,1.7407568097114563,0.017979109336686255,0.8407044070167685,l40s
resnet152,gemm,366,layer1.2.conv2,64,64,3,1,1,1.2270143985748292,0.02833214140235692,0.5925907666136758,l40s
resnet152,gemm,366,layer1.2.conv3,64,256,1,1,0,1.737694400548935,0.0532401649182917,0.8392254061220673,l40s
resnet152,gemm,366,layer2.0.conv1,256,128,1,1,0,2.0720847964286806,0.02717783077514976,1.0007203822794677,l40s
resnet152,gemm,366,layer2.0.conv2,128,128,3,2,1,1.1288544058799743,0.026175205248017343,0.5451840651198714,l40s
resnet152,gemm,366,layer2.0.conv3,128,512,1,1,0,1.3075311958789826,0.03233750358897847,0.6314766270364754,l40s
resnet152,gemm,366,layer2.0.downsample.0,256,512,1,2,0,2.3221376299858094,0.06335300275529297,1.1214842465859094,l40s
resnet152,gemm,366,layer2.1.conv1,512,128,1,1,0,1.192908799648285,0.03447094973773372,0.5761193519039756,l40s
resnet152,gemm,366,layer2.1.conv2,128,128,3,1,1,0.9626960068941116,0.019093898410927415,0.46493730261349925,l40s
resnet152,gemm,366,layer2.1.conv3,128,512,1,1,0,1.3629647850990296,0.021992676784182253,0.6582484670166824,l40s
resnet152,gemm,366,layer2.2.conv1,512,128,1,1,0,1.1773248076438905,0.021064499047318812,0.56859301009453,l40s
resnet152,gemm,366,layer2.2.conv2,128,128,3,1,1,0.9648368030786514,0.03078137015010421,0.4659712073937802,l40s
resnet152,gemm,366,layer2.2.conv3,128,512,1,1,0,1.3379311919212342,0.029716693370785467,0.6461584082614183,l40s
resnet152,gemm,366,layer2.3.conv1,512,128,1,1,0,1.1957935869693757,0.032148915192622605,0.5775125697277502,l40s
resnet152,gemm,366,layer2.3.conv2,128,128,3,1,1,0.9596063971519471,0.015266544482858465,0.46344516510657763,l40s
resnet152,gemm,366,layer2.3.conv3,128,512,1,1,0,1.3381920039653779,0.026839360408124787,0.6462843683229798,l40s
resnet152,gemm,366,layer2.4.conv1,512,128,1,1,0,1.1958624124526978,0.030338071332891084,0.5775458092284209,l40s
resnet152,gemm,366,layer2.4.conv2,128,128,3,1,1,0.9641280025243759,0.021020977918275313,0.46562888976138556,l40s
resnet152,gemm,366,layer2.4.conv3,128,512,1,1,0,1.3358303964138032,0.020692050069450782,0.6451438219438551,l40s
resnet152,gemm,366,layer2.5.conv1,512,128,1,1,0,1.2015855967998506,0.03270003254004091,0.5803098405256004,l40s
resnet152,gemm,366,layer2.5.conv2,128,128,3,1,1,0.9582048028707504,0.01895821203062212,0.46276826039336444,l40s
resnet152,gemm,366,layer2.5.conv3,128,512,1,1,0,1.3428000032901763,0.02503328977439489,0.6485098172301884,l40s
resnet152,gemm,366,layer2.6.conv1,512,128,1,1,0,1.186275202035904,0.03256488624719506,0.5729156334316469,l40s
resnet152,gemm,366,layer2.6.conv2,128,128,3,1,1,0.9543552011251449,0.02187147021174762,0.46090908216999943,l40s
resnet152,gemm,366,layer2.6.conv3,128,512,1,1,0,1.3422991991043092,0.0358337475218465,0.648267952149574,l40s
resnet152,gemm,366,layer2.7.conv1,512,128,1,1,0,1.2093295991420745,0.04259732656590151,0.5840498327294138,l40s
resnet152,gemm,366,layer2.7.conv2,128,128,3,1,1,0.9560880035161972,0.018147213810187423,0.46174594496353827,l40s
resnet152,gemm,366,layer2.7.conv3,128,512,1,1,0,1.3413904070854188,0.03650280133862137,0.6478290479608438,l40s
resnet152,gemm,366,layer3.0.conv1,512,256,1,1,0,1.5269008100032806,0.017943212590912347,0.7374219264206181,l40s
resnet152,gemm,366,layer3.0.conv2,256,256,3,2,1,1.4783232092857361,0.10830643577512358,0.713961209347617,l40s
resnet152,gemm,366,layer3.0.conv3,256,1024,1,1,0,0.9785760015249252,0.03509281586685752,0.4726065998956052,l40s
resnet152,gemm,366,layer3.0.downsample.0,512,1024,1,2,0,1.571643203496933,0.03966071951424267,0.7590304171533512,l40s
resnet152,gemm,366,layer3.1.conv1,1024,256,1,1,0,1.0578463912010192,0.0227833729824551,0.5108905035258173,l40s
resnet152,gemm,366,layer3.1.conv2,256,256,3,1,1,1.1788048028945923,0.09980063486143903,0.5693077788219522,l40s
resnet152,gemm,366,layer3.1.conv3,256,1024,1,1,0,0.9565887928009034,0.029563474969884082,0.4619878028475864,l40s
resnet152,gemm,366,layer3.2.conv1,1024,256,1,1,0,1.0525840103626252,0.024206309988453627,0.5083490188465347,l40s
resnet152,gemm,366,layer3.2.conv2,256,256,3,1,1,1.1861999928951263,0.096154582481657,0.5728793109219505,l40s
resnet152,gemm,366,layer3.2.conv3,256,1024,1,1,0,0.9521231979131699,0.02501766808157181,0.45983112864638576,l40s
resnet152,gemm,366,layer3.3.conv1,1024,256,1,1,0,1.05553759932518,0.025419693930863102,0.5097754646564739,l40s
resnet152,gemm,366,layer3.3.conv2,256,256,3,1,1,1.1735600054264068,0.09948528121696965,0.5667747860909659,l40s
resnet152,gemm,366,layer3.3.conv3,256,1024,1,1,0,0.9499968022108078,0.025530629524537,0.45880417862782824,l40s
resnet152,gemm,366,layer3.4.conv1,1024,256,1,1,0,1.0462415993213654,0.024748304290093167,0.5052859299166211,l40s
resnet152,gemm,366,layer3.4.conv2,256,256,3,1,1,1.1638944029808045,0.10506389045999287,0.5621067505979226,l40s
resnet152,gemm,366,layer3.4.conv3,256,1024,1,1,0,0.9501231968402862,0.02516508103623979,0.4588652213429467,l40s
resnet152,gemm,366,layer3.5.conv1,1024,256,1,1,0,1.0572000026702881,0.03482932117007021,0.5105783279919351,l40s
resnet152,gemm,366,layer3.5.conv2,256,256,3,1,1,1.160969603061676,0.09967124482167564,0.5606942085541772,l40s
resnet152,gemm,366,layer3.5.conv3,256,1024,1,1,0,0.9574111968278884,0.02870293133151146,0.46238498566254227,l40s
resnet152,gemm,366,layer3.6.conv1,1024,256,1,1,0,1.0442879915237426,0.027783376432419644,0.5043424284028651,l40s
resnet152,gemm,366,layer3.6.conv2,256,256,3,1,1,1.1673200011253357,0.10951784189596102,0.5637611548436559,l40s
resnet152,gemm,366,layer3.6.conv3,256,1024,1,1,0,0.9456768006086349,0.025780545506133543,0.45671781919783505,l40s
resnet152,gemm,366,layer3.7.conv1,1024,256,1,1,0,1.0555119931697845,0.026287346512687507,0.5097630980768532,l40s
resnet152,gemm,366,layer3.7.conv2,256,256,3,1,1,1.1643616020679475,0.10075977445960281,0.562332385982098,l40s
resnet152,gemm,366,layer3.7.conv3,256,1024,1,1,0,0.9601296067237854,0.028584970663118336,0.46369785094436033,l40s
resnet152,gemm,366,layer3.8.conv1,1024,256,1,1,0,1.1411776006221772,0.34957850756767245,0.5511355938288203,l40s
resnet152,gemm,366,layer3.8.conv2,256,256,3,1,1,1.1788832008838654,0.11958113473424821,0.569345641396848,l40s
resnet152,gemm,366,layer3.8.conv3,256,1024,1,1,0,0.9532863974571228,0.017050590371791914,0.46039289981245873,l40s
resnet152,gemm,366,layer3.9.conv1,1024,256,1,1,0,1.058771198987961,0.02408650234467476,0.5113371425840636,l40s
resnet152,gemm,366,layer3.9.conv2,256,256,3,1,1,1.1662480056285858,0.09676734800128003,0.5632434309816023,l40s
resnet152,gemm,366,layer3.9.conv3,256,1024,1,1,0,0.9553584009408951,0.02828506670372826,0.461393580924515,l40s
resnet152,gemm,366,layer3.10.conv1,1024,256,1,1,0,1.0604511976242066,0.02742107624806657,0.5121485036250742,l40s
resnet152,gemm,366,layer3.10.conv2,256,256,3,1,1,1.1754031896591186,0.10198065405937963,0.5676649581694204,l40s
resnet152,gemm,366,layer3.10.conv3,256,1024,1,1,0,0.9487887978553772,0.029590219909532933,0.45822076882604534,l40s
resnet152,gemm,366,layer3.11.conv1,1024,256,1,1,0,1.0577167928218842,0.02707368047868133,0.510827913548933,l40s
resnet152,gemm,366,layer3.11.conv2,256,256,3,1,1,1.1711183965206147,0.09772870948341807,0.565595602786406,l40s
resnet152,gemm,366,layer3.11.conv3,256,1024,1,1,0,0.9491312026977539,0.026738478583001192,0.4583861344063285,l40s
resnet152,gemm,366,layer3.12.conv1,1024,256,1,1,0,1.0563984036445617,0.026128188022326918,0.5101911930229212,l40s
resnet152,gemm,366,layer3.12.conv2,256,256,3,1,1,1.159113609790802,0.09720603472296759,0.5597978503072857,l40s
resnet152,gemm,366,layer3.12.conv3,256,1024,1,1,0,0.9521279960870743,0.028303469971905762,0.4598334459407514,l40s
resnet152,gemm,366,layer3.13.conv1,1024,256,1,1,0,1.059822392463684,0.029861582388773563,0.5118448200394884,l40s
resnet152,gemm,366,layer3.13.conv2,256,256,3,1,1,1.1675088107585907,0.10943149142100966,0.5638523410966001,l40s
resnet152,gemm,366,layer3.13.conv3,256,1024,1,1,0,0.9476672023534775,0.034082875269404386,0.4576790904732296,l40s
resnet152,gemm,366,layer3.14.conv1,1024,256,1,1,0,1.0431024074554442,0.025913648687398944,0.5037698465548168,l40s
resnet152,gemm,366,layer3.14.conv2,256,256,3,1,1,1.1739199995994567,0.11089029159819369,0.5669486464981721,l40s
resnet152,gemm,366,layer3.14.conv3,256,1024,1,1,0,0.9492400020360947,0.030514455484850236,0.45843867941589767,l40s
resnet152,gemm,366,layer3.15.conv1,1024,256,1,1,0,1.0502495884895324,0.023368705888660007,0.5072216018830643,l40s
resnet152,gemm,366,layer3.15.conv2,256,256,3,1,1,1.1475679874420166,0.03223858933239982,0.5542218528237636,l40s
resnet152,gemm,366,layer3.15.conv3,256,1024,1,1,0,0.9508368045091629,0.024164189948174097,0.4592098605876468,l40s
resnet152,gemm,366,layer3.16.conv1,1024,256,1,1,0,1.0675807893276215,0.03606816452753434,0.5155917641263987,l40s
resnet152,gemm,366,layer3.16.conv2,256,256,3,1,1,1.1651647984981537,0.11766031615312475,0.562720292423025,l40s
resnet152,gemm,366,layer3.16.conv3,256,1024,1,1,0,0.9565312027931213,0.0337474260453351,0.4619599895579457,l40s
resnet152,gemm,366,layer3.17.conv1,1024,256,1,1,0,1.0527311861515045,0.02425337004530642,0.508420097893089,l40s
resnet152,gemm,366,layer3.17.conv2,256,256,3,1,1,1.180048006772995,0.11486214929703392,0.5699081883527738,l40s
resnet152,gemm,366,layer3.17.conv3,256,1024,1,1,0,0.9565712064504623,0.02518671721244119,0.4619793094599767,l40s
resnet152,gemm,366,layer3.18.conv1,1024,256,1,1,0,1.0541376054286957,0.02628278919392989,0.5090993328544872,l40s
resnet152,gemm,366,layer3.18.conv2,256,256,3,1,1,1.1743568122386931,0.11365165843746139,0.5671596066442407,l40s
resnet152,gemm,366,layer3.18.conv3,256,1024,1,1,0,0.9489200055599213,0.029409066867072734,0.4582841360320959,l40s
resnet152,gemm,366,layer3.19.conv1,1024,256,1,1,0,1.048091197013855,0.02819634300012202,0.5061791993972338,l40s
resnet152,gemm,366,layer3.19.conv2,256,256,3,1,1,1.1746895968914033,0.09897977128822626,0.5673203261212867,l40s
resnet152,gemm,366,layer3.19.conv3,256,1024,1,1,0,0.9544655948877334,0.025871806908735667,0.4609623972121682,l40s
resnet152,gemm,366,layer3.20.conv1,1024,256,1,1,0,1.0548672020435332,0.025841110451773723,0.5094516940148839,l40s
resnet152,gemm,366,layer3.20.conv2,256,256,3,1,1,1.1716272115707398,0.10951842702574197,0.5658413367410917,l40s
resnet152,gemm,366,layer3.20.conv3,256,1024,1,1,0,0.9508463948965072,0.027950381239995922,0.4592144922977516,l40s
resnet152,gemm,366,layer3.21.conv1,1024,256,1,1,0,1.0615536093711853,0.02404389969794328,0.5126809171183673,l40s
resnet152,gemm,366,layer3.21.conv2,256,256,3,1,1,1.1661088109016418,0.10631574320500375,0.5631762064159866,l40s
resnet152,gemm,366,layer3.21.conv3,256,1024,1,1,0,0.9412303984165191,0.028535701761642555,0.454570414174097,l40s
resnet152,gemm,366,layer3.22.conv1,1024,256,1,1,0,1.0516095995903014,0.03152422216153129,0.507878423858213,l40s
resnet152,gemm,366,layer3.22.conv2,256,256,3,1,1,1.1637952089309693,0.10330336074534222,0.5620588444950247,l40s
resnet152,gemm,366,layer3.22.conv3,256,1024,1,1,0,0.9495295971632004,0.03764179431586056,0.45857854036502627,l40s
resnet152,gemm,366,layer3.23.conv1,1024,256,1,1,0,1.0499680101871491,0.025193968649553537,0.5070856126866335,l40s
resnet152,gemm,366,layer3.23.conv2,256,256,3,1,1,1.1450416147708893,0.03477416783086849,0.5530017325711617,l40s
resnet152,gemm,366,layer3.23.conv3,256,1024,1,1,0,0.9510336011648178,0.025345756683041638,0.4593049042001562,l40s
resnet152,gemm,366,layer3.24.conv1,1024,256,1,1,0,1.0458719849586486,0.027764216777383388,0.5051074234061774,l40s
resnet152,gemm,366,layer3.24.conv2,256,256,3,1,1,1.1627552032470703,0.10936142016830745,0.5615565702216174,l40s
resnet152,gemm,366,layer3.24.conv3,256,1024,1,1,0,0.9564671993255616,0.030306717979628032,0.46192907886614687,l40s
resnet152,gemm,366,layer3.25.conv1,1024,256,1,1,0,1.043144017457962,0.025412909624398936,0.5037899422467007,l40s
resnet152,gemm,366,layer3.25.conv2,256,256,3,1,1,1.1569392085075378,0.10592419293889124,0.5587477158305657,l40s
resnet152,gemm,366,layer3.25.conv3,256,1024,1,1,0,0.9556831985712051,0.029911758999022615,0.4615504430419956,l40s
resnet152,gemm,366,layer3.26.conv1,1024,256,1,1,0,1.0645423889160157,0.02800428573658361,0.5141243583394055,l40s
resnet152,gemm,366,layer3.26.conv2,256,256,3,1,1,1.155492800474167,0.09893909006799419,0.558049168163703,l40s
resnet152,gemm,366,layer3.26.conv3,256,1024,1,1,0,0.938984003663063,0.022291107304945892,0.45348551020669964,l40s
resnet152,gemm,366,layer3.27.conv1,1024,256,1,1,0,1.0492335975170135,0.01621959460485875,0.5067309255959914,l40s
resnet152,gemm,366,layer3.27.conv2,256,256,3,1,1,1.1596528053283692,0.1046487987695871,0.5600582566214518,l40s
resnet152,gemm,366,layer3.27.conv3,256,1024,1,1,0,0.9400207996368408,0.024381390341792472,0.45398623433971436,l40s
resnet152,gemm,366,layer3.28.conv1,1024,256,1,1,0,1.0438160061836244,0.02915884888673511,0.5041144814815772,l40s
resnet152,gemm,366,layer3.28.conv2,256,256,3,1,1,1.1603471994400025,0.09822683532760651,0.5603936166134965,l40s
resnet152,gemm,366,layer3.28.conv3,256,1024,1,1,0,0.9454544007778167,0.02955454751265226,0.45661041044501816,l40s
resnet152,gemm,366,layer3.29.conv1,1024,256,1,1,0,1.0607600033283233,0.02585871736014978,0.5122976423875449,l40s
resnet152,gemm,366,layer3.29.conv2,256,256,3,1,1,1.158836805820465,0.10690839990138476,0.5596641668907143,l40s
resnet152,gemm,366,layer3.29.conv3,256,1024,1,1,0,0.946984001994133,0.02527765893963072,0.4573491365418292,l40s
resnet152,gemm,366,layer3.30.conv1,1024,256,1,1,0,1.0499488055706023,0.026114600985678336,0.5070763377519178,l40s
resnet152,gemm,366,layer3.30.conv2,256,256,3,1,1,1.1800463914871215,0.0990035276217218,0.5699074082449811,l40s
resnet152,gemm,366,layer3.30.conv3,256,1024,1,1,0,0.9420688062906265,0.026499252503994118,0.4549753261013158,l40s
resnet152,gemm,366,layer3.31.conv1,1024,256,1,1,0,1.0718271911144257,0.0402012877793748,0.5176425782758617,l40s
resnet152,gemm,366,layer3.31.conv2,256,256,3,1,1,1.1476415991783142,0.03471116639585933,0.5542574038615469,l40s
resnet152,gemm,366,layer3.31.conv3,256,1024,1,1,0,0.9507248044013977,0.030203192250531186,0.4591557697556253,l40s
resnet152,gemm,366,layer3.32.conv1,1024,256,1,1,0,1.0512960076332092,0.030275166863180897,0.5077269735586297,l40s
resnet152,gemm,366,layer3.32.conv2,256,256,3,1,1,1.1643631994724273,0.10223595129485857,0.5623331574540109,l40s
resnet152,gemm,366,layer3.32.conv3,256,1024,1,1,0,0.9489983975887298,0.027020051314954746,0.45832199572836513,l40s
resnet152,gemm,366,layer3.33.conv1,1024,256,1,1,0,1.0679424047470092,0.031110479171011902,0.5157664075200241,l40s
resnet152,gemm,366,layer3.33.conv2,256,256,3,1,1,1.1645039856433868,0.10499138076890453,0.5624011506129131,l40s
resnet152,gemm,366,layer3.33.conv3,256,1024,1,1,0,0.946683195233345,0.02472675766736399,0.4572038608961766,l40s
resnet152,gemm,366,layer3.34.conv1,1024,256,1,1,0,1.0445823907852172,0.024631596012577413,0.504484609524986,l40s
resnet152,gemm,366,layer3.34.conv2,256,256,3,1,1,1.1726816058158875,0.10395548106551802,0.5663505600189692,l40s
resnet152,gemm,366,layer3.34.conv3,256,1024,1,1,0,0.9491616040468216,0.036889721182078235,0.4584008168410018,l40s
resnet152,gemm,366,layer3.35.conv1,1024,256,1,1,0,1.0616063952445984,0.026947268281114035,0.5127064102350157,l40s
resnet152,gemm,366,layer3.35.conv2,256,256,3,1,1,1.164190399646759,0.10616821335229479,0.5622497031919564,l40s
resnet152,gemm,366,layer3.35.conv3,256,1024,1,1,0,0.9550368010997772,0.022163023913456873,0.4612382631901736,l40s
resnet152,gemm,366,layer4.0.conv1,1024,512,1,1,0,1.3267680048942565,0.02916954385605743,0.6407671092140298,l40s
resnet152,gemm,366,layer4.0.conv2,512,512,3,2,1,1.8927055954933167,0.05364819339613442,0.9140885886181211,l40s
resnet152,gemm,366,layer4.0.conv3,512,2048,1,1,0,1.0472800105810165,0.08778228260782996,0.5057874341574284,l40s
resnet152,gemm,366,layer4.0.downsample.0,1024,2048,1,2,0,1.7959183931350708,0.08277534595115478,0.8673448808747698,l40s
resnet152,gemm,366,layer4.1.conv1,2048,512,1,1,0,1.2520351946353911,0.09582215862586287,0.6046746449577559,l40s
resnet152,gemm,366,layer4.1.conv2,512,512,3,1,1,1.8860144019126892,0.12947117689705245,0.9108570539775253,l40s
resnet152,gemm,366,layer4.1.conv3,512,2048,1,1,0,1.0389808058738708,0.08746855058448222,0.5017793050878726,l40s
resnet152,gemm,366,layer4.2.conv1,2048,512,1,1,0,1.2488800168037415,0.0911822509681874,0.6031508411195683,l40s
resnet152,gemm,366,layer4.2.conv2,512,512,3,1,1,1.85344158411026,0.05504248166910862,0.8951259011118956,l40s
resnet152,gemm,366,layer4.2.conv3,512,2048,1,1,0,1.0886639952659607,0.09611155930205174,0.5257739699621133,l40s
resnet152,gemm,369,conv1,3,64,7,2,3,1.5087455987930298,0.030681585623815854,0.7219393259725381,l40s
resnet152,gemm,369,layer1.0.conv1,64,64,1,1,0,1.089492803812027,0.02074679630090973,0.5213255972810856,l40s
resnet152,gemm,369,layer1.0.conv2,64,64,3,1,1,1.2404288053512573,0.027271818599215084,0.5935489298981904,l40s
resnet152,gemm,369,layer1.0.conv3,64,256,1,1,0,2.062627190351486,0.04294423922380844,0.9869733404533072,l40s
resnet152,gemm,369,layer1.0.downsample.0,64,256,1,1,0,1.8867087841033936,0.09098684272551337,0.9027958517272352,l40s
resnet152,gemm,369,layer1.1.conv1,256,64,1,1,0,1.8320896089076997,0.16826600898563676,0.8766604114266968,l40s
resnet152,gemm,369,layer1.1.conv2,64,64,3,1,1,1.2433280050754547,0.02315940870572543,0.5949362057228365,l40s
resnet152,gemm,369,layer1.1.conv3,64,256,1,1,0,1.7792399942874908,0.0354270286349713,0.8513717112062323,l40s
resnet152,gemm,369,layer1.2.conv1,256,64,1,1,0,1.7586655974388123,0.019840031543785677,0.8415268001721198,l40s
resnet152,gemm,369,layer1.2.conv2,64,64,3,1,1,1.2303903937339782,0.015321141814201626,0.5887455196197372,l40s
resnet152,gemm,369,layer1.2.conv3,64,256,1,1,0,1.7911456048488616,0.03835523563877136,0.8570685818190406,l40s
resnet152,gemm,369,layer2.0.conv1,256,128,1,1,0,2.128478395938873,0.035436692798433034,1.0184833412210104,l40s
resnet152,gemm,369,layer2.0.conv2,128,128,3,2,1,1.1613151967525481,0.020204021289238462,0.55569282923238,l40s
resnet152,gemm,369,layer2.0.conv3,128,512,1,1,0,1.372872006893158,0.021812651471420284,0.656923401861718,l40s
resnet152,gemm,369,layer2.0.downsample.0,256,512,1,2,0,2.1330911993980406,0.06859960425836033,1.0206905816085343,l40s
resnet152,gemm,369,layer2.1.conv1,512,128,1,1,0,1.211681592464447,0.03244988067479161,0.5797933017050109,l40s
resnet152,gemm,369,layer2.1.conv2,128,128,3,1,1,0.9728240102529526,0.021257446304890997,0.4654992271816811,l40s
resnet152,gemm,369,layer2.1.conv3,128,512,1,1,0,1.1978528082370759,0.06719057479393384,0.5731761866843509,l40s
resnet152,gemm,369,layer2.2.conv1,512,128,1,1,0,1.2104608058929442,0.03234089770179965,0.5792091516433358,l40s
resnet152,gemm,369,layer2.2.conv2,128,128,3,1,1,0.964638403058052,0.016886076962328897,0.4615823894154666,l40s
resnet152,gemm,369,layer2.2.conv3,128,512,1,1,0,1.1907520055770875,0.056663449432321926,0.5697784311645886,l40s
resnet152,gemm,369,layer2.3.conv1,512,128,1,1,0,1.1984255969524384,0.03256111423411124,0.5734502678146781,l40s
resnet152,gemm,369,layer2.3.conv2,128,128,3,1,1,0.9532608062028884,0.01932938362264303,0.4561381749558684,l40s
resnet152,gemm,369,layer2.3.conv3,128,512,1,1,0,1.1989999830722808,0.054497658110970314,0.5737251133078738,l40s
resnet152,gemm,369,layer2.4.conv1,512,128,1,1,0,1.2096736013889313,0.02613877167434998,0.578832471910527,l40s
resnet152,gemm,369,layer2.4.conv2,128,128,3,1,1,0.9524016082286835,0.022633728161589945,0.4557270461301268,l40s
resnet152,gemm,369,layer2.4.conv3,128,512,1,1,0,1.199097603559494,0.0602116996664096,0.573771825005854,l40s
resnet152,gemm,369,layer2.5.conv1,512,128,1,1,0,1.2074991941452027,0.03499217978198659,0.5777920114769172,l40s
resnet152,gemm,369,layer2.5.conv2,128,128,3,1,1,0.9667088061571121,0.02470496056550255,0.4625730835517229,l40s
resnet152,gemm,369,layer2.5.conv3,128,512,1,1,0,1.1925088047981263,0.06851786287364225,0.5706190648980162,l40s
resnet152,gemm,369,layer2.6.conv1,512,128,1,1,0,1.1985952019691468,0.02114485338986784,0.5735314243274409,l40s
resnet152,gemm,369,layer2.6.conv2,128,128,3,1,1,0.9585536003112793,0.021872807057629864,0.4586707929228603,l40s
resnet152,gemm,369,layer2.6.conv3,128,512,1,1,0,1.192980808019638,0.0658332709768641,0.5708449198651278,l40s
resnet152,gemm,369,layer2.7.conv1,512,128,1,1,0,1.1939280033111572,0.024859868815749236,0.5712981556729875,l40s
resnet152,gemm,369,layer2.7.conv2,128,128,3,1,1,0.9474671989679336,0.019520956023139798,0.45336591639518137,l40s
resnet152,gemm,369,layer2.7.conv3,128,512,1,1,0,1.186764794588089,0.05590581099492542,0.567870538663553,l40s
resnet152,gemm,369,layer3.0.conv1,512,256,1,1,0,1.5540688157081604,0.03455199252748243,0.7436266221587158,l40s
resnet152,gemm,369,layer3.0.conv2,256,256,3,2,1,1.4768944025039672,0.026366093821488808,0.7066984323462433,l40s
resnet152,gemm,369,layer3.0.conv3,256,1024,1,1,0,1.0458687901496888,0.029120342552242898,0.5004513749835692,l40s
resnet152,gemm,369,layer3.0.downsample.0,512,1024,1,2,0,1.7076128005981446,0.04515109802197312,0.8170978826861967,l40s
resnet152,gemm,369,layer3.1.conv1,1024,256,1,1,0,1.0696751952171326,0.02774337150789816,0.5118428117121792,l40s
resnet152,gemm,369,layer3.1.conv2,256,256,3,1,1,1.1768592059612275,0.02884828988417597,0.5631306845871874,l40s
resnet152,gemm,369,layer3.1.conv3,256,1024,1,1,0,1.07435040473938,0.02823209860208099,0.5140799135893755,l40s
resnet152,gemm,369,layer3.2.conv1,1024,256,1,1,0,1.0553263962268828,0.02177586626868737,0.5049768680568516,l40s
resnet152,gemm,369,layer3.2.conv2,256,256,3,1,1,1.1739423990249633,0.0298761120148245,0.5617349836583874,l40s
resnet152,gemm,369,layer3.2.conv3,256,1024,1,1,0,1.0674672096967697,0.03671976336670988,0.5107862839717814,l40s
resnet152,gemm,369,layer3.3.conv1,1024,256,1,1,0,1.0636496067047119,0.021001577872611615,0.5089595494095585,l40s
resnet152,gemm,369,layer3.3.conv2,256,256,3,1,1,1.1616624176502228,0.026332862676005833,0.5558589754806483,l40s
resnet152,gemm,369,layer3.3.conv3,256,1024,1,1,0,1.0616304099559783,0.03121965641566813,0.5079933576665948,l40s
resnet152,gemm,369,layer3.4.conv1,1024,256,1,1,0,1.070752000808716,0.025247649493087363,0.512358066440089,l40s
resnet152,gemm,369,layer3.4.conv2,256,256,3,1,1,1.1564832091331483,0.02208313459944937,0.5533807085621704,l40s
resnet152,gemm,369,layer3.4.conv3,256,1024,1,1,0,1.0556784003973008,0.032802391969759974,0.5051453031155748,l40s
resnet152,gemm,369,layer3.5.conv1,1024,256,1,1,0,1.064076793193817,0.025289213583035357,0.5091639594348509,l40s
resnet152,gemm,369,layer3.5.conv2,256,256,3,1,1,1.1694720089435577,0.02376244257414394,0.5595958885022615,l40s
resnet152,gemm,369,layer3.5.conv3,256,1024,1,1,0,1.0574799865484237,0.03496096855543923,0.5060073675303202,l40s
resnet152,gemm,369,layer3.6.conv1,1024,256,1,1,0,1.0636944055557251,0.03336746565477911,0.5089809857950768,l40s
resnet152,gemm,369,layer3.6.conv2,256,256,3,1,1,1.1729007959365845,0.03176388666128702,0.561236573434585,l40s
resnet152,gemm,369,layer3.6.conv3,256,1024,1,1,0,1.0614367961883544,0.028324316465126956,0.507900712894004,l40s
resnet152,gemm,369,layer3.7.conv1,1024,256,1,1,0,1.0562592089176177,0.035868174855797304,0.5054232217467954,l40s
resnet152,gemm,369,layer3.7.conv2,256,256,3,1,1,1.163123208284378,0.025776774111785587,0.5565579682112006,l40s
resnet152,gemm,369,layer3.7.conv3,256,1024,1,1,0,1.051179200410843,0.032131781469452066,0.5029924223328653,l40s
resnet152,gemm,369,layer3.8.conv1,1024,256,1,1,0,1.0664159834384919,0.033118422601853964,0.510283269032117,l40s
resnet152,gemm,369,layer3.8.conv2,256,256,3,1,1,1.1621824026107788,0.02568488563617782,0.5561077898548145,l40s
resnet152,gemm,369,layer3.8.conv3,256,1024,1,1,0,1.0646095901727677,0.029940342013295103,0.5094189043985158,l40s
resnet152,gemm,369,layer3.9.conv1,1024,256,1,1,0,1.075595200061798,0.02850646171559947,0.5146755519108787,l40s
resnet152,gemm,369,layer3.9.conv2,256,256,3,1,1,1.1587695956230164,0.024113027626150207,0.5544747514032753,l40s
resnet152,gemm,369,layer3.9.conv3,256,1024,1,1,0,1.0706543892621994,0.037407099919265434,0.512311359020259,l40s
resnet152,gemm,369,layer3.10.conv1,1024,256,1,1,0,1.0580799996852874,0.02990174854828967,0.5062944756285632,l40s
resnet152,gemm,369,layer3.10.conv2,256,256,3,1,1,1.152809602022171,0.025014688204288187,0.5516228764639634,l40s
resnet152,gemm,369,layer3.10.conv3,256,1024,1,1,0,1.0558016151189804,0.032947090964948175,0.5052042617320509,l40s
resnet152,gemm,369,layer3.11.conv1,1024,256,1,1,0,1.068694394826889,0.03511994622667952,0.5113734957630804,l40s
resnet152,gemm,369,layer3.11.conv2,256,256,3,1,1,1.1557504177093505,0.034382737150343394,0.5530300656525915,l40s
resnet152,gemm,369,layer3.11.conv3,256,1024,1,1,0,1.0552623987197876,0.036243172124570594,0.5049462450564113,l40s
resnet152,gemm,369,layer3.12.conv1,1024,256,1,1,0,1.058296000957489,0.03040836145457553,0.5063978328897126,l40s
resnet152,gemm,369,layer3.12.conv2,256,256,3,1,1,1.1511119902133942,0.030095133220757075,0.5508105640860702,l40s
resnet152,gemm,369,layer3.12.conv3,256,1024,1,1,0,1.060268822312355,0.02850079349855586,0.5073418338666404,l40s
resnet152,gemm,369,layer3.13.conv1,1024,256,1,1,0,1.0584527969360351,0.025849887050857695,0.5064728602390267,l40s
resnet152,gemm,369,layer3.13.conv2,256,256,3,1,1,1.1568319976329804,0.027908762272045216,0.5535476049128057,l40s
resnet152,gemm,369,layer3.13.conv3,256,1024,1,1,0,1.0694384098052978,0.045086728158650204,0.5117295091774398,l40s
resnet152,gemm,369,layer3.14.conv1,1024,256,1,1,0,1.058955192565918,0.027664957349698885,0.5067132580653397,l40s
resnet152,gemm,369,layer3.14.conv2,256,256,3,1,1,1.1589008152484894,0.027286251308410784,0.5545375403903943,l40s
resnet152,gemm,369,layer3.14.conv3,256,1024,1,1,0,1.0624544024467468,0.024711274953779033,0.5083876405621788,l40s
resnet152,gemm,369,layer3.15.conv1,1024,256,1,1,0,1.0542287945747375,0.03431145735468639,0.5044516623511515,l40s
resnet152,gemm,369,layer3.15.conv2,256,256,3,1,1,1.1551551938056945,0.02306602663595184,0.5527452492169036,l40s
resnet152,gemm,369,layer3.15.conv3,256,1024,1,1,0,1.0604208022356034,0.047017480665522096,0.5074145567189484,l40s
resnet152,gemm,369,layer3.16.conv1,1024,256,1,1,0,1.0678191959857941,0.03536797520481842,0.5109547104742038,l40s
resnet152,gemm,369,layer3.16.conv2,256,256,3,1,1,1.1511647939682006,0.02660860341244093,0.5508358308422313,l40s
resnet152,gemm,369,layer3.16.conv3,256,1024,1,1,0,1.0649184048175813,0.0389679060766133,0.5095666731387896,l40s
resnet152,gemm,369,layer3.17.conv1,1024,256,1,1,0,1.0574559926986695,0.030176419883856786,0.5059958864007428,l40s
resnet152,gemm,369,layer3.17.conv2,256,256,3,1,1,1.1608368098735808,0.03320467181099776,0.555463919665895,l40s
resnet152,gemm,369,layer3.17.conv3,256,1024,1,1,0,1.0733936071395873,0.03164512739653393,0.5136220830480046,l40s
resnet152,gemm,369,layer3.18.conv1,1024,256,1,1,0,1.063377606868744,0.030984915878682632,0.5088293966665113,l40s
resnet152,gemm,369,layer3.18.conv2,256,256,3,1,1,1.1502431869506835,0.024029515843940235,0.5503948391007674,l40s
resnet152,gemm,369,layer3.18.conv3,256,1024,1,1,0,1.0650544047355652,0.03821477834874986,0.5096317495103131,l40s
resnet152,gemm,369,layer3.19.conv1,1024,256,1,1,0,1.0589407920837401,0.026080116862826522,0.5067063673911231,l40s
resnet152,gemm,369,layer3.19.conv2,256,256,3,1,1,1.1669824063777923,0.02401492098326834,0.5584046061550546,l40s
resnet152,gemm,369,layer3.19.conv3,256,1024,1,1,0,1.0573440045118332,0.03050277437212277,0.5059422997150973,l40s
resnet152,gemm,369,layer3.20.conv1,1024,256,1,1,0,1.0703407943248748,0.028221959354099924,0.5121613028955806,l40s
resnet152,gemm,369,layer3.20.conv2,256,256,3,1,1,1.165664005279541,0.031964929544593824,0.5577737472474997,l40s
resnet152,gemm,369,layer3.20.conv3,256,1024,1,1,0,1.0661295890808105,0.03381456727495396,0.5101462284669533,l40s
resnet152,gemm,369,layer3.21.conv1,1024,256,1,1,0,1.0648912012577056,0.021185948029462876,0.5095536561532246,l40s
resnet152,gemm,369,layer3.21.conv2,256,256,3,1,1,1.1678176045417785,0.024222433128954408,0.5588042509991186,l40s
resnet152,gemm,369,layer3.21.conv3,256,1024,1,1,0,1.0553519994020462,0.030476855153968856,0.504989119253498,l40s
resnet152,gemm,369,layer3.22.conv1,1024,256,1,1,0,1.0623039960861207,0.017872084960171793,0.5083156706643384,l40s
resnet152,gemm,369,layer3.22.conv2,256,256,3,1,1,1.1517984032630921,0.0271573056004112,0.5511390148035631,l40s
resnet152,gemm,369,layer3.22.conv3,256,1024,1,1,0,1.063795194029808,0.03300209387312128,0.5090292133843427,l40s
resnet152,gemm,369,layer3.23.conv1,1024,256,1,1,0,1.0603743970394135,0.02402653952315074,0.5073923516924113,l40s
resnet152,gemm,369,layer3.23.conv2,256,256,3,1,1,1.1455648064613342,0.030890605011425282,0.5481562199062352,l40s
resnet152,gemm,369,layer3.23.conv3,256,1024,1,1,0,1.065446412563324,0.04215994230847654,0.5098193264398992,l40s
resnet152,gemm,369,layer3.24.conv1,1024,256,1,1,0,1.0536255955696106,0.019134031519614954,0.5041630298053219,l40s
resnet152,gemm,369,layer3.24.conv2,256,256,3,1,1,1.1498400032520295,0.023887885133264165,0.5502019144832028,l40s
resnet152,gemm,369,layer3.24.conv3,256,1024,1,1,0,1.0648831933736802,0.049051101952699155,0.5095498243565316,l40s
resnet152,gemm,369,layer3.25.conv1,1024,256,1,1,0,1.0608720004558563,0.03317450684088977,0.5076304564301191,l40s
resnet152,gemm,369,layer3.25.conv2,256,256,3,1,1,1.156339204311371,0.023687947248786326,0.553311801820004,l40s
resnet152,gemm,369,layer3.25.conv3,256,1024,1,1,0,1.0572383940219878,0.03656002532914453,0.505891764776725,l40s
resnet152,gemm,369,layer3.26.conv1,1024,256,1,1,0,1.058179211616516,0.033465418743079865,0.5063419488373115,l40s
resnet152,gemm,369,layer3.26.conv2,256,256,3,1,1,1.1574383974075317,0.029256515998213738,0.5538377690364723,l40s
resnet152,gemm,369,layer3.26.conv3,256,1024,1,1,0,1.0755327939987183,0.03794386921537901,0.5146456904212063,l40s
resnet152,gemm,369,layer3.27.conv1,1024,256,1,1,0,1.065608024597168,0.028752573653370493,0.5098966582862196,l40s
resnet152,gemm,369,layer3.27.conv2,256,256,3,1,1,1.1410528063774108,0.017419786229146975,0.5459972142382277,l40s
resnet152,gemm,369,layer3.27.conv3,256,1024,1,1,0,1.0604303896427154,0.028474731865038953,0.5074191443222089,l40s
resnet152,gemm,369,layer3.28.conv1,1024,256,1,1,0,1.0730591893196106,0.02925397383775082,0.5134620631110847,l40s
resnet152,gemm,369,layer3.28.conv2,256,256,3,1,1,1.1580576062202455,0.02893947586088889,0.5541340623235873,l40s
resnet152,gemm,369,layer3.28.conv3,256,1024,1,1,0,1.0666896045207976,0.04449138165077148,0.5104141975464337,l40s
resnet152,gemm,369,layer3.29.conv1,1024,256,1,1,0,1.0611567974090577,0.029893312338201368,0.5077667326324143,l40s
resnet152,gemm,369,layer3.29.conv2,256,256,3,1,1,1.1535855889320374,0.02814188500297633,0.5519941885440919,l40s
resnet152,gemm,369,layer3.29.conv3,256,1024,1,1,0,1.0670864015817643,0.031036235724783545,0.5106040661385749,l40s
resnet152,gemm,369,layer3.30.conv1,1024,256,1,1,0,1.0628416121006012,0.02457966321163626,0.5085729215510595,l40s
resnet152,gemm,369,layer3.30.conv2,256,256,3,1,1,1.159198385477066,0.03004411516687781,0.5546799286435364,l40s
resnet152,gemm,369,layer3.30.conv3,256,1024,1,1,0,1.0667487978935242,0.04550168687339908,0.5104425217540683,l40s
resnet152,gemm,369,layer3.31.conv1,1024,256,1,1,0,1.07259681224823,0.025435335463196297,0.5132408142858852,l40s
resnet152,gemm,369,layer3.31.conv2,256,256,3,1,1,1.1462128043174744,0.02436102413301745,0.5484662888375831,l40s
resnet152,gemm,369,layer3.31.conv3,256,1024,1,1,0,1.0602447986602783,0.028606891044980334,0.5073303384765617,l40s
resnet152,gemm,369,layer3.32.conv1,1024,256,1,1,0,1.0625520050525665,0.02550036570468494,0.5084343437038582,l40s
resnet152,gemm,369,layer3.32.conv2,256,256,3,1,1,1.1516192078590393,0.025149994509149325,0.5510532692614897,l40s
resnet152,gemm,369,layer3.32.conv3,256,1024,1,1,0,1.06249281167984,0.030922740431211942,0.5084060194962235,l40s
resnet152,gemm,369,layer3.33.conv1,1024,256,1,1,0,1.0644511938095094,0.025819166800305843,0.5093431112602831,l40s
resnet152,gemm,369,layer3.33.conv2,256,256,3,1,1,1.1575888097286224,0.028770680316580283,0.5539097417864131,l40s
resnet152,gemm,369,layer3.33.conv3,256,1024,1,1,0,1.0496832013130188,0.023345169163049025,0.5022765822461054,l40s
resnet152,gemm,369,layer3.34.conv1,1024,256,1,1,0,1.073908805847168,0.03434431714509947,0.5138686071856658,l40s
resnet152,gemm,369,layer3.34.conv2,256,256,3,1,1,1.1608192145824432,0.03704983123447525,0.5554555002659416,l40s
resnet152,gemm,369,layer3.34.conv3,256,1024,1,1,0,1.0583887904882432,0.038679976865048704,0.506442232960436,l40s
resnet152,gemm,369,layer3.35.conv1,1024,256,1,1,0,1.0547552108764648,0.02671720395008019,0.504703554141493,l40s
resnet152,gemm,369,layer3.35.conv2,256,256,3,1,1,1.154427206516266,0.02371457100282859,0.5523969051001306,l40s
resnet152,gemm,369,layer3.35.conv3,256,1024,1,1,0,1.0607375860214234,0.03450751694805732,0.5075661387172634,l40s
resnet152,gemm,369,layer4.0.conv1,1024,512,1,1,0,1.3666320025920868,0.03600091757221648,0.6539375409566159,l40s
resnet152,gemm,369,layer4.0.conv2,512,512,3,2,1,1.9068560123443603,0.036357087739847645,0.9124363612923561,l40s
resnet152,gemm,369,layer4.0.conv3,512,2048,1,1,0,1.0281696140766143,0.023316299152498023,0.4919822657747757,l40s
resnet152,gemm,369,layer4.0.downsample.0,1024,2048,1,2,0,1.7339120030403137,0.02558075752996444,0.8296821304877503,l40s
resnet152,gemm,369,layer4.1.conv1,2048,512,1,1,0,1.2381392061710357,0.03248869446522171,0.5924533497750478,l40s
resnet152,gemm,369,layer4.1.conv2,512,512,3,1,1,1.8518224120140077,0.0251045435442534,0.8861026173131719,l40s
resnet152,gemm,369,layer4.1.conv3,512,2048,1,1,0,1.0219696044921875,0.025161928527752175,0.4890155424623862,l40s
resnet152,gemm,369,layer4.2.conv1,2048,512,1,1,0,1.2167952060699463,0.026595671192957495,0.5822401812601801,l40s
resnet152,gemm,369,layer4.2.conv2,512,512,3,1,1,1.8348975956439972,0.028653615972261293,0.8780040415611371,l40s
resnet152,gemm,369,layer4.2.conv3,512,2048,1,1,0,1.0222944080829621,0.02092553835929201,0.48917096196159454,l40s
resnet152,gemm,372,conv1,3,64,7,2,3,1.5284768104553224,0.022249419411885334,0.7284901409198647,l40s
resnet152,gemm,372,layer1.0.conv1,64,64,1,1,0,1.0814799964427948,0.027261476944585302,0.5154461681207531,l40s
resnet152,gemm,372,layer1.0.conv2,64,64,3,1,1,1.3293232023715973,0.03367366082822293,0.6335711738637707,l40s
resnet152,gemm,372,layer1.0.conv3,64,256,1,1,0,1.792900800704956,0.07160566340618457,0.8545177447421075,l40s
resnet152,gemm,372,layer1.0.downsample.0,64,256,1,1,0,1.8235872089862823,0.09411369825912123,0.869143250173576,l40s
resnet152,gemm,372,layer1.1.conv1,256,64,1,1,0,1.7902992129325868,0.03292749576363344,0.8532777972139902,l40s
resnet152,gemm,372,layer1.1.conv2,64,64,3,1,1,1.3107216000556945,0.021983300052007063,0.6247054300070416,l40s
resnet152,gemm,372,layer1.1.conv3,64,256,1,1,0,1.7740208029747009,0.03952307350680344,0.8455193143354446,l40s
resnet152,gemm,372,layer1.2.conv1,256,64,1,1,0,1.780617594718933,0.038317580864940366,0.8486634233690277,l40s
resnet152,gemm,372,layer1.2.conv2,64,64,3,1,1,1.3089935958385468,0.026253849095036145,0.6238818427422239,l40s
resnet152,gemm,372,layer1.2.conv3,64,256,1,1,0,1.766159999370575,0.033578812645201024,0.8417727622869335,l40s
resnet152,gemm,372,layer2.0.conv1,256,128,1,1,0,2.087566387653351,0.043049625426163786,0.9949588515301947,l40s
resnet152,gemm,372,layer2.0.conv2,128,128,3,2,1,1.1720464050769805,0.05411814489823784,0.5586111905386397,l40s
resnet152,gemm,372,layer2.0.conv3,128,512,1,1,0,1.3376191914081574,0.0285836021522522,0.6375251404408058,l40s
resnet152,gemm,372,layer2.0.downsample.0,256,512,1,2,0,2.167342412471771,0.050529570517624356,1.032981049292348,l40s
resnet152,gemm,372,layer2.1.conv1,512,128,1,1,0,1.20068479180336,0.023761247141657046,0.5722605846539505,l40s
resnet152,gemm,372,layer2.1.conv2,128,128,3,1,1,0.9869199901819229,0.037060964700674034,0.47037774980052666,l40s
resnet152,gemm,372,layer2.1.conv3,128,512,1,1,0,1.1927231907844544,0.025780263006984574,0.568465991364385,l40s
resnet152,gemm,372,layer2.2.conv1,512,128,1,1,0,1.2084527969360352,0.025571577506510942,0.5759629078524837,l40s
resnet152,gemm,372,layer2.2.conv2,128,128,3,1,1,0.9660176068544388,0.03732477596138871,0.46041542647861516,l40s
resnet152,gemm,372,layer2.2.conv3,128,512,1,1,0,1.2021328151226043,0.04365425204631947,0.572950729708606,l40s
resnet152,gemm,372,layer2.3.conv1,512,128,1,1,0,1.2031184136867523,0.03198977220062244,0.5734204776511167,l40s
resnet152,gemm,372,layer2.3.conv2,128,128,3,1,1,0.9588255971670151,0.027235680873821208,0.4569876295275266,l40s
resnet152,gemm,372,layer2.3.conv3,128,512,1,1,0,1.1942272007465362,0.048092901672563415,0.5691828203157483,l40s
resnet152,gemm,372,layer2.4.conv1,512,128,1,1,0,1.211160010099411,0.029326098379321257,0.5772531976922755,l40s
resnet152,gemm,372,layer2.4.conv2,128,128,3,1,1,0.9613472044467926,0.0338314611410428,0.4581894574061206,l40s
resnet152,gemm,372,layer2.4.conv3,128,512,1,1,0,1.1775871992111206,0.023781518761339743,0.5612519986110797,l40s
resnet152,gemm,372,layer2.5.conv1,512,128,1,1,0,1.197761607170105,0.03645690613088518,0.5708673602550927,l40s
resnet152,gemm,372,layer2.5.conv2,128,128,3,1,1,1.0088031977415084,0.19801640633585219,0.48080754556178007,l40s
resnet152,gemm,372,layer2.5.conv3,128,512,1,1,0,1.1842128038406372,0.044249852594512314,0.5644098402068564,l40s
resnet152,gemm,372,layer2.6.conv1,512,128,1,1,0,1.195715194940567,0.023266759278886565,0.5698920159624749,l40s
resnet152,gemm,372,layer2.6.conv2,128,128,3,1,1,0.9611136049032212,0.03313735856113654,0.45807812109846374,l40s
resnet152,gemm,372,layer2.6.conv3,128,512,1,1,0,1.1725279986858368,0.026672487087908182,0.5588407237533944,l40s
resnet152,gemm,372,layer2.7.conv1,512,128,1,1,0,1.2096160113811494,0.0433643501002631,0.5765173096263574,l40s
resnet152,gemm,372,layer2.7.conv2,128,128,3,1,1,0.966142401099205,0.04044894710583506,0.4604749048928991,l40s
resnet152,gemm,372,layer2.7.conv3,128,512,1,1,0,1.1721680104732513,0.02861908558063348,0.5586691491099834,l40s
resnet152,gemm,372,layer3.0.conv1,512,256,1,1,0,1.5676271975040437,0.04614008267654984,0.747149678822631,l40s
resnet152,gemm,372,layer3.0.conv2,256,256,3,2,1,1.480545598268509,0.02981989340563635,0.7056455578149173,l40s
resnet152,gemm,372,layer3.0.conv3,256,1024,1,1,0,1.0530223906040193,0.04679702320337517,0.5018829363164341,l40s
resnet152,gemm,372,layer3.0.downsample.0,512,1024,1,2,0,1.7363935828208923,0.09498086690045267,0.8275857358049955,l40s
resnet152,gemm,372,layer3.1.conv1,1024,256,1,1,0,1.0868656098842622,0.06273725325975393,0.5180130152381428,l40s
resnet152,gemm,372,layer3.1.conv2,256,256,3,1,1,1.172439992427826,0.027141478848843704,0.5587987789290689,l40s
resnet152,gemm,372,layer3.1.conv3,256,1024,1,1,0,1.0873247921466827,0.04715929346150656,0.5182318669398962,l40s
resnet152,gemm,372,layer3.2.conv1,1024,256,1,1,0,1.0939456045627594,0.055634850006392726,0.5213874245100204,l40s
resnet152,gemm,372,layer3.2.conv2,256,256,3,1,1,1.1736751914024353,0.02859822807992637,0.5593874893818034,l40s
resnet152,gemm,372,layer3.2.conv3,256,1024,1,1,0,1.095718401670456,0.05072998062288461,0.5222323605967011,l40s
resnet152,gemm,372,layer3.3.conv1,1024,256,1,1,0,1.0845327854156495,0.05481726579422978,0.5169011634820311,l40s
resnet152,gemm,372,layer3.3.conv2,256,256,3,1,1,1.1745824098587037,0.03342575034342724,0.5598198804370889,l40s
resnet152,gemm,372,layer3.3.conv3,256,1024,1,1,0,1.0834704101085664,0.049867143294840155,0.5163948228350073,l40s
resnet152,gemm,372,layer3.4.conv1,1024,256,1,1,0,1.0781471967697143,0.05202456280811207,0.5138577163451733,l40s
resnet152,gemm,372,layer3.4.conv2,256,256,3,1,1,1.1665808022022248,0.02149558934277587,0.5560062195104848,l40s
resnet152,gemm,372,layer3.4.conv3,256,1024,1,1,0,1.1015151858329773,0.05520180036557557,0.5249951765469014,l40s
resnet152,gemm,372,layer3.5.conv1,1024,256,1,1,0,1.0703664004802704,0.049565891383146835,0.5101492967299113,l40s
resnet152,gemm,372,layer3.5.conv2,256,256,3,1,1,1.1646735966205597,0.026341511855702632,0.5550972227540757,l40s
resnet152,gemm,372,layer3.5.conv3,256,1024,1,1,0,1.07224959731102,0.048088285044074607,0.5110468506314348,l40s
resnet152,gemm,372,layer3.6.conv1,1024,256,1,1,0,1.1105168104171752,0.1502187763674354,0.5292854573787686,l40s
resnet152,gemm,372,layer3.6.conv2,256,256,3,1,1,1.1621200144290924,0.049991311182185444,0.5538801552540734,l40s
resnet152,gemm,372,layer3.6.conv3,256,1024,1,1,0,1.1064239978790282,0.14131665451633335,0.5273347744751888,l40s
resnet152,gemm,372,layer3.7.conv1,1024,256,1,1,0,1.0836848080158235,0.05973701611959394,0.5164970074155009,l40s
resnet152,gemm,372,layer3.7.conv2,256,256,3,1,1,1.1634272038936615,0.03186604512869802,0.5545031772264966,l40s
resnet152,gemm,372,layer3.7.conv3,256,1024,1,1,0,1.0774432063102721,0.05648916707644614,0.5135221861588485,l40s
resnet152,gemm,372,layer3.8.conv1,1024,256,1,1,0,1.0875376105308532,0.04930720703678333,0.5183332987009894,l40s
resnet152,gemm,372,layer3.8.conv2,256,256,3,1,1,1.1562608003616333,0.03437133858409714,0.5510875844721774,l40s
resnet152,gemm,372,layer3.8.conv3,256,1024,1,1,0,1.0969903886318206,0.0646502947384579,0.522838604639394,l40s
resnet152,gemm,372,layer3.9.conv1,1024,256,1,1,0,1.0698879837989808,0.04676300261091415,0.5099212776764411,l40s
resnet152,gemm,372,layer3.9.conv2,256,256,3,1,1,1.1599727869033813,0.03136676015392074,0.5528567611979174,l40s
resnet152,gemm,372,layer3.9.conv3,256,1024,1,1,0,1.078031998872757,0.06968627399496342,0.51380281166385,l40s
resnet152,gemm,372,layer3.10.conv1,1024,256,1,1,0,1.0768335998058318,0.04997871202018229,0.5132316404827298,l40s
resnet152,gemm,372,layer3.10.conv2,256,256,3,1,1,1.1576848030090332,0.02495892208499578,0.5517662809902919,l40s
resnet152,gemm,372,layer3.10.conv3,256,1024,1,1,0,1.0998848021030425,0.06200893134783788,0.5242181163618536,l40s
resnet152,gemm,372,layer3.11.conv1,1024,256,1,1,0,1.0744880080223083,0.047703620139239185,0.5121137036732009,l40s
resnet152,gemm,372,layer3.11.conv2,256,256,3,1,1,1.148521602153778,0.024331661416275237,0.54739899099501,l40s
resnet152,gemm,372,layer3.11.conv3,256,1024,1,1,0,1.089710396528244,0.059047511123163185,0.5193688742272916,l40s
resnet152,gemm,372,layer3.12.conv1,1024,256,1,1,0,1.0775487959384917,0.047798726327499916,0.5135725114255554,l40s
resnet152,gemm,372,layer3.12.conv2,256,256,3,1,1,1.157921600341797,0.03300286570865637,0.551879141402131,l40s
resnet152,gemm,372,layer3.12.conv3,256,1024,1,1,0,1.0855183959007264,0.05795306291784267,0.5173709171061974,l40s
resnet152,gemm,372,layer3.13.conv1,1024,256,1,1,0,1.066788798570633,0.048267913986482475,0.5084441693105881,l40s
resnet152,gemm,372,layer3.13.conv2,256,256,3,1,1,1.1608976066112517,0.03466831975821832,0.5532975412180677,l40s
resnet152,gemm,372,layer3.13.conv3,256,1024,1,1,0,1.0867504060268403,0.05973682687550286,0.5179581077159916,l40s
resnet152,gemm,372,layer3.14.conv1,1024,256,1,1,0,1.076999992132187,0.05744517790833979,0.5133109450351085,l40s
resnet152,gemm,372,layer3.14.conv2,256,256,3,1,1,1.1564784109592439,0.026663603437017784,0.5511913002589232,l40s
resnet152,gemm,372,layer3.14.conv3,256,1024,1,1,0,1.0995487987995147,0.06708008527282211,0.5240579732100163,l40s
resnet152,gemm,372,layer3.15.conv1,1024,256,1,1,0,1.0798448026180267,0.062241905595044875,0.5146668153875691,l40s
resnet152,gemm,372,layer3.15.conv2,256,256,3,1,1,1.1666880071163177,0.03693306781780982,0.5560573146415595,l40s
resnet152,gemm,372,layer3.15.conv3,256,1024,1,1,0,1.0822415947914124,0.06169150489111573,0.5158091549089814,l40s
resnet152,gemm,372,layer3.16.conv1,1024,256,1,1,0,1.0724272012710572,0.06033030122587011,0.5111314987811422,l40s
resnet152,gemm,372,layer3.16.conv2,256,256,3,1,1,1.149695986509323,0.025855477945760603,0.5479587164804168,l40s
resnet152,gemm,372,layer3.16.conv3,256,1024,1,1,0,1.0934880018234252,0.05956182777646365,0.5211693256276674,l40s
resnet152,gemm,372,layer3.17.conv1,1024,256,1,1,0,1.071396803855896,0.047258591090715354,0.5106403991759407,l40s
resnet152,gemm,372,layer3.17.conv2,256,256,3,1,1,1.160953587293625,0.03449598622708866,0.5533242222739477,l40s
resnet152,gemm,372,layer3.17.conv3,256,1024,1,1,0,1.07053599357605,0.04449634523483695,0.5102301268068862,l40s
resnet152,gemm,372,layer3.18.conv1,1024,256,1,1,0,1.0649696230888366,0.040930501440753816,0.5075771287418163,l40s
resnet152,gemm,372,layer3.18.conv2,256,256,3,1,1,1.1631327986717224,0.03747683897760915,0.5543628602127538,l40s
resnet152,gemm,372,layer3.18.conv3,256,1024,1,1,0,1.0952624022960662,0.056065115926950265,0.5220150258970601,l40s
resnet152,gemm,372,layer3.19.conv1,1024,256,1,1,0,1.0742063999176026,0.04678088775584541,0.5119794859170151,l40s
resnet152,gemm,372,layer3.19.conv2,256,256,3,1,1,1.1513200044631957,0.022105035340051534,0.5487327426612396,l40s
resnet152,gemm,372,layer3.19.conv3,256,1024,1,1,0,1.0786880016326905,0.059491144132606706,0.5141154703445436,l40s
resnet152,gemm,372,layer3.20.conv1,1024,256,1,1,0,1.0750399947166442,0.05488763070548474,0.5123767870657601,l40s
resnet152,gemm,372,layer3.20.conv2,256,256,3,1,1,1.1625152051448822,0.02238921798746325,0.5540685078272146,l40s
resnet152,gemm,372,layer3.20.conv3,256,1024,1,1,0,1.0947231888771056,0.051586568153754946,0.5217580303987459,l40s
resnet152,gemm,372,layer3.21.conv1,1024,256,1,1,0,1.0778815925121308,0.0503353729971908,0.5137311262119686,l40s
resnet152,gemm,372,layer3.21.conv2,256,256,3,1,1,1.1518383979797364,0.026521709121094205,0.5489798151476087,l40s
resnet152,gemm,372,layer3.21.conv3,256,1024,1,1,0,1.086742389202118,0.04829530908183168,0.5179542868024313,l40s
resnet152,gemm,372,layer3.22.conv1,1024,256,1,1,0,1.0883359849452972,0.05855237233705304,0.5187138133975205,l40s
resnet152,gemm,372,layer3.22.conv2,256,256,3,1,1,1.1499616086483002,0.03166668230045863,0.5480853151361054,l40s
resnet152,gemm,372,layer3.22.conv3,256,1024,1,1,0,1.087940800189972,0.04790226910360033,0.5185254636652072,l40s
resnet152,gemm,372,layer3.23.conv1,1024,256,1,1,0,1.0775823891162872,0.05585071812895108,0.5135885223317457,l40s
resnet152,gemm,372,layer3.23.conv2,256,256,3,1,1,1.1566495954990388,0.02743359075909086,0.5512728888369542,l40s
resnet152,gemm,372,layer3.23.conv3,256,1024,1,1,0,1.0762096047401428,0.052742963347860924,0.5129342370479982,l40s
resnet152,gemm,372,layer3.24.conv1,1024,256,1,1,0,1.0870208024978638,0.043291342822738776,0.5180869818748488,l40s
resnet152,gemm,372,layer3.24.conv2,256,256,3,1,1,1.1518111884593965,0.023452587510352826,0.5489668467681271,l40s
resnet152,gemm,372,layer3.24.conv3,256,1024,1,1,0,1.0835296094417572,0.04964137021283056,0.5164230379379671,l40s
resnet152,gemm,372,layer3.25.conv1,1024,256,1,1,0,1.087219202518463,0.06001657961538165,0.5181815416731893,l40s
resnet152,gemm,372,layer3.25.conv2,256,256,3,1,1,1.1691152095794677,0.034807317949450044,0.5572141480670496,l40s
resnet152,gemm,372,layer3.25.conv3,256,1024,1,1,0,1.0787407815456391,0.053104212371443325,0.5141406258758273,l40s
resnet152,gemm,372,layer3.26.conv1,1024,256,1,1,0,1.0806879997253418,0.043891910500578224,0.5150686931101027,l40s
resnet152,gemm,372,layer3.26.conv2,256,256,3,1,1,1.162472003698349,0.03143384025153113,0.5540479175064078,l40s
resnet152,gemm,372,layer3.26.conv3,256,1024,1,1,0,1.0970944225788117,0.054611569480729184,0.5228881884500122,l40s
resnet152,gemm,372,layer3.27.conv1,1024,256,1,1,0,1.0803920090198518,0.05367662131170662,0.5149276204361318,l40s
resnet152,gemm,372,layer3.27.conv2,256,256,3,1,1,1.167342382669449,0.027513645937246096,0.5563691977762294,l40s
resnet152,gemm,372,layer3.27.conv3,256,1024,1,1,0,1.0789168000221252,0.0597736516453011,0.5142245183653061,l40s
resnet152,gemm,372,layer3.28.conv1,1024,256,1,1,0,1.0674447953701018,0.0523473372807301,0.5087568251504537,l40s
resnet152,gemm,372,layer3.28.conv2,256,256,3,1,1,1.1715728104114533,0.032686210989492925,0.5583854697149617,l40s
resnet152,gemm,372,layer3.28.conv3,256,1024,1,1,0,1.098995190858841,0.06364484416764059,0.5237941171122613,l40s
resnet152,gemm,372,layer3.29.conv1,1024,256,1,1,0,1.0768448054790496,0.05508739963007747,0.5132369812392306,l40s
resnet152,gemm,372,layer3.29.conv2,256,256,3,1,1,1.155108791589737,0.02419126544043718,0.5505385234548044,l40s
resnet152,gemm,372,layer3.29.conv3,256,1024,1,1,0,1.0821280121803283,0.05627613185796894,0.5157550200920259,l40s
resnet152,gemm,372,layer3.30.conv1,1024,256,1,1,0,1.0846223890781403,0.05351677274729996,0.5169438696482407,l40s
resnet152,gemm,372,layer3.30.conv2,256,256,3,1,1,1.163379192352295,0.0215173915906204,0.5544802943575536,l40s
resnet152,gemm,372,layer3.30.conv3,256,1024,1,1,0,1.0992047905921936,0.057706572422434974,0.5238940148262746,l40s
resnet152,gemm,372,layer3.31.conv1,1024,256,1,1,0,1.0671135902404785,0.055800771100759636,0.5085989688650968,l40s
resnet152,gemm,372,layer3.31.conv2,256,256,3,1,1,1.1523663878440857,0.028571237610052647,0.5492314613669383,l40s
resnet152,gemm,372,layer3.31.conv3,256,1024,1,1,0,1.0788463950157166,0.05877180071114704,0.5141909625058458,l40s
resnet152,gemm,372,layer3.32.conv1,1024,256,1,1,0,1.0737296104431153,0.04465326662837906,0.5117522424095687,l40s
resnet152,gemm,372,layer3.32.conv2,256,256,3,1,1,1.1615728080272674,0.02891264873757096,0.5536193502055107,l40s
resnet152,gemm,372,layer3.32.conv3,256,1024,1,1,0,1.1025744020938872,0.055709209542535554,0.5255000115551244,l40s
resnet152,gemm,372,layer3.33.conv1,1024,256,1,1,0,1.0761216044425965,0.05037441653636659,0.5128922950645007,l40s
resnet152,gemm,372,layer3.33.conv2,256,256,3,1,1,1.1709808170795442,0.02363856980068189,0.558103318685364,l40s
resnet152,gemm,372,layer3.33.conv3,256,1024,1,1,0,1.0839519858360291,0.057827420715774125,0.5166243475272781,l40s
resnet152,gemm,372,layer3.34.conv1,1024,256,1,1,0,1.0841600120067596,0.057047323716786544,0.516723495262719,l40s
resnet152,gemm,372,layer3.34.conv2,256,256,3,1,1,1.1678159892559052,0.032609486628901126,0.5565949242815633,l40s
resnet152,gemm,372,layer3.34.conv3,256,1024,1,1,0,1.084115207195282,0.05589856352181367,0.5167021407592002,l40s
resnet152,gemm,372,layer3.35.conv1,1024,256,1,1,0,1.074558401107788,0.049177437770847016,0.5121472538510053,l40s
resnet152,gemm,372,layer3.35.conv2,256,256,3,1,1,1.1540048122406006,0.02670847236730264,0.550012353828858,l40s
resnet152,gemm,372,layer3.35.conv3,256,1024,1,1,0,1.088233584165573,0.05479174954128963,0.5186650079737539,l40s
resnet152,gemm,372,layer4.0.conv1,1024,512,1,1,0,1.376921582221985,0.06892051340980779,0.6562571251373375,l40s
resnet152,gemm,372,layer4.0.conv2,512,512,3,2,1,1.8981983959674835,0.025723983080400768,0.9047038250847138,l40s
resnet152,gemm,372,layer4.0.conv3,512,2048,1,1,0,1.0262352138757707,0.023841789995456428,0.4891158507995828,l40s
resnet152,gemm,372,layer4.0.downsample.0,1024,2048,1,2,0,1.735945588350296,0.03552140644155413,0.827372216337259,l40s
resnet152,gemm,372,layer4.1.conv1,2048,512,1,1,0,1.2333664000034332,0.03455318659677523,0.5878370259844976,l40s
resnet152,gemm,372,layer4.1.conv2,512,512,3,1,1,1.8544655919075013,0.027018481708508287,0.8838602529908809,l40s
resnet152,gemm,372,layer4.1.conv3,512,2048,1,1,0,1.0208703964948653,0.01914089883098606,0.4865589153308263,l40s
resnet152,gemm,372,layer4.2.conv1,2048,512,1,1,0,1.2313712000846864,0.03689586190653163,0.586886090085419,l40s
resnet152,gemm,372,layer4.2.conv2,512,512,3,1,1,1.83885600566864,0.02545932546976607,0.8764205394138975,l40s
resnet152,gemm,372,layer4.2.conv3,512,2048,1,1,0,1.017062395811081,0.023752636526037468,0.4847439771284425,l40s
resnet152,gemm,375,conv1,3,64,7,2,3,1.5435423970222473,0.09269954828967537,0.7414153717901351,l40s
resnet152,gemm,375,layer1.0.conv1,64,64,1,1,0,1.1034176051616669,0.028455415020974748,0.5300086188425743,l40s
resnet152,gemm,375,layer1.0.conv2,64,64,3,1,1,1.344156813621521,0.023937656326499704,0.6456437643941694,l40s
resnet152,gemm,375,layer1.0.conv3,64,256,1,1,0,1.805454397201538,0.048953340686836704,0.8672205219200204,l40s
resnet152,gemm,375,layer1.0.downsample.0,64,256,1,1,0,2.220923203229904,0.1195702504270042,1.0667841749061486,l40s
resnet152,gemm,375,layer1.1.conv1,256,64,1,1,0,1.8047935962677002,0.09187615866274264,0.8669031169877128,l40s
resnet152,gemm,375,layer1.1.conv2,64,64,3,1,1,1.3379312038421631,0.027404075788776416,0.6426533944515702,l40s
resnet152,gemm,375,layer1.1.conv3,64,256,1,1,0,1.781174409389496,0.028459756479214365,0.8555580264644674,l40s
resnet152,gemm,375,layer1.2.conv1,256,64,1,1,0,1.7721103966236114,0.035381610639049065,0.8512042760215298,l40s
resnet152,gemm,375,layer1.2.conv2,64,64,3,1,1,1.335564798116684,0.031240152115271494,0.6415167301240161,l40s
resnet152,gemm,375,layer1.2.conv3,64,256,1,1,0,2.0506623923778533,0.038233818602025064,0.9850021761591823,l40s
resnet152,gemm,375,layer2.0.conv1,256,128,1,1,0,2.2339840173721313,0.046499749587838694,1.0730577235898922,l40s
resnet152,gemm,375,layer2.0.conv2,128,128,3,2,1,1.153719997406006,0.030530024904238843,0.5541705511093641,l40s
resnet152,gemm,375,layer2.0.conv3,128,512,1,1,0,1.328839999437332,0.028142602279285507,0.6382865829491254,l40s
resnet152,gemm,375,layer2.0.downsample.0,256,512,1,2,0,2.186902403831482,0.03360681169329057,1.0504428397518704,l40s
resnet152,gemm,375,layer2.1.conv1,512,128,1,1,0,1.196782398223877,0.02797644777892707,0.5748548717824797,l40s
resnet152,gemm,375,layer2.1.conv2,128,128,3,1,1,0.9840447962284088,0.027436470029554644,0.47266984040174553,l40s
resnet152,gemm,375,layer2.1.conv3,128,512,1,1,0,1.1878975987434388,0.026389675596124755,0.5705872035131935,l40s
resnet152,gemm,375,layer2.2.conv1,512,128,1,1,0,1.2128223955631257,0.029061152120739057,0.5825594224405855,l40s
resnet152,gemm,375,layer2.2.conv2,128,128,3,1,1,0.9652111977338791,0.025362087708816716,0.4636234290709614,l40s
resnet152,gemm,375,layer2.2.conv3,128,512,1,1,0,1.1726367950439454,0.03635083834251445,0.5632569257893655,l40s
resnet152,gemm,375,layer2.3.conv1,512,128,1,1,0,1.2019695937633514,0.027125751565241666,0.5773464564107134,l40s
resnet152,gemm,375,layer2.3.conv2,128,128,3,1,1,0.9579184055328369,0.019829245451466717,0.4601204554878872,l40s
resnet152,gemm,375,layer2.3.conv3,128,512,1,1,0,1.1764831960201263,0.028910772284677547,0.5651044816552171,l40s
resnet152,gemm,375,layer2.4.conv1,512,128,1,1,0,1.19760000705719,0.029647489612926594,0.5752475968273498,l40s
resnet152,gemm,375,layer2.4.conv2,128,128,3,1,1,0.954326406121254,0.021540693218672875,0.4583950972571406,l40s
resnet152,gemm,375,layer2.4.conv3,128,512,1,1,0,1.1786672055721283,0.04365826835332681,0.5661535349608565,l40s
resnet152,gemm,375,layer2.5.conv1,512,128,1,1,0,1.2030384123325348,0.03486455648204965,0.5778598459479078,l40s
resnet152,gemm,375,layer2.5.conv2,128,128,3,1,1,1.0436304032802581,0.40046759013402783,0.5012908132308134,l40s
resnet152,gemm,375,layer2.5.conv3,128,512,1,1,0,1.2324111938476563,0.21163150771869288,0.5919685816519329,l40s
resnet152,gemm,375,layer2.6.conv1,512,128,1,1,0,1.1997296035289764,0.02469446907974435,0.5762705136989166,l40s
resnet152,gemm,375,layer2.6.conv2,128,128,3,1,1,0.9520927935838699,0.021977168289784323,0.4573222179678937,l40s
resnet152,gemm,375,layer2.6.conv3,128,512,1,1,0,1.2168047964572906,0.1659049529029905,0.5844723036450542,l40s
resnet152,gemm,375,layer2.7.conv1,512,128,1,1,0,1.1976031899452209,0.031167645791700525,0.575249125675613,l40s
resnet152,gemm,375,layer2.7.conv2,128,128,3,1,1,0.9547551959753037,0.0187448127121524,0.4586010594579025,l40s
resnet152,gemm,375,layer2.7.conv3,128,512,1,1,0,1.1768704056739807,0.020649604409628822,0.5652904714861586,l40s
resnet152,gemm,375,layer3.0.conv1,512,256,1,1,0,1.5780271947383882,0.09537879391465731,0.7579795809554578,l40s
resnet152,gemm,375,layer3.0.conv2,256,256,3,2,1,1.4610896050930022,0.027273775331927676,0.7018105203125927,l40s
resnet152,gemm,375,layer3.0.conv3,256,1024,1,1,0,1.0268479973077773,0.02333083825741497,0.4932296587153144,l40s
resnet152,gemm,375,layer3.0.downsample.0,512,1024,1,2,0,1.622900801897049,0.05211547898382836,0.77953388500262,l40s
resnet152,gemm,375,layer3.1.conv1,1024,256,1,1,0,1.0677295923233032,0.024276929835612897,0.5128664649515949,l40s
resnet152,gemm,375,layer3.1.conv2,256,256,3,1,1,1.1825088083744049,0.023441376619943544,0.5679987861022664,l40s
resnet152,gemm,375,layer3.1.conv3,256,1024,1,1,0,0.9642367988824845,0.024321891270875976,0.4631553925025637,l40s
resnet152,gemm,375,layer3.2.conv1,1024,256,1,1,0,1.0558511853218078,0.021390569417197258,0.5071608662195626,l40s
resnet152,gemm,375,layer3.2.conv2,256,256,3,1,1,1.1625311911106109,0.022552355878862045,0.5584028640468106,l40s
resnet152,gemm,375,layer3.2.conv3,256,1024,1,1,0,0.9678879976272583,0.022427342180996693,0.46490918616580124,l40s
resnet152,gemm,375,layer3.3.conv1,1024,256,1,1,0,1.0598528206348419,0.016155056777364816,0.5090829863628805,l40s
resnet152,gemm,375,layer3.3.conv2,256,256,3,1,1,1.1713360011577607,0.030024416186882154,0.5626321106986958,l40s
resnet152,gemm,375,layer3.3.conv3,256,1024,1,1,0,0.9576192080974579,0.02450001588755197,0.45997674088813406,l40s
resnet152,gemm,375,layer3.4.conv1,1024,256,1,1,0,1.07603679895401,0.02832058330324662,0.5168566959323084,l40s
resnet152,gemm,375,layer3.4.conv2,256,256,3,1,1,1.155868798494339,0.02497223560065598,0.5552026926047211,l40s
resnet152,gemm,375,layer3.4.conv3,256,1024,1,1,0,0.9627840012311936,0.02053336391078436,0.4624575648867848,l40s
resnet152,gemm,375,layer3.5.conv1,1024,256,1,1,0,1.066040003299713,0.033590187497977674,0.5120548984688639,l40s
resnet152,gemm,375,layer3.5.conv2,256,256,3,1,1,1.1915279924869537,0.11216220781327496,0.5723310038339914,l40s
resnet152,gemm,375,layer3.5.conv3,256,1024,1,1,0,0.9570607990026474,0.025319649470442483,0.4597085182028105,l40s
resnet152,gemm,375,layer3.6.conv1,1024,256,1,1,0,1.0640831768512726,0.024718276422397302,0.5111149688552699,l40s
resnet152,gemm,375,layer3.6.conv2,256,256,3,1,1,1.168867188692093,0.09868730527599592,0.5614462569666283,l40s
resnet152,gemm,375,layer3.6.conv3,256,1024,1,1,0,0.9607167989015579,0.023151805730152502,0.4614646180219957,l40s
resnet152,gemm,375,layer3.7.conv1,1024,256,1,1,0,1.0774959862232207,0.035433063632291845,0.5175575926966606,l40s
resnet152,gemm,375,layer3.7.conv2,256,256,3,1,1,1.1793232083320617,0.09996654320648314,0.5664686351687223,l40s
resnet152,gemm,375,layer3.7.conv3,256,1024,1,1,0,0.9581551969051361,0.018375300194918766,0.4602341943548393,l40s
resnet152,gemm,375,layer3.8.conv1,1024,256,1,1,0,1.0620799899101256,0.02320545409686853,0.5101527707364485,l40s
resnet152,gemm,375,layer3.8.conv2,256,256,3,1,1,1.1895344078540802,0.10930923748891512,0.5713734180270654,l40s
resnet152,gemm,375,layer3.8.conv3,256,1024,1,1,0,0.971694391965866,0.030119150590671828,0.4667375254969288,l40s
resnet152,gemm,375,layer3.9.conv1,1024,256,1,1,0,1.0589104056358338,0.03132523479868525,0.5086303127154199,l40s
resnet152,gemm,375,layer3.9.conv2,256,256,3,1,1,1.1848432123661041,0.10758740052479113,0.5691200789198482,l40s
resnet152,gemm,375,layer3.9.conv3,256,1024,1,1,0,0.9712272047996521,0.02867220604145733,0.4665131197746097,l40s
resnet152,gemm,375,layer3.10.conv1,1024,256,1,1,0,1.067788791656494,0.02206543997860381,0.5128949003840859,l40s
resnet152,gemm,375,layer3.10.conv2,256,256,3,1,1,1.1770383894443512,0.09837454479777559,0.5653711597457128,l40s
resnet152,gemm,375,layer3.10.conv3,256,1024,1,1,0,0.9651888102293015,0.02485767345216558,0.4636126755989078,l40s
resnet152,gemm,375,layer3.11.conv1,1024,256,1,1,0,1.065073597431183,0.028537444323785435,0.5115907011991946,l40s
resnet152,gemm,375,layer3.11.conv2,256,256,3,1,1,1.179310393333435,0.10387628760067653,0.5664624796935053,l40s
resnet152,gemm,375,layer3.11.conv3,256,1024,1,1,0,0.9727376013994217,0.01812048240622844,0.46723861410423034,l40s
resnet152,gemm,375,layer3.12.conv1,1024,256,1,1,0,1.0677359879016877,0.023125163375733605,0.5128695369631799,l40s
resnet152,gemm,375,layer3.12.conv2,256,256,3,1,1,1.1743184030056,0.10842059236501182,0.5640646586993915,l40s
resnet152,gemm,375,layer3.12.conv3,256,1024,1,1,0,0.9661952018737793,0.030638982066275362,0.46409607938276015,l40s
resnet152,gemm,375,layer3.13.conv1,1024,256,1,1,0,1.0665776073932647,0.03116522103183969,0.5123131278117478,l40s
resnet152,gemm,375,layer3.13.conv2,256,256,3,1,1,1.1732415914535523,0.10216949477937727,0.5635474298634687,l40s
resnet152,gemm,375,layer3.13.conv3,256,1024,1,1,0,0.9506592005491257,0.025197308833084863,0.45663361497590516,l40s
resnet152,gemm,375,layer3.14.conv1,1024,256,1,1,0,1.0563408076763152,0.02487417168101649,0.5073960483180292,l40s
resnet152,gemm,375,layer3.14.conv2,256,256,3,1,1,1.1787488043308259,0.10497883032552735,0.5661927295914245,l40s
resnet152,gemm,375,layer3.14.conv3,256,1024,1,1,0,0.9591504007577896,0.01980151951692938,0.4607122242656766,l40s
resnet152,gemm,375,layer3.15.conv1,1024,256,1,1,0,1.0597871840000153,0.023822536223081864,0.5090514588777224,l40s
resnet152,gemm,375,layer3.15.conv2,256,256,3,1,1,1.1623167932033538,0.04089431072653484,0.5582998815149237,l40s
resnet152,gemm,375,layer3.15.conv3,256,1024,1,1,0,0.9667119979858398,0.027913392204201175,0.4643443139516986,l40s
resnet152,gemm,375,layer3.16.conv1,1024,256,1,1,0,1.0619327902793885,0.030508450036385422,0.5100820657987929,l40s
resnet152,gemm,375,layer3.16.conv2,256,256,3,1,1,1.175487995147705,0.10084083917688458,0.5646264531758858,l40s
resnet152,gemm,375,layer3.16.conv3,256,1024,1,1,0,0.9548879981040954,0.02363719280162143,0.4586648487907272,l40s
resnet152,gemm,375,layer3.17.conv1,1024,256,1,1,0,1.0466607987880707,0.029789942271686083,0.5027464142019499,l40s
resnet152,gemm,375,layer3.17.conv2,256,256,3,1,1,1.1744144022464753,0.09938785164766512,0.5641107703662965,l40s
resnet152,gemm,375,layer3.17.conv3,256,1024,1,1,0,0.9554255992174149,0.020692102024841882,0.4589230767021053,l40s
resnet152,gemm,375,layer3.18.conv1,1024,256,1,1,0,1.0571647882461548,0.031003822622071124,0.5077918339224377,l40s
resnet152,gemm,375,layer3.18.conv2,256,256,3,1,1,1.1781359910964966,0.09768099312316164,0.5658983747665459,l40s
resnet152,gemm,375,layer3.18.conv3,256,1024,1,1,0,0.9628816038370133,0.02616996451666602,0.4625044467038448,l40s
resnet152,gemm,375,layer3.19.conv1,1024,256,1,1,0,1.0634096086025238,0.031845824912756254,0.510791431351839,l40s
resnet152,gemm,375,layer3.19.conv2,256,256,3,1,1,1.1752767980098724,0.10366683353081194,0.5645250080812971,l40s
resnet152,gemm,375,layer3.19.conv3,256,1024,1,1,0,0.9681104063987732,0.03407446281355876,0.4650160165854517,l40s
resnet152,gemm,375,layer3.20.conv1,1024,256,1,1,0,1.0568703949451446,0.018051398990576405,0.5076504269101378,l40s
resnet152,gemm,375,layer3.20.conv2,256,256,3,1,1,1.1837328255176545,0.10539736002093307,0.5685867227388568,l40s
resnet152,gemm,375,layer3.20.conv3,256,1024,1,1,0,0.9539760082960129,0.025416104092371165,0.4582267893866366,l40s
resnet152,gemm,375,layer3.21.conv1,1024,256,1,1,0,1.0741664052009583,0.029508004548775005,0.5159582828517943,l40s
resnet152,gemm,375,layer3.21.conv2,256,256,3,1,1,1.1845376133918761,0.11012924814720378,0.5689732894454982,l40s
resnet152,gemm,375,layer3.21.conv3,256,1024,1,1,0,0.9597503989934921,0.020540340240248103,0.46100042361533816,l40s
resnet152,gemm,375,layer3.22.conv1,1024,256,1,1,0,1.065423995256424,0.027918810737577345,0.5117590090696987,l40s
resnet152,gemm,375,layer3.22.conv2,256,256,3,1,1,1.1881120026111602,0.0982315398096978,0.570690188908092,l40s
resnet152,gemm,375,layer3.22.conv3,256,1024,1,1,0,0.9591663986444473,0.02495200994048625,0.46071990858915685,l40s
resnet152,gemm,375,layer3.23.conv1,1024,256,1,1,0,1.0597199976444245,0.03074834490925306,0.5090191870095148,l40s
resnet152,gemm,375,layer3.23.conv2,256,256,3,1,1,1.1562048017978668,0.023704771187255214,0.5553640863018999,l40s
resnet152,gemm,375,layer3.23.conv3,256,1024,1,1,0,0.9559903979301453,0.019090912536602656,0.4591943685360021,l40s
resnet152,gemm,375,layer3.24.conv1,1024,256,1,1,0,1.046678400039673,0.020810956661929003,0.5027548686755852,l40s
resnet152,gemm,375,layer3.24.conv2,256,256,3,1,1,1.1784080147743226,0.1078780568574858,0.5660290368958273,l40s
resnet152,gemm,375,layer3.24.conv3,256,1024,1,1,0,0.9578944027423859,0.02938173437491376,0.4601089261396551,l40s
resnet152,gemm,375,layer3.25.conv1,1024,256,1,1,0,1.060996800661087,0.022216669845911623,0.5096324784779759,l40s
resnet152,gemm,375,layer3.25.conv2,256,256,3,1,1,1.1796575844287873,0.10117656720025016,0.5666292472636992,l40s
resnet152,gemm,375,layer3.25.conv3,256,1024,1,1,0,0.9599424064159393,0.022645904036713283,0.4610926512436655,l40s
resnet152,gemm,375,layer3.26.conv1,1024,256,1,1,0,1.050700807571411,0.02157121576345954,0.504686966414778,l40s
resnet152,gemm,375,layer3.26.conv2,256,256,3,1,1,1.173804807662964,0.109255588975418,0.5638179615677514,l40s
resnet152,gemm,375,layer3.26.conv3,256,1024,1,1,0,0.966974401473999,0.034845769142872705,0.4644703551800496,l40s
resnet152,gemm,375,layer3.27.conv1,1024,256,1,1,0,1.060049593448639,0.02614802110670458,0.5091775029690851,l40s
resnet152,gemm,375,layer3.27.conv2,256,256,3,1,1,1.1795583963394165,0.11099103965791361,0.5665816038855194,l40s
resnet152,gemm,375,layer3.27.conv3,256,1024,1,1,0,0.9678815990686417,0.033317796143255536,0.4649061127227103,l40s
resnet152,gemm,375,layer3.28.conv1,1024,256,1,1,0,1.0486511945724488,0.023145812823335797,0.5037024682976009,l40s
resnet152,gemm,375,layer3.28.conv2,256,256,3,1,1,1.180704003572464,0.09932565353867814,0.5671318776028167,l40s
resnet152,gemm,375,layer3.28.conv3,256,1024,1,1,0,0.9642383992671967,0.02926403090337591,0.46315616122121295,l40s
resnet152,gemm,375,layer3.29.conv1,1024,256,1,1,0,1.0616368055343628,0.019980841072565765,0.5099398943623614,l40s
resnet152,gemm,375,layer3.29.conv2,256,256,3,1,1,1.1851391971111298,0.11913111665653787,0.5692622503562796,l40s
resnet152,gemm,375,layer3.29.conv3,256,1024,1,1,0,0.9731488019227982,0.025881116816119668,0.46743612755738045,l40s
resnet152,gemm,375,layer3.30.conv1,1024,256,1,1,0,1.0731728196144104,0.027758555114028284,0.5154810302486414,l40s
resnet152,gemm,375,layer3.30.conv2,256,256,3,1,1,1.1860320091247558,0.09759360563380383,0.5696910980201327,l40s
resnet152,gemm,375,layer3.30.conv3,256,1024,1,1,0,0.9663488000631333,0.02526057283492352,0.4641698577635068,l40s
resnet152,gemm,375,layer3.31.conv1,1024,256,1,1,0,1.0671119928359984,0.03201205501867254,0.5125698111282981,l40s
resnet152,gemm,375,layer3.31.conv2,256,256,3,1,1,1.1448784053325654,0.016664398477923014,0.5499236368121002,l40s
resnet152,gemm,375,layer3.31.conv3,256,1024,1,1,0,0.9633440047502517,0.024338768144265416,0.46272655342774566,l40s
resnet152,gemm,375,layer3.32.conv1,1024,256,1,1,0,1.0675359964370728,0.03984202709021526,0.5127734743306418,l40s
resnet152,gemm,375,layer3.32.conv2,256,256,3,1,1,1.1741280019283296,0.10460725246452975,0.5639732026527251,l40s
resnet152,gemm,375,layer3.32.conv3,256,1024,1,1,0,0.9642384022474288,0.025848707238711566,0.4631561626527187,l40s
resnet152,gemm,375,layer3.33.conv1,1024,256,1,1,0,1.0637104094028473,0.03339483857198749,0.5109359161017473,l40s
resnet152,gemm,375,layer3.33.conv2,256,256,3,1,1,1.1827087998390198,0.1001048096829631,0.5680948487348046,l40s
resnet152,gemm,375,layer3.33.conv3,256,1024,1,1,0,0.9740207970142365,0.028288500616614247,0.4678549761527706,l40s
resnet152,gemm,375,layer3.34.conv1,1024,256,1,1,0,1.0745119988918304,0.03777841196853947,0.5161242831348449,l40s
resnet152,gemm,375,layer3.34.conv2,256,256,3,1,1,1.188188797235489,0.10034051177205013,0.5707270759512065,l40s
resnet152,gemm,375,layer3.34.conv3,256,1024,1,1,0,0.9524079978466033,0.02775846964857842,0.4574736211856448,l40s
resnet152,gemm,375,layer3.35.conv1,1024,256,1,1,0,1.0639743983745575,0.02782391325895945,0.5110627188912182,l40s
resnet152,gemm,375,layer3.35.conv2,256,256,3,1,1,1.164659208059311,0.10314874184436021,0.5594250222202692,l40s
resnet152,gemm,375,layer3.35.conv3,256,1024,1,1,0,0.9500863999128342,0.019760926021546405,0.45635847954876235,l40s
resnet152,gemm,375,layer4.0.conv1,1024,512,1,1,0,1.3776239991188048,0.03658164278038973,0.6617191801560602,l40s
resnet152,gemm,375,layer4.0.conv2,512,512,3,2,1,1.9220399916172028,0.06008716836010449,0.9232205074052381,l40s
resnet152,gemm,375,layer4.0.conv3,512,2048,1,1,0,1.043526402115822,0.08904977962532978,0.5012408579706624,l40s
resnet152,gemm,375,layer4.0.downsample.0,1024,2048,1,2,0,1.751633596420288,0.09924996100833147,0.8413685795967943,l40s
resnet152,gemm,375,layer4.1.conv1,2048,512,1,1,0,1.250440001487732,0.09455356054754788,0.6006284248445697,l40s
resnet152,gemm,375,layer4.1.conv2,512,512,3,1,1,1.8722208082675933,0.13389391673081225,0.8992906766362947,l40s
resnet152,gemm,375,layer4.1.conv3,512,2048,1,1,0,1.040612804889679,0.08932847317120599,0.49984135914585864,l40s
resnet152,gemm,375,layer4.2.conv1,2048,512,1,1,0,1.2548416018486024,0.09598452250692241,0.6027426616639289,l40s
resnet152,gemm,375,layer4.2.conv2,512,512,3,1,1,1.8539375960826874,0.04610883928326947,0.8905086343770469,l40s
resnet152,gemm,375,layer4.2.conv3,512,2048,1,1,0,1.045934396982193,0.08902792952436522,0.5023974989625545,l40s
resnet152,gemm,378,conv1,3,64,7,2,3,1.5660080015659332,0.09218146022697372,0.7374508750256892,l40s
resnet152,gemm,378,layer1.0.conv1,64,64,1,1,0,1.1006511986255645,0.0330943398976183,0.5183090946616229,l40s
resnet152,gemm,378,layer1.0.conv2,64,64,3,1,1,1.6252704024314881,1.1845155903036548,0.7653582096821696,l40s
resnet152,gemm,378,layer1.0.conv3,64,256,1,1,0,2.1603968143463135,0.024714347304576056,1.0173552878077825,l40s
resnet152,gemm,378,layer1.0.downsample.0,64,256,1,1,0,1.8840816020965576,0.023756987780162882,0.8872353300216586,l40s
resnet152,gemm,378,layer1.1.conv1,256,64,1,1,0,1.8264960050582886,0.033778150058189196,0.8601176212473204,l40s
resnet152,gemm,378,layer1.1.conv2,64,64,3,1,1,1.3463072061538697,0.03337760764800936,0.6339912862761711,l40s
resnet152,gemm,378,layer1.1.conv3,64,256,1,1,0,1.7938512086868286,0.027392674552248326,0.8447448175163715,l40s
resnet152,gemm,378,layer1.2.conv1,256,64,1,1,0,1.8375136077404022,0.028117125784849237,0.8653059349280203,l40s
resnet152,gemm,378,layer1.2.conv2,64,64,3,1,1,1.3257136166095733,0.025836525705280087,0.6242935321049439,l40s
resnet152,gemm,378,layer1.2.conv3,64,256,1,1,0,1.8128560066223145,0.05921417009391285,0.853694391754304,l40s
resnet152,gemm,378,layer2.0.conv1,256,128,1,1,0,2.1762943863868713,0.04294374400097201,1.0248416342379223,l40s
resnet152,gemm,378,layer2.0.conv2,128,128,3,2,1,1.236649602651596,0.018694150512451914,0.5823522808719148,l40s
resnet152,gemm,378,layer2.0.conv3,128,512,1,1,0,1.3635936081409454,0.026962399402610342,0.6421316484318355,l40s
resnet152,gemm,378,layer2.0.downsample.0,256,512,1,2,0,2.507631981372833,0.41758884512921257,1.1808722542008927,l40s
resnet152,gemm,378,layer2.1.conv1,512,128,1,1,0,1.2200719952583312,0.11812099320132047,0.5745456981049233,l40s
resnet152,gemm,378,layer2.1.conv2,128,128,3,1,1,1.0741071999073029,0.02755027514815823,0.5058092255282028,l40s
resnet152,gemm,378,layer2.1.conv3,128,512,1,1,0,1.440942394733429,0.025456289592083414,0.6785560666326135,l40s
resnet152,gemm,378,layer2.2.conv1,512,128,1,1,0,1.204228812456131,0.02327258128959135,0.5670849641821135,l40s
resnet152,gemm,378,layer2.2.conv2,128,128,3,1,1,1.0743504106998443,0.026184774620352392,0.5059237562404317,l40s
resnet152,gemm,378,layer2.2.conv3,128,512,1,1,0,1.4103999972343444,0.03221924571980985,0.6641733063028068,l40s
resnet152,gemm,378,layer2.3.conv1,512,128,1,1,0,1.2197007834911346,0.03209565200969481,0.5743708902864031,l40s
resnet152,gemm,378,layer2.3.conv2,128,128,3,1,1,1.0667343974113463,0.02668463278710075,0.5023372894674689,l40s
resnet152,gemm,378,layer2.3.conv3,128,512,1,1,0,1.4029920041561126,0.023588412431226214,0.6606847985989742,l40s
resnet152,gemm,378,layer2.4.conv1,512,128,1,1,0,1.2186271965503692,0.08665861792248822,0.5738653260567874,l40s
resnet152,gemm,378,layer2.4.conv2,128,128,3,1,1,1.0587568044662476,0.026320553287236294,0.4985805507457771,l40s
resnet152,gemm,378,layer2.4.conv3,128,512,1,1,0,1.3951344072818757,0.02610139564847562,0.6569845673838649,l40s
resnet152,gemm,378,layer2.5.conv1,512,128,1,1,0,1.2257392048835754,0.03809108541261409,0.5772144511974434,l40s
resnet152,gemm,378,layer2.5.conv2,128,128,3,1,1,1.0586111962795257,0.023431747054769976,0.4985119822042361,l40s
resnet152,gemm,378,layer2.5.conv3,128,512,1,1,0,1.4045263946056366,0.03206777160209862,0.6614073604112389,l40s
resnet152,gemm,378,layer2.6.conv1,512,128,1,1,0,1.203491199016571,0.029411999070968357,0.5667376136731186,l40s
resnet152,gemm,378,layer2.6.conv2,128,128,3,1,1,1.0691568017005921,0.02395543877060837,0.5034780270377648,l40s
resnet152,gemm,378,layer2.6.conv3,128,512,1,1,0,1.39928640127182,0.022708537505699598,0.6589397883009509,l40s
resnet152,gemm,378,layer2.7.conv1,512,128,1,1,0,1.2141087889671325,0.04025116225073387,0.5717375568355263,l40s
resnet152,gemm,378,layer2.7.conv2,128,128,3,1,1,1.0689456105232238,0.02979949654865022,0.5033785747243716,l40s
resnet152,gemm,378,layer2.7.conv3,128,512,1,1,0,1.4080976009368897,0.02543594215499362,0.6630890818527938,l40s
resnet152,gemm,378,layer3.0.conv1,512,256,1,1,0,1.6174192011356354,0.032354038968123076,0.7616609902172373,l40s
resnet152,gemm,378,layer3.0.conv2,256,256,3,2,1,1.501999992132187,0.10132402976835538,0.7073087796351368,l40s
resnet152,gemm,378,layer3.0.conv3,256,1024,1,1,0,1.0316688030958177,0.02856440672684773,0.4858245046123312,l40s
resnet152,gemm,378,layer3.0.downsample.0,512,1024,1,2,0,1.7494527995586395,0.040214171015366604,0.8238371046384095,l40s
resnet152,gemm,378,layer3.1.conv1,1024,256,1,1,0,1.0743440091609955,0.03423243893250637,0.5059207416834046,l40s
resnet152,gemm,378,layer3.1.conv2,256,256,3,1,1,1.2038592040538787,0.09586827652772718,0.5669109114062751,l40s
resnet152,gemm,378,layer3.1.conv3,256,1024,1,1,0,1.1005071878433228,0.019186755925837136,0.5182412783559137,l40s
resnet152,gemm,378,layer3.2.conv1,1024,256,1,1,0,1.0769071936607362,0.0381354187154652,0.5071277742466457,l40s
resnet152,gemm,378,layer3.2.conv2,256,256,3,1,1,1.1844816088676453,0.10556449439752516,0.557785782727691,l40s
resnet152,gemm,378,layer3.2.conv3,256,1024,1,1,0,1.0655168175697327,0.02583425972979294,0.5017639173526944,l40s
resnet152,gemm,378,layer3.3.conv1,1024,256,1,1,0,1.0654559850692749,0.030021023148868533,0.5017352706403866,l40s
resnet152,gemm,378,layer3.3.conv2,256,256,3,1,1,1.1898415982723236,0.10113680394362017,0.5603098623445614,l40s
resnet152,gemm,378,layer3.3.conv3,256,1024,1,1,0,1.10310560464859,0.038473678230848525,0.5194649022102041,l40s
resnet152,gemm,378,layer3.4.conv1,1024,256,1,1,0,1.0807616055011748,0.030609428999291043,0.5089428603647232,l40s
resnet152,gemm,378,layer3.4.conv2,256,256,3,1,1,1.1721791863441466,0.10097362726750449,0.5519924328560314,l40s
resnet152,gemm,378,layer3.4.conv3,256,1024,1,1,0,1.0796656131744384,0.033847804553080174,0.5084267451855129,l40s
resnet152,gemm,378,layer3.5.conv1,1024,256,1,1,0,1.0690784096717834,0.03297437158296213,0.5034411113450082,l40s
resnet152,gemm,378,layer3.5.conv2,256,256,3,1,1,1.1625104010105134,0.02963146396474779,0.5474392925160118,l40s
resnet152,gemm,378,layer3.5.conv3,256,1024,1,1,0,1.087616002559662,0.022794920949933167,0.5121706734432646,l40s
resnet152,gemm,378,layer3.6.conv1,1024,256,1,1,0,1.0684527933597565,0.02795610878625609,0.503146501549737,l40s
resnet152,gemm,378,layer3.6.conv2,256,256,3,1,1,1.1590479910373688,0.031060456724026273,0.5458088045096671,l40s
resnet152,gemm,378,layer3.6.conv3,256,1024,1,1,0,1.0742399990558624,0.03080876050438839,0.5058717621488396,l40s
resnet152,gemm,378,layer3.7.conv1,1024,256,1,1,0,1.0687007904052734,0.01875786384143669,0.5032632861626108,l40s
resnet152,gemm,378,layer3.7.conv2,256,256,3,1,1,1.1710128009319305,0.030237427957782795,0.5514431687769233,l40s
resnet152,gemm,378,layer3.7.conv3,256,1024,1,1,0,1.100335991382599,0.026250761724836678,0.5181606600068147,l40s
resnet152,gemm,378,layer3.8.conv1,1024,256,1,1,0,1.0752560019493103,0.03404462390687411,0.5063502093994618,l40s
resnet152,gemm,378,layer3.8.conv2,256,256,3,1,1,1.158870404958725,0.032253938059393784,0.5457251772172411,l40s
resnet152,gemm,378,layer3.8.conv3,256,1024,1,1,0,1.0709248065948487,0.02775112583239012,0.5043106005335678,l40s
resnet152,gemm,378,layer3.9.conv1,1024,256,1,1,0,1.0734752058982848,0.02995452883733614,0.5055116124033049,l40s
resnet152,gemm,378,layer3.9.conv2,256,256,3,1,1,1.1711055994033814,0.03485992134627038,0.5514868686264159,l40s
resnet152,gemm,378,layer3.9.conv3,256,1024,1,1,0,1.0974160075187682,0.031240860588375222,0.5167856065886396,l40s
resnet152,gemm,378,layer3.10.conv1,1024,256,1,1,0,1.1382959961891175,0.3426258043077123,0.5360364554896948,l40s
resnet152,gemm,378,layer3.10.conv2,256,256,3,1,1,1.158652800321579,0.022181578793359538,0.5456227047331207,l40s
resnet152,gemm,378,layer3.10.conv3,256,1024,1,1,0,1.0698816001415252,0.019065304651690936,0.5038193428190053,l40s
resnet152,gemm,378,layer3.11.conv1,1024,256,1,1,0,1.0660271883010863,0.026984139070611722,0.5020042567009275,l40s
resnet152,gemm,378,layer3.11.conv2,256,256,3,1,1,1.1722816050052642,0.05025363386669428,0.5520406629616149,l40s
resnet152,gemm,378,layer3.11.conv3,256,1024,1,1,0,1.092846405506134,0.03403337171015929,0.5146337293317119,l40s
resnet152,gemm,378,layer3.12.conv1,1024,256,1,1,0,1.0626191973686219,0.0375411471850108,0.5003993952361634,l40s
resnet152,gemm,378,layer3.12.conv2,256,256,3,1,1,1.159577590227127,0.028823984277846874,0.546058198756382,l40s
resnet152,gemm,378,layer3.12.conv3,256,1024,1,1,0,1.0703247964382172,0.03230237332353127,0.5040280489664049,l40s
resnet152,gemm,378,layer3.13.conv1,1024,256,1,1,0,1.0672864019870758,0.032227711161567106,0.5025972346637788,l40s
resnet152,gemm,378,layer3.13.conv2,256,256,3,1,1,1.1462448060512542,0.02739667333178823,0.5397796399321652,l40s
resnet152,gemm,378,layer3.13.conv3,256,1024,1,1,0,1.0859967947006226,0.03102714013744317,0.5114081701538159,l40s
resnet152,gemm,378,layer3.14.conv1,1024,256,1,1,0,1.0755600035190582,0.032688220274980126,0.5064933671760476,l40s
resnet152,gemm,378,layer3.14.conv2,256,256,3,1,1,1.1623023867607116,0.03539074546483844,0.5473413362537317,l40s
resnet152,gemm,378,layer3.14.conv3,256,1024,1,1,0,1.0700960099697112,0.03189194342387422,0.5039203108314623,l40s
resnet152,gemm,378,layer3.15.conv1,1024,256,1,1,0,1.0623023986816407,0.03774116858971263,0.5002502111523734,l40s
resnet152,gemm,378,layer3.15.conv2,256,256,3,1,1,1.1647232055664063,0.030547555448900764,0.5484813272018961,l40s
resnet152,gemm,378,layer3.15.conv3,256,1024,1,1,0,1.0875392079353332,0.02550177533763526,0.5121345099863398,l40s
resnet152,gemm,378,layer3.16.conv1,1024,256,1,1,0,1.061622405052185,0.030894963229424185,0.4999299944634724,l40s
resnet152,gemm,378,layer3.16.conv2,256,256,3,1,1,1.164140784740448,0.036672175011283205,0.5482070586494323,l40s
resnet152,gemm,378,layer3.16.conv3,256,1024,1,1,0,1.0675968050956726,0.03235453857099508,0.5027434069973916,l40s
resnet152,gemm,378,layer3.17.conv1,1024,256,1,1,0,1.066619211435318,0.02804589888892129,0.5022830470889319,l40s
resnet152,gemm,378,layer3.17.conv2,256,256,3,1,1,1.1478944063186645,0.026280119492843573,0.5405564553503672,l40s
resnet152,gemm,378,layer3.17.conv3,256,1024,1,1,0,1.0932096123695374,0.0220342525972501,0.5148047675505234,l40s
resnet152,gemm,378,layer3.18.conv1,1024,256,1,1,0,1.0640559911727905,0.03146069224114906,0.5010759976845903,l40s
resnet152,gemm,378,layer3.18.conv2,256,256,3,1,1,1.16874880194664,0.03139911902893298,0.5503770260553726,l40s
resnet152,gemm,378,layer3.18.conv3,256,1024,1,1,0,1.070628809928894,0.03188914529625627,0.5041712123566908,l40s
resnet152,gemm,378,layer3.19.conv1,1024,256,1,1,0,1.0595647931098937,0.02848295515510717,0.49896104173411937,l40s
resnet152,gemm,378,layer3.19.conv2,256,256,3,1,1,1.1617583990097047,0.026609810837053126,0.5470851662708311,l40s
resnet152,gemm,378,layer3.19.conv3,256,1024,1,1,0,1.0833391964435577,0.01996925995375317,0.5101566770847004,l40s
resnet152,gemm,378,layer3.20.conv1,1024,256,1,1,0,1.0589631974697113,0.025039923902528474,0.49867774354482497,l40s
resnet152,gemm,378,layer3.20.conv2,256,256,3,1,1,1.1550095975399017,0.031743155136197236,0.5439070793489864,l40s
resnet152,gemm,378,layer3.20.conv3,256,1024,1,1,0,1.0575903952121735,0.028116024450079078,0.4980312754392686,l40s
resnet152,gemm,378,layer3.21.conv1,1024,256,1,1,0,1.0584399998188019,0.023523652370814566,0.49843136385513714,l40s
resnet152,gemm,378,layer3.21.conv2,256,256,3,1,1,1.1652415990829468,0.028697250237449182,0.5487254445703885,l40s
resnet152,gemm,378,layer3.21.conv3,256,1024,1,1,0,1.0882975995540618,0.03373501420619471,0.5124916451748474,l40s
resnet152,gemm,378,layer3.22.conv1,1024,256,1,1,0,1.067684805393219,0.034306732386551526,0.5027848473325389,l40s
resnet152,gemm,378,layer3.22.conv2,256,256,3,1,1,1.1584688007831574,0.028148728452179306,0.5455360572699676,l40s
resnet152,gemm,378,layer3.22.conv3,256,1024,1,1,0,1.0615536153316498,0.03010860323261556,0.49989760060625665,l40s
resnet152,gemm,378,layer3.23.conv1,1024,256,1,1,0,1.0689615905284882,0.026815433111830864,0.503386099889539,l40s
resnet152,gemm,378,layer3.23.conv2,256,256,3,1,1,1.1629104018211365,0.033992864292469165,0.5476276574206036,l40s
resnet152,gemm,378,layer3.23.conv3,256,1024,1,1,0,1.0936223983764648,0.03181239438249244,0.5149991531486191,l40s
resnet152,gemm,378,layer3.24.conv1,1024,256,1,1,0,1.0591264128684998,0.02764033785344754,0.4987546035216156,l40s
resnet152,gemm,378,layer3.24.conv2,256,256,3,1,1,1.1620015919208526,0.024817158572389503,0.5471996885625096,l40s
resnet152,gemm,378,layer3.24.conv3,256,1024,1,1,0,1.0587999939918518,0.022925973878084704,0.4986008891817347,l40s
resnet152,gemm,378,layer3.25.conv1,1024,256,1,1,0,1.0577808141708374,0.033834813525094425,0.4981209458799992,l40s
resnet152,gemm,378,layer3.25.conv2,256,256,3,1,1,1.158105593919754,0.022603409523665994,0.5453650190511561,l40s
resnet152,gemm,378,layer3.25.conv3,256,1024,1,1,0,1.0915744006633759,0.02456477456390024,0.5140347278685069,l40s
resnet152,gemm,378,layer3.26.conv1,1024,256,1,1,0,1.0657104015350343,0.02891216028704885,0.501855078230838,l40s
resnet152,gemm,378,layer3.26.conv2,256,256,3,1,1,1.1559856057167053,0.037497139096838474,0.5443666926353147,l40s
resnet152,gemm,378,layer3.26.conv3,256,1024,1,1,0,1.0557488024234771,0.028288605989864473,0.4971640485719045,l40s
resnet152,gemm,378,layer3.27.conv1,1024,256,1,1,0,1.0610815942287446,0.03056862203251969,0.4996753205316849,l40s
resnet152,gemm,378,layer3.27.conv2,256,256,3,1,1,1.1628095984458924,0.03441619976512042,0.5475801879714022,l40s
resnet152,gemm,378,layer3.27.conv3,256,1024,1,1,0,1.0822096109390258,0.03577745835725454,0.5096247424982228,l40s
resnet152,gemm,378,layer3.28.conv1,1024,256,1,1,0,1.058863991498947,0.02791160565819263,0.49863102633145523,l40s
resnet152,gemm,378,layer3.28.conv2,256,256,3,1,1,1.1571439981460572,0.025074311755275636,0.5449121927284141,l40s
resnet152,gemm,378,layer3.28.conv3,256,1024,1,1,0,1.0724176168441772,0.04672630450547493,0.5050135817594069,l40s
resnet152,gemm,378,layer3.29.conv1,1024,256,1,1,0,1.0621280133724214,0.028995283946000375,0.5001680911384612,l40s
resnet152,gemm,378,layer3.29.conv2,256,256,3,1,1,1.150651216506958,0.02986417435215059,0.5418546684397025,l40s
resnet152,gemm,378,layer3.29.conv3,256,1024,1,1,0,1.082830399274826,0.01781260446212544,0.5099170787448983,l40s
resnet152,gemm,378,layer3.30.conv1,1024,256,1,1,0,1.058891201019287,0.022408320968532555,0.49864383960224545,l40s
resnet152,gemm,378,layer3.30.conv2,256,256,3,1,1,1.1514320015907287,0.027054694254486644,0.5422223489641047,l40s
resnet152,gemm,378,layer3.30.conv3,256,1024,1,1,0,1.0502143979072571,0.026570105495993274,0.4945578349068712,l40s
resnet152,gemm,378,layer3.31.conv1,1024,256,1,1,0,1.0682720005512238,0.02865094696990954,0.5030613641719475,l40s
resnet152,gemm,378,layer3.31.conv2,256,256,3,1,1,1.154633605480194,0.02969037949074412,0.5437300204366712,l40s
resnet152,gemm,378,layer3.31.conv3,256,1024,1,1,0,1.087313598394394,0.03312467200579558,0.5120282679025104,l40s
resnet152,gemm,378,layer3.32.conv1,1024,256,1,1,0,1.0763343811035155,0.03145437156438388,0.5068580303365726,l40s
resnet152,gemm,378,layer3.32.conv2,256,256,3,1,1,1.1637727975845338,0.0317224555318808,0.5480337693368261,l40s
resnet152,gemm,378,layer3.32.conv3,256,1024,1,1,0,1.0663471877574922,0.028167067204645315,0.5021549480632311,l40s
resnet152,gemm,378,layer3.33.conv1,1024,256,1,1,0,1.069651198387146,0.03792608013814323,0.5037108440276808,l40s
resnet152,gemm,378,layer3.33.conv2,256,256,3,1,1,1.1577632069587707,0.02386255177375112,0.5452037851598082,l40s
resnet152,gemm,378,layer3.33.conv3,256,1024,1,1,0,1.0975840032100677,0.035609177496342806,0.516864717659225,l40s
resnet152,gemm,378,layer3.34.conv1,1024,256,1,1,0,1.0571391999721527,0.026378511029417424,0.4978188024990103,l40s
resnet152,gemm,378,layer3.34.conv2,256,256,3,1,1,1.1595471918582916,0.030067336061828546,0.5460438838207784,l40s
resnet152,gemm,378,layer3.34.conv3,256,1024,1,1,0,1.067116802930832,0.032482661950439314,0.5025173685505114,l40s
resnet152,gemm,378,layer3.35.conv1,1024,256,1,1,0,1.0586607992649077,0.027651094628131027,0.49853534081092093,l40s
resnet152,gemm,378,layer3.35.conv2,256,256,3,1,1,1.1543120086193084,0.02488761484784819,0.5435785768385359,l40s
resnet152,gemm,378,layer3.35.conv3,256,1024,1,1,0,1.094646406173706,0.03219655233100378,0.5154813699989502,l40s
resnet152,gemm,378,layer4.0.conv1,1024,512,1,1,0,1.3520816028118134,0.02577815920243963,0.6367105149543694,l40s
resnet152,gemm,378,layer4.0.conv2,512,512,3,2,1,1.9036944031715393,0.03285682056624685,0.8964712198127627,l40s
resnet152,gemm,378,layer4.0.conv3,512,2048,1,1,0,1.0249503999948502,0.022593563639195752,0.48266073262609005,l40s
resnet152,gemm,378,layer4.0.downsample.0,1024,2048,1,2,0,1.786377602815628,0.04226448131482491,0.8412254120064362,l40s
resnet152,gemm,378,layer4.1.conv1,2048,512,1,1,0,1.2204032003879548,0.02396437121009002,0.5747016663454494,l40s
resnet152,gemm,378,layer4.1.conv2,512,512,3,1,1,1.8387904107570647,0.02925215842589799,0.8659071959055707,l40s
resnet152,gemm,378,layer4.1.conv3,512,2048,1,1,0,1.0269343912601472,0.025287628317080257,0.48359501654620635,l40s
resnet152,gemm,378,layer4.2.conv1,2048,512,1,1,0,1.2170800030231477,0.024372840629127167,0.5731367351304686,l40s
resnet152,gemm,378,layer4.2.conv2,512,512,3,1,1,1.8391696095466614,0.04135957987197928,0.8660857649032497,l40s
resnet152,gemm,378,layer4.2.conv3,512,2048,1,1,0,1.0542927920818328,0.02549880769387639,0.49647839683869593,l40s
resnet152,gemm,381,conv1,3,64,7,2,3,1.5760016083717345,0.07762621616241709,0.757945633337034,l40s
resnet152,gemm,381,layer1.0.conv1,64,64,1,1,0,1.1508704006671906,0.03222763836672134,0.5534875028609675,l40s
resnet152,gemm,381,layer1.0.conv2,64,64,3,1,1,1.3070288062095643,0.029715072456883547,0.6285886835710561,l40s
resnet152,gemm,381,layer1.0.conv3,64,256,1,1,0,2.1691296339035033,0.022900616378080368,1.0431983859824379,l40s
resnet152,gemm,381,layer1.0.downsample.0,64,256,1,1,0,1.9012224078178406,0.02592704834539279,0.9143539031643914,l40s
resnet152,gemm,381,layer1.1.conv1,256,64,1,1,0,1.8847119987010956,0.03619633776333565,0.9064135607001639,l40s
resnet152,gemm,381,layer1.1.conv2,64,64,3,1,1,1.308017611503601,0.037276071043328696,0.6290642291865266,l40s
resnet152,gemm,381,layer1.1.conv3,64,256,1,1,0,1.8347520053386688,0.03737395983955771,0.882386327092375,l40s
resnet152,gemm,381,layer1.2.conv1,256,64,1,1,0,1.8551696002483369,0.026818133022428588,0.8922057503866291,l40s
resnet152,gemm,381,layer1.2.conv2,64,64,3,1,1,1.2973871946334838,0.030338424150345007,0.6239517483334251,l40s
resnet152,gemm,381,layer1.2.conv3,64,256,1,1,0,1.828086405992508,0.05189495784884065,0.8791806438677136,l40s
resnet152,gemm,381,layer2.0.conv1,256,128,1,1,0,2.2006672024726868,0.04825222450705828,1.0583657324217453,l40s
resnet152,gemm,381,layer2.0.conv2,128,128,3,2,1,1.22461439371109,0.03800978166661891,0.588953163057982,l40s
resnet152,gemm,381,layer2.0.conv3,128,512,1,1,0,1.364439994096756,0.026929912751045854,0.6561994162839158,l40s
resnet152,gemm,381,layer2.0.downsample.0,256,512,1,2,0,2.4312063813209535,0.03557540525940649,1.169238819728858,l40s
resnet152,gemm,381,layer2.1.conv1,512,128,1,1,0,1.1929727971553803,0.029590281721170484,0.5737357864932523,l40s
resnet152,gemm,381,layer2.1.conv2,128,128,3,1,1,1.0398591995239257,0.030191570088189793,0.5000989436671939,l40s
resnet152,gemm,381,layer2.1.conv3,128,512,1,1,0,1.4299696028232574,0.02968384650026403,0.6877145369060649,l40s
resnet152,gemm,381,layer2.2.conv1,512,128,1,1,0,1.1873743951320648,0.027613347983213573,0.5710433499216798,l40s
resnet152,gemm,381,layer2.2.conv2,128,128,3,1,1,1.0267536014318466,0.032771758068237976,0.4937960751971393,l40s
resnet152,gemm,381,layer2.2.conv3,128,512,1,1,0,1.4017296016216279,0.033249102759790344,0.6741330878247268,l40s
resnet152,gemm,381,layer2.3.conv1,512,128,1,1,0,1.175956803560257,0.040469988419011366,0.565552293548953,l40s
resnet152,gemm,381,layer2.3.conv2,128,128,3,1,1,1.0348336011171342,0.032539464642439016,0.4976819852408198,l40s
resnet152,gemm,381,layer2.3.conv3,128,512,1,1,0,1.3921055972576142,0.02788039106631785,0.669504620414432,l40s
resnet152,gemm,381,layer2.4.conv1,512,128,1,1,0,1.173382395505905,0.027479029210662444,0.5643141848231378,l40s
resnet152,gemm,381,layer2.4.conv2,128,128,3,1,1,1.0319728076457977,0.036866180459970685,0.49630614532545403,l40s
resnet152,gemm,381,layer2.4.conv3,128,512,1,1,0,1.400414389371872,0.02498633149654003,0.6735005634819097,l40s
resnet152,gemm,381,layer2.5.conv1,512,128,1,1,0,1.1655535995960236,0.030979660296356164,0.5605490860804327,l40s
resnet152,gemm,381,layer2.5.conv2,128,128,3,1,1,1.0173520177602768,0.029472758582066116,0.48927457645471023,l40s
resnet152,gemm,381,layer2.5.conv3,128,512,1,1,0,1.405192005634308,0.025650739216392424,0.6757982599846529,l40s
resnet152,gemm,381,layer2.6.conv1,512,128,1,1,0,1.1872128009796143,0.024058133463283508,0.5709656345300381,l40s
resnet152,gemm,381,layer2.6.conv2,128,128,3,1,1,1.0173936039209366,0.034721553262490226,0.4892945764653142,l40s
resnet152,gemm,381,layer2.6.conv3,128,512,1,1,0,1.3988991916179656,0.02545413693171829,0.6727718602146574,l40s
resnet152,gemm,381,layer2.7.conv1,512,128,1,1,0,1.181083196401596,0.03302241490147324,0.5680177269902789,l40s
resnet152,gemm,381,layer2.7.conv2,128,128,3,1,1,1.0185840040445329,0.03520032822536267,0.48986707497725157,l40s
resnet152,gemm,381,layer2.7.conv3,128,512,1,1,0,1.3968672037124634,0.032229999502190146,0.6717946173287442,l40s
resnet152,gemm,381,layer3.0.conv1,512,256,1,1,0,1.5827263951301576,0.03775487122803515,0.7611797815330726,l40s
resnet152,gemm,381,layer3.0.conv2,256,256,3,2,1,1.4773343980312348,0.03261718726087097,0.7104936632160181,l40s
resnet152,gemm,381,layer3.0.conv3,256,1024,1,1,0,1.0017135947942735,0.054039879364428584,0.481753597836163,l40s
resnet152,gemm,381,layer3.0.downsample.0,512,1024,1,2,0,1.6553328037261963,0.10595803579060924,0.7960983438335952,l40s
resnet152,gemm,381,layer3.1.conv1,1024,256,1,1,0,1.075935995578766,0.04913842067500081,0.5174493384188896,l40s
resnet152,gemm,381,layer3.1.conv2,256,256,3,1,1,1.1724063873291015,0.024132545163879696,0.5638447937185984,l40s
resnet152,gemm,381,layer3.1.conv3,256,1024,1,1,0,0.9709967970848083,0.04494659058934245,0.46698098429927726,l40s
resnet152,gemm,381,layer3.2.conv1,1024,256,1,1,0,1.0797967910766602,0.05040952629189427,0.5193061087884704,l40s
resnet152,gemm,381,layer3.2.conv2,256,256,3,1,1,1.1599135875701905,0.027122662349411273,0.557836638032004,l40s
resnet152,gemm,381,layer3.2.conv3,256,1024,1,1,0,0.9692976027727127,0.05222576340687066,0.4661637916630498,l40s
resnet152,gemm,381,layer3.3.conv1,1024,256,1,1,0,1.0849488019943236,0.058082627687977055,0.521783862717911,l40s
resnet152,gemm,381,layer3.3.conv2,256,256,3,1,1,1.1699184060096741,0.034262599072473525,0.5626482501574326,l40s
resnet152,gemm,381,layer3.3.conv3,256,1024,1,1,0,0.9741552025079727,0.05261418984156454,0.46849995457575344,l40s
resnet152,gemm,381,layer3.4.conv1,1024,256,1,1,0,1.0842336118221283,0.05194974421571348,0.5214399066805937,l40s
resnet152,gemm,381,layer3.4.conv2,256,256,3,1,1,1.1523280143737793,0.03097495944161491,0.5541885122623111,l40s
resnet152,gemm,381,layer3.4.conv3,256,1024,1,1,0,0.9792304039001465,0.05055070176233571,0.4709407685400732,l40s
resnet152,gemm,381,layer3.5.conv1,1024,256,1,1,0,1.0810240030288696,0.04964947291457389,0.5198963111939852,l40s
resnet152,gemm,381,layer3.5.conv2,256,256,3,1,1,1.1618464052677155,0.020312886634547004,0.5587661870414046,l40s
resnet152,gemm,381,layer3.5.conv3,256,1024,1,1,0,0.966796800494194,0.05651528469937093,0.46496108212470044,l40s
resnet152,gemm,381,layer3.6.conv1,1024,256,1,1,0,1.0726256012916564,0.05432083874118639,0.5158572722171737,l40s
resnet152,gemm,381,layer3.6.conv2,256,256,3,1,1,1.1662303924560546,0.03602188511868221,0.5608745757183934,l40s
resnet152,gemm,381,layer3.6.conv3,256,1024,1,1,0,0.9737312018871307,0.06139401109311069,0.46829604017782883,l40s
resnet152,gemm,381,layer3.7.conv1,1024,256,1,1,0,1.0637744069099426,0.0510388390731345,0.5116004719094833,l40s
resnet152,gemm,381,layer3.7.conv2,256,256,3,1,1,1.1694319903850556,0.03705084008080306,0.5624143185442235,l40s
resnet152,gemm,381,layer3.7.conv3,256,1024,1,1,0,0.9738911986351013,0.05151296013727486,0.46837298733056537,l40s
resnet152,gemm,381,layer3.8.conv1,1024,256,1,1,0,1.0610784053802491,0.04871989812309863,0.5103038852968516,l40s
resnet152,gemm,381,layer3.8.conv2,256,256,3,1,1,1.1571808099746703,0.029176833077073114,0.5565223647251729,l40s
resnet152,gemm,381,layer3.8.conv3,256,1024,1,1,0,0.9790575981140137,0.05520788196518309,0.4708576611432794,l40s
resnet152,gemm,381,layer3.9.conv1,1024,256,1,1,0,1.0716303944587708,0.049584950331878194,0.5153786479129561,l40s
resnet152,gemm,381,layer3.9.conv2,256,256,3,1,1,1.1581008017063141,0.02932925752538613,0.5569648158698935,l40s
resnet152,gemm,381,layer3.9.conv3,256,1024,1,1,0,0.9686079949140549,0.0645199791281627,0.4658321389144687,l40s
resnet152,gemm,381,layer3.10.conv1,1024,256,1,1,0,1.0684560000896455,0.04444829386711789,0.5138519880810197,l40s
resnet152,gemm,381,layer3.10.conv2,256,256,3,1,1,1.1604591965675355,0.03063366500752797,0.5580990374831531,l40s
resnet152,gemm,381,layer3.10.conv3,256,1024,1,1,0,0.9692399978637696,0.04917158985704016,0.4661360877641703,l40s
resnet152,gemm,381,layer3.11.conv1,1024,256,1,1,0,1.0690751910209655,0.04329391648338694,0.5141497752533822,l40s
resnet152,gemm,381,layer3.11.conv2,256,256,3,1,1,1.151259195804596,0.021854461420796903,0.5536744859040644,l40s
resnet152,gemm,381,layer3.11.conv3,256,1024,1,1,0,0.9687968045473099,0.04789316105096544,0.46592294303313037,l40s
resnet152,gemm,381,layer3.12.conv1,1024,256,1,1,0,1.0758015990257264,0.04583599927131423,0.5173847031545785,l40s
resnet152,gemm,381,layer3.12.conv2,256,256,3,1,1,1.1548112094402314,0.03145670435609893,0.5553827539733244,l40s
resnet152,gemm,381,layer3.12.conv3,256,1024,1,1,0,0.9726704061031342,0.0490092498985991,0.46778587221348694,l40s
resnet152,gemm,381,layer3.13.conv1,1024,256,1,1,0,1.0780416071414947,0.04841786844436887,0.5184619890919578,l40s
resnet152,gemm,381,layer3.13.conv2,256,256,3,1,1,1.1618032038211823,0.02834745506500803,0.558745410192206,l40s
resnet152,gemm,381,layer3.13.conv3,256,1024,1,1,0,0.9749696046113968,0.047742452792386786,0.4688916245555249,l40s
resnet152,gemm,381,layer3.14.conv1,1024,256,1,1,0,1.0617439985275268,0.04540002023796261,0.5106239886627861,l40s
resnet152,gemm,381,layer3.14.conv2,256,256,3,1,1,1.1643119931221009,0.029862699627325847,0.5599519609250816,l40s
resnet152,gemm,381,layer3.14.conv3,256,1024,1,1,0,0.9790143996477128,0.054465845070901873,0.4708368857273625,l40s
resnet152,gemm,381,layer3.15.conv1,1024,256,1,1,0,1.0916336178779602,0.12997159768745004,0.5249987877419401,l40s
resnet152,gemm,381,layer3.15.conv2,256,256,3,1,1,1.154262399673462,0.036417435248200396,0.5551188151778015,l40s
resnet152,gemm,381,layer3.15.conv3,256,1024,1,1,0,0.9708512008190155,0.07206636705692807,0.4669109627629402,l40s
resnet152,gemm,381,layer3.16.conv1,1024,256,1,1,0,1.0866208016872405,0.04949936422486036,0.5225879766600893,l40s
resnet152,gemm,381,layer3.16.conv2,256,256,3,1,1,1.1643168032169342,0.024601533097114794,0.5599542742414865,l40s
resnet152,gemm,381,layer3.16.conv3,256,1024,1,1,0,0.9656095951795578,0.058001821000339265,0.4643901200905736,l40s
resnet152,gemm,381,layer3.17.conv1,1024,256,1,1,0,1.077780795097351,0.047751905936819335,0.5183365568912986,l40s
resnet152,gemm,381,layer3.17.conv2,256,256,3,1,1,1.1689535975456238,0.03475585322913393,0.5621842453249191,l40s
resnet152,gemm,381,layer3.17.conv3,256,1024,1,1,0,0.9777568012475968,0.05299904518797529,0.4702320695832696,l40s
resnet152,gemm,381,layer3.18.conv1,1024,256,1,1,0,1.06528799533844,0.0444330612322865,0.5123284012047042,l40s
resnet152,gemm,381,layer3.18.conv2,256,256,3,1,1,1.1575967907905578,0.025027207289789664,0.5567224221624744,l40s
resnet152,gemm,381,layer3.18.conv3,256,1024,1,1,0,0.9703888028860093,0.0552096936552976,0.46668858196565893,l40s
resnet152,gemm,381,layer3.19.conv1,1024,256,1,1,0,1.0729679942131043,0.049334587015631794,0.5160219390666987,l40s
resnet152,gemm,381,layer3.19.conv2,256,256,3,1,1,1.1626719951629638,0.02331818001905789,0.5591632375600757,l40s
resnet152,gemm,381,layer3.19.conv3,256,1024,1,1,0,0.9738639980554581,0.05585720227124423,0.4683599057699532,l40s
resnet152,gemm,381,layer3.20.conv1,1024,256,1,1,0,1.0880927979946136,0.05384599049014687,0.5232959030781431,l40s
resnet152,gemm,381,layer3.20.conv2,256,256,3,1,1,1.171339201927185,0.03443750657193106,0.5633315527986354,l40s
resnet152,gemm,381,layer3.20.conv3,256,1024,1,1,0,0.9656511962413787,0.05536504004372319,0.4644101272675853,l40s
resnet152,gemm,381,layer3.21.conv1,1024,256,1,1,0,1.067108803987503,0.04578385965970771,0.5132040817607194,l40s
resnet152,gemm,381,layer3.21.conv2,256,256,3,1,1,1.1543232142925262,0.025612955198159662,0.5551480627208991,l40s
resnet152,gemm,381,layer3.21.conv3,256,1024,1,1,0,0.9694255977869034,0.05708179386394961,0.4662253482386138,l40s
resnet152,gemm,381,layer3.22.conv1,1024,256,1,1,0,1.074135994911194,0.04201763055328699,0.5165836650345842,l40s
resnet152,gemm,381,layer3.22.conv2,256,256,3,1,1,1.152208000421524,0.02848129307395887,0.5541307940147102,l40s
resnet152,gemm,381,layer3.22.conv3,256,1024,1,1,0,0.9683760046958924,0.06447066250422982,0.4657205679795794,l40s
resnet152,gemm,381,layer3.23.conv1,1024,256,1,1,0,1.078572803735733,0.052236385255428994,0.5187174571935814,l40s
resnet152,gemm,381,layer3.23.conv2,256,256,3,1,1,1.1539872109889984,0.021275027649611956,0.5549864688269951,l40s
resnet152,gemm,381,layer3.23.conv3,256,1024,1,1,0,0.9683087974786758,0.0643458511370557,0.46568824604757914,l40s
resnet152,gemm,381,layer3.24.conv1,1024,256,1,1,0,1.0639551877975464,0.06269831099249626,0.5116874147676773,l40s
resnet152,gemm,381,layer3.24.conv2,256,256,3,1,1,1.160665613412857,0.03529038540134869,0.5581983094291509,l40s
resnet152,gemm,381,layer3.24.conv3,256,1024,1,1,0,0.9808495938777924,0.053200896021105254,0.4717194847333694,l40s
resnet152,gemm,381,layer3.25.conv1,1024,256,1,1,0,1.0662847876548767,0.060565619135019726,0.5128077880147011,l40s
resnet152,gemm,381,layer3.25.conv2,256,256,3,1,1,1.142655998468399,0.027949376913486736,0.5495369546864128,l40s
resnet152,gemm,381,layer3.25.conv3,256,1024,1,1,0,0.9637152016162872,0.06456213134567379,0.4634790503800635,l40s
resnet152,gemm,381,layer3.26.conv1,1024,256,1,1,0,1.0873967945575713,0.0599542499651228,0.522961174507378,l40s
resnet152,gemm,381,layer3.26.conv2,256,256,3,1,1,1.1727952003479003,0.029952265223445653,0.5640317853613845,l40s
resnet152,gemm,381,layer3.26.conv3,256,1024,1,1,0,0.9688192009925842,0.05908738374352812,0.46593371414390067,l40s
resnet152,gemm,381,layer3.27.conv1,1024,256,1,1,0,1.0772960126399993,0.051722424034096624,0.5181034107163733,l40s
resnet152,gemm,381,layer3.27.conv2,256,256,3,1,1,1.1650208175182342,0.029714000589243002,0.56029285547303,l40s
resnet152,gemm,381,layer3.27.conv3,256,1024,1,1,0,0.9798271954059601,0.05497226337439358,0.4712277831683841,l40s
resnet152,gemm,381,layer3.28.conv1,1024,256,1,1,0,1.07154238820076,0.061140760445408004,0.5153363231090908,l40s
resnet152,gemm,381,layer3.28.conv2,256,256,3,1,1,1.159214401245117,0.03591299502942778,0.5575003787165544,l40s
resnet152,gemm,381,layer3.28.conv3,256,1024,1,1,0,0.9778640002012253,0.05412301254836232,0.4702836247202501,l40s
resnet152,gemm,381,layer3.29.conv1,1024,256,1,1,0,1.0743167996406555,0.053200717293125865,0.5166706193590304,l40s
resnet152,gemm,381,layer3.29.conv2,256,256,3,1,1,1.1564847946166992,0.028078200271301354,0.5561876304212817,l40s
resnet152,gemm,381,layer3.29.conv3,256,1024,1,1,0,0.9624400019645691,0.04760375060869,0.4628657692751976,l40s
resnet152,gemm,381,layer3.30.conv1,1024,256,1,1,0,1.069761610031128,0.05791784524595565,0.514479894390716,l40s
resnet152,gemm,381,layer3.30.conv2,256,256,3,1,1,1.15133598446846,0.025258601934985057,0.5537114158362146,l40s
resnet152,gemm,381,layer3.30.conv3,256,1024,1,1,0,0.9674495995044708,0.05600041846598195,0.46527503241298546,l40s
resnet152,gemm,381,layer3.31.conv1,1024,256,1,1,0,1.0786224007606506,0.05479481850441122,0.5187413098649639,l40s
resnet152,gemm,381,layer3.31.conv2,256,256,3,1,1,1.1560448050498962,0.029782951386319503,0.5559760264678969,l40s
resnet152,gemm,381,layer3.31.conv3,256,1024,1,1,0,0.9651392072439193,0.0485360330829939,0.46416389666548463,l40s
resnet152,gemm,381,layer3.32.conv1,1024,256,1,1,0,1.065172803401947,0.04852359668329608,0.5122730020066345,l40s
resnet152,gemm,381,layer3.32.conv2,256,256,3,1,1,1.1635919988155365,0.024893065440459206,0.5596056944379224,l40s
resnet152,gemm,381,layer3.32.conv3,256,1024,1,1,0,0.9725551933050156,0.04323335572188894,0.46773046298244647,l40s
resnet152,gemm,381,layer3.33.conv1,1024,256,1,1,0,1.0678207933902741,0.047270874831918754,0.5135464984536631,l40s
resnet152,gemm,381,layer3.33.conv2,256,256,3,1,1,1.1567503929138183,0.02137958242383331,0.5563153644720934,l40s
resnet152,gemm,381,layer3.33.conv3,256,1024,1,1,0,0.9681504040956497,0.04558094412675065,0.4656120700003109,l40s
resnet152,gemm,381,layer3.34.conv1,1024,256,1,1,0,1.0703264057636261,0.056402986628496576,0.5147515213084174,l40s
resnet152,gemm,381,layer3.34.conv2,256,256,3,1,1,1.1522175967693329,0.03011462412151965,0.5541354091812678,l40s
resnet152,gemm,381,layer3.34.conv3,256,1024,1,1,0,0.9694703966379166,0.04590615773838754,0.4662468933267175,l40s
resnet152,gemm,381,layer3.35.conv1,1024,256,1,1,0,1.085662406682968,0.04848558841560942,0.5221270562494491,l40s
resnet152,gemm,381,layer3.35.conv2,256,256,3,1,1,1.155024003982544,0.03323243571629362,0.5554850931418168,l40s
resnet152,gemm,381,layer3.35.conv3,256,1024,1,1,0,0.9764560103416443,0.0431048504319049,0.4696064808898229,l40s
resnet152,gemm,381,layer4.0.conv1,1024,512,1,1,0,1.3842128038406372,0.0685750493764683,0.6657087433839448,l40s
resnet152,gemm,381,layer4.0.conv2,512,512,3,2,1,1.9174896061420441,0.030725202829424474,0.9221772783887328,l40s
resnet152,gemm,381,layer4.0.conv3,512,2048,1,1,0,1.0350720047950746,0.026033276158548443,0.49779664059758255,l40s
resnet152,gemm,381,layer4.0.downsample.0,1024,2048,1,2,0,1.7270080029964447,0.03318384097319036,0.830569060117682,l40s
resnet152,gemm,381,layer4.1.conv1,2048,512,1,1,0,1.2243599951267243,0.027044090920304895,0.5888308152791962,l40s
resnet152,gemm,381,layer4.1.conv2,512,512,3,1,1,1.8509599983692169,0.025639085887709023,0.8901812287456502,l40s
resnet152,gemm,381,layer4.1.conv3,512,2048,1,1,0,1.0144832015037537,0.023034050248893732,0.4878948781454398,l40s
resnet152,gemm,381,layer4.2.conv1,2048,512,1,1,0,1.2230863928794862,0.024424301685266686,0.5882183024132356,l40s
resnet152,gemm,381,layer4.2.conv2,512,512,3,1,1,1.840855997800827,0.0258236251377309,0.8853219170105826,l40s
resnet152,gemm,381,layer4.2.conv3,512,2048,1,1,0,1.0181424021720886,0.01641251617959512,0.4896546956185538,l40s
resnet152,gemm,384,conv1,3,64,7,2,3,1.643295991420746,0.35274637211675014,0.7694820560140899,l40s
resnet152,gemm,384,layer1.0.conv1,64,64,1,1,0,1.1357664108276366,0.02890900282045408,0.5318286404385372,l40s
resnet152,gemm,384,layer1.0.conv2,64,64,3,1,1,1.4100431978702546,0.030553730166908467,0.6602601993982982,l40s
resnet152,gemm,384,layer1.0.conv3,64,256,1,1,0,1.87677920460701,0.05320435260267719,0.8788118078453548,l40s
resnet152,gemm,384,layer1.0.downsample.0,64,256,1,1,0,1.8777631938457489,0.03278903019735026,0.8792725660206766,l40s
resnet152,gemm,384,layer1.1.conv1,256,64,1,1,0,1.9098783910274506,0.03207533457174249,0.8943106772834615,l40s
resnet152,gemm,384,layer1.1.conv2,64,64,3,1,1,1.3794591903686524,0.03069920352885331,0.6459390758171857,l40s
resnet152,gemm,384,layer1.1.conv3,64,256,1,1,0,1.8391519963741303,0.03134818111981212,0.8611926681990187,l40s
resnet152,gemm,384,layer1.2.conv1,256,64,1,1,0,1.8931983888149262,0.027014470175466314,0.8865001778580257,l40s
resnet152,gemm,384,layer1.2.conv2,64,64,3,1,1,1.3789328038692474,0.02868020499193818,0.6456925925494513,l40s
resnet152,gemm,384,layer1.2.conv3,64,256,1,1,0,1.828353601694107,0.027961639811995825,0.8561362626680515,l40s
resnet152,gemm,384,layer2.0.conv1,256,128,1,1,0,2.1863344073295594,0.03092139072747145,1.0237626718919879,l40s
resnet152,gemm,384,layer2.0.conv2,128,128,3,2,1,1.2238080143928527,0.017534262355815816,0.5730545878514365,l40s
resnet152,gemm,384,layer2.0.conv3,128,512,1,1,0,1.369540810585022,0.019880814685378466,0.6412947419247637,l40s
resnet152,gemm,384,layer2.0.downsample.0,256,512,1,2,0,2.407326412200928,0.03141342541811342,1.1272433492373253,l40s
resnet152,gemm,384,layer2.1.conv1,512,128,1,1,0,1.1920671939849854,0.022526617393540557,0.5581917804968689,l40s
resnet152,gemm,384,layer2.1.conv2,128,128,3,1,1,1.081886398792267,0.020512827788235988,0.5065990392860417,l40s
resnet152,gemm,384,layer2.1.conv3,128,512,1,1,0,1.4269039928913116,0.024241857733917366,0.6681553560143733,l40s
resnet152,gemm,384,layer2.2.conv1,512,128,1,1,0,1.2080975949764252,0.030918032421984095,0.5656981007082137,l40s
resnet152,gemm,384,layer2.2.conv2,128,128,3,1,1,1.0678287863731384,0.02410147752598616,0.5000164877777354,l40s
resnet152,gemm,384,layer2.2.conv3,128,512,1,1,0,1.4114223957061767,0.026342641392771995,0.6609060160935109,l40s
resnet152,gemm,384,layer2.3.conv1,512,128,1,1,0,1.273793590068817,0.3223674103739869,0.5964605985415343,l40s
resnet152,gemm,384,layer2.3.conv2,128,128,3,1,1,1.0668047964572906,0.021993940836362188,0.49953699907338883,l40s
resnet152,gemm,384,layer2.3.conv3,128,512,1,1,0,1.4415567874908448,0.21464407134188304,0.6750166047325988,l40s
resnet152,gemm,384,layer2.4.conv1,512,128,1,1,0,1.204583990573883,0.030265571002957153,0.5640528368276935,l40s
resnet152,gemm,384,layer2.4.conv2,128,128,3,1,1,1.06069917678833,0.021748331257369444,0.49667801030895453,l40s
resnet152,gemm,384,layer2.4.conv3,128,512,1,1,0,1.400542402267456,0.02532013716055141,0.6558114015113816,l40s
resnet152,gemm,384,layer2.5.conv1,512,128,1,1,0,1.2045376002788544,0.023279608812461904,0.5640311143262183,l40s
resnet152,gemm,384,layer2.5.conv2,128,128,3,1,1,1.0626368045806884,0.026999504621671874,0.49758531479045875,l40s
resnet152,gemm,384,layer2.5.conv3,128,512,1,1,0,1.4125632107257844,0.02901447098444904,0.6614402087717638,l40s
resnet152,gemm,384,layer2.6.conv1,512,128,1,1,0,1.207886403799057,0.03077420949098227,0.5655992093202826,l40s
resnet152,gemm,384,layer2.6.conv2,128,128,3,1,1,1.063375997543335,0.03189625209340499,0.4979314458122941,l40s
resnet152,gemm,384,layer2.6.conv3,128,512,1,1,0,1.3986975967884063,0.027399088372457296,0.6549475615699613,l40s
resnet152,gemm,384,layer2.7.conv1,512,128,1,1,0,1.199208003282547,0.02966008685040915,0.5615355022904951,l40s
resnet152,gemm,384,layer2.7.conv2,128,128,3,1,1,1.0558576107025146,0.017045550389020874,0.49441092133320624,l40s
resnet152,gemm,384,layer2.7.conv3,128,512,1,1,0,1.4038015842437743,0.02474537335828732,0.6573375307426063,l40s
resnet152,gemm,384,layer3.0.conv1,512,256,1,1,0,1.6226079940795899,0.034296308533514196,0.759794791630804,l40s
resnet152,gemm,384,layer3.0.conv2,256,256,3,2,1,1.4697823882102967,0.027679524938314517,0.6882333918404765,l40s
resnet152,gemm,384,layer3.0.conv3,256,1024,1,1,0,1.0282912045717238,0.029932530009424925,0.4815028055846239,l40s
resnet152,gemm,384,layer3.0.downsample.0,512,1024,1,2,0,1.754971206188202,0.030545067160579874,0.8217745671099046,l40s
resnet152,gemm,384,layer3.1.conv1,1024,256,1,1,0,1.0680656015872956,0.02765717949101635,0.5001273777566779,l40s
resnet152,gemm,384,layer3.1.conv2,256,256,3,1,1,1.1713055968284607,0.028210145571749744,0.5484700526100219,l40s
resnet152,gemm,384,layer3.1.conv3,256,1024,1,1,0,1.1071967959403992,0.03031410442608886,0.5184507668736199,l40s
resnet152,gemm,384,layer3.2.conv1,1024,256,1,1,0,1.059054398536682,0.02654205498749432,0.49590783417673434,l40s
resnet152,gemm,384,layer3.2.conv2,256,256,3,1,1,1.1792767882347106,0.033854896909542034,0.5522026052263403,l40s
resnet152,gemm,384,layer3.2.conv3,256,1024,1,1,0,1.0603856086730956,0.025403950006394803,0.49653118037735927,l40s
resnet152,gemm,384,layer3.3.conv1,1024,256,1,1,0,1.0595327973365785,0.029402402528770223,0.496131846949881,l40s
resnet152,gemm,384,layer3.3.conv2,256,256,3,1,1,1.1607376039028168,0.03544425337567001,0.5435215339214707,l40s
resnet152,gemm,384,layer3.3.conv3,256,1024,1,1,0,1.0800080120563507,0.036268588646582126,0.5057194747431423,l40s
resnet152,gemm,384,layer3.4.conv1,1024,256,1,1,0,1.0664784014225006,0.03402616174133407,0.4993841628687402,l40s
resnet152,gemm,384,layer3.4.conv2,256,256,3,1,1,1.1557743906974793,0.03569693633189508,0.5411974830373829,l40s
resnet152,gemm,384,layer3.4.conv3,256,1024,1,1,0,1.0651199996471405,0.02998891190848606,0.4987480840390867,l40s
resnet152,gemm,384,layer3.5.conv1,1024,256,1,1,0,1.071121609210968,0.02908489263879089,0.5015583695206298,l40s
resnet152,gemm,384,layer3.5.conv2,256,256,3,1,1,1.1487263917922974,0.026113627427780867,0.5378972202018023,l40s
resnet152,gemm,384,layer3.5.conv3,256,1024,1,1,0,1.0903776049613954,0.03505692588868534,0.5105750915707012,l40s
resnet152,gemm,384,layer3.6.conv1,1024,256,1,1,0,1.0638160049915313,0.029056765561505344,0.4981374816315666,l40s
resnet152,gemm,384,layer3.6.conv2,256,256,3,1,1,1.1635183990001678,0.02704326766366362,0.544823655961587,l40s
resnet152,gemm,384,layer3.6.conv3,256,1024,1,1,0,1.0624384045600892,0.03446801098751787,0.49749241292946655,l40s
resnet152,gemm,384,layer3.7.conv1,1024,256,1,1,0,1.0845120072364807,0.03967865264365644,0.5078284943534728,l40s
resnet152,gemm,384,layer3.7.conv2,256,256,3,1,1,1.1677248120307921,0.03809732237394206,0.5467933311534864,l40s
resnet152,gemm,384,layer3.7.conv3,256,1024,1,1,0,1.0891888082027434,0.039511533794369405,0.5100184311888796,l40s
resnet152,gemm,384,layer3.8.conv1,1024,256,1,1,0,1.0668879985809325,0.036018501288885875,0.4995759589086826,l40s
resnet152,gemm,384,layer3.8.conv2,256,256,3,1,1,1.168857592344284,0.046478153545357566,0.5473237615380238,l40s
resnet152,gemm,384,layer3.8.conv3,256,1024,1,1,0,1.0690447807312011,0.05158072287170925,0.5005858835796048,l40s
resnet152,gemm,384,layer3.9.conv1,1024,256,1,1,0,1.075,0.05061835168144761,0.5033744465596728,l40s
resnet152,gemm,384,layer3.9.conv2,256,256,3,1,1,1.1696112155914307,0.04682080842997204,0.5476766496170442,l40s
resnet152,gemm,384,layer3.9.conv3,256,1024,1,1,0,1.0944479942321776,0.03653664109298931,0.5124810729162478,l40s
resnet152,gemm,384,layer3.10.conv1,1024,256,1,1,0,1.0709424018859863,0.05400100769632318,0.5014744547410651,l40s
resnet152,gemm,384,layer3.10.conv2,256,256,3,1,1,1.1744016051292419,0.04766134298942807,0.5499197749029986,l40s
resnet152,gemm,384,layer3.10.conv3,256,1024,1,1,0,1.0687712013721467,0.050794859656054965,0.5004577785949962,l40s
resnet152,gemm,384,layer3.11.conv1,1024,256,1,1,0,1.0661135852336883,0.04912122173197311,0.49921333575512217,l40s
resnet152,gemm,384,layer3.11.conv2,256,256,3,1,1,1.1834879875183106,0.10020251912682854,0.5541745216065587,l40s
resnet152,gemm,384,layer3.11.conv3,256,1024,1,1,0,1.1002848088741302,0.045920316013907725,0.515214192302354,l40s
resnet152,gemm,384,layer3.12.conv1,1024,256,1,1,0,1.0715856015682221,0.040100895739916556,0.5017756364006677,l40s
resnet152,gemm,384,layer3.12.conv2,256,256,3,1,1,1.1808335840702058,0.10152359393223646,0.5529315831259671,l40s
resnet152,gemm,384,layer3.12.conv3,256,1024,1,1,0,1.0768672108650208,0.03482717966073732,0.504248777941803,l40s
resnet152,gemm,384,layer3.13.conv1,1024,256,1,1,0,1.054691195487976,0.029582621313142193,0.4938647412280182,l40s
resnet152,gemm,384,layer3.13.conv2,256,256,3,1,1,1.1745887994766235,0.10170595767191623,0.5500074296481263,l40s
resnet152,gemm,384,layer3.13.conv3,256,1024,1,1,0,1.0872128009796143,0.030703122925590534,0.5090931553355394,l40s
resnet152,gemm,384,layer3.14.conv1,1024,256,1,1,0,1.0602703988552094,0.02451327225287696,0.4964772327696228,l40s
resnet152,gemm,384,layer3.14.conv2,256,256,3,1,1,1.186739194393158,0.1046874961485091,0.5556969164542583,l40s
resnet152,gemm,384,layer3.14.conv3,256,1024,1,1,0,1.057143998146057,0.02939346817819808,0.4950132790703732,l40s
resnet152,gemm,384,layer3.15.conv1,1024,256,1,1,0,1.0677856028079986,0.04096400514095682,0.4999962668445236,l40s
resnet152,gemm,384,layer3.15.conv2,256,256,3,1,1,1.1669135987758636,0.027128550590073245,0.5464134762481454,l40s
resnet152,gemm,384,layer3.15.conv3,256,1024,1,1,0,1.0948000073432922,0.03423050195989008,0.5126459049208887,l40s
resnet152,gemm,384,layer3.16.conv1,1024,256,1,1,0,1.066780799627304,0.026074967583662585,0.4995257624305854,l40s
resnet152,gemm,384,layer3.16.conv2,256,256,3,1,1,1.1770543932914734,0.10503279252999775,0.5511619570174203,l40s
resnet152,gemm,384,layer3.16.conv3,256,1024,1,1,0,1.0559024035930633,0.02639984211221193,0.49443189584156877,l40s
resnet152,gemm,384,layer3.17.conv1,1024,256,1,1,0,1.0605327904224395,0.025866913905805936,0.49660009901142405,l40s
resnet152,gemm,384,layer3.17.conv2,256,256,3,1,1,1.1944096088409424,0.10636098372252041,0.5592886286659206,l40s
resnet152,gemm,384,layer3.17.conv3,256,1024,1,1,0,1.0765968024730683,0.024465348362481334,0.5041221577793433,l40s
resnet152,gemm,384,layer3.18.conv1,1024,256,1,1,0,1.0528256058692933,0.027254923314844713,0.4929911690030769,l40s
resnet152,gemm,384,layer3.18.conv2,256,256,3,1,1,1.1957311987876893,0.10259231314339669,0.5599074701617555,l40s
resnet152,gemm,384,layer3.18.conv3,256,1024,1,1,0,1.072111999988556,0.026669265087484587,0.5020221252504402,l40s
resnet152,gemm,384,layer3.19.conv1,1024,256,1,1,0,1.0558895945549012,0.014681378657487419,0.49442589794157266,l40s
resnet152,gemm,384,layer3.19.conv2,256,256,3,1,1,1.1659760057926178,0.09958266072458417,0.545974443365318,l40s
resnet152,gemm,384,layer3.19.conv3,256,1024,1,1,0,1.0909631967544555,0.032838616961523306,0.5108492980309259,l40s
resnet152,gemm,384,layer3.20.conv1,1024,256,1,1,0,1.0602127969264985,0.027995160570677344,0.49645026036126405,l40s
resnet152,gemm,384,layer3.20.conv2,256,256,3,1,1,1.18085920214653,0.10376087976764078,0.5529435789259594,l40s
resnet152,gemm,384,layer3.20.conv3,256,1024,1,1,0,1.0661408007144928,0.03546725085710666,0.4992260795482271,l40s
resnet152,gemm,384,layer3.21.conv1,1024,256,1,1,0,1.0488815903663635,0.02417196806396278,0.49114436284399776,l40s
resnet152,gemm,384,layer3.21.conv2,256,256,3,1,1,1.1830576002597808,0.1063024779827349,0.553972990492076,l40s
resnet152,gemm,384,layer3.21.conv3,256,1024,1,1,0,1.0908095955848693,0.0335405706414482,0.5107773734693154,l40s
resnet152,gemm,384,layer3.22.conv1,1024,256,1,1,0,1.061820811033249,0.030623835713212172,0.49720322148781815,l40s
resnet152,gemm,384,layer3.22.conv2,256,256,3,1,1,1.1762143969535828,0.09578005717760056,0.5507686242809572,l40s
resnet152,gemm,384,layer3.22.conv3,256,1024,1,1,0,1.0734384179115295,0.021469491029056296,0.5026432274717273,l40s
resnet152,gemm,384,layer3.23.conv1,1024,256,1,1,0,1.0782656073570251,0.03114599083456947,0.5049035845094623,l40s
resnet152,gemm,384,layer3.23.conv2,256,256,3,1,1,1.1595504105091095,0.035460518693345336,0.5429656243237807,l40s
resnet152,gemm,384,layer3.23.conv3,256,1024,1,1,0,1.088131207227707,0.02899377547206454,0.5095232039279587,l40s
resnet152,gemm,384,layer3.24.conv1,1024,256,1,1,0,1.063463991880417,0.027330604230840844,0.4979726496269258,l40s
resnet152,gemm,384,layer3.24.conv2,256,256,3,1,1,1.1781663954257966,0.1015065564425418,0.5516826579094557,l40s
resnet152,gemm,384,layer3.24.conv3,256,1024,1,1,0,1.0556224048137666,0.023816757006001766,0.4943007849294145,l40s
resnet152,gemm,384,layer3.25.conv1,1024,256,1,1,0,1.052052801847458,0.02005611102689915,0.49262929942466716,l40s
resnet152,gemm,384,layer3.25.conv2,256,256,3,1,1,1.1840560019016266,0.09673942704217207,0.5544404973515257,l40s
resnet152,gemm,384,layer3.25.conv3,256,1024,1,1,0,1.0849696040153503,0.0373111584127543,0.5080427664700411,l40s
resnet152,gemm,384,layer3.26.conv1,1024,256,1,1,0,1.055676805973053,0.021675344558377614,0.4943262585605289,l40s
resnet152,gemm,384,layer3.26.conv2,256,256,3,1,1,1.1753024101257323,0.10899056847337155,0.5503415816160837,l40s
resnet152,gemm,384,layer3.26.conv3,256,1024,1,1,0,1.067801594734192,0.03710135835299068,0.5000037551487068,l40s
resnet152,gemm,384,layer3.27.conv1,1024,256,1,1,0,1.0589727938175202,0.023707376075381925,0.4958696223345532,l40s
resnet152,gemm,384,layer3.27.conv2,256,256,3,1,1,1.1860656082630157,0.09769351693131718,0.555381506179402,l40s
resnet152,gemm,384,layer3.27.conv3,256,1024,1,1,0,1.0804912090301513,0.02945555309367973,0.5059457342866457,l40s
resnet152,gemm,384,layer3.28.conv1,1024,256,1,1,0,1.0526912033557891,0.026647772454292958,0.49292823431391286,l40s
resnet152,gemm,384,layer3.28.conv2,256,256,3,1,1,1.1697712123394013,0.10435966684770866,0.5477515689421242,l40s
resnet152,gemm,384,layer3.28.conv3,256,1024,1,1,0,1.0662928104400635,0.025850264618443742,0.49929725890774423,l40s
resnet152,gemm,384,layer3.29.conv1,1024,256,1,1,0,1.0580080151557922,0.02981878234296731,0.49541785961371604,l40s
resnet152,gemm,384,layer3.29.conv2,256,256,3,1,1,1.1742016077041626,0.09803853201685463,0.5498261250488937,l40s
resnet152,gemm,384,layer3.29.conv3,256,1024,1,1,0,1.084089595079422,0.029119149623145074,0.5076306976225151,l40s
resnet152,gemm,384,layer3.30.conv1,1024,256,1,1,0,1.0572159826755523,0.020230901826758522,0.49504698620776433,l40s
resnet152,gemm,384,layer3.30.conv2,256,256,3,1,1,1.1788415968418122,0.09388047630035513,0.551998824550482,l40s
resnet152,gemm,384,layer3.30.conv3,256,1024,1,1,0,1.053679996728897,0.025453766190168703,0.4933912420506105,l40s
resnet152,gemm,384,layer3.31.conv1,1024,256,1,1,0,1.0519632041454314,0.01855554186396012,0.49258734482590383,l40s
resnet152,gemm,384,layer3.31.conv2,256,256,3,1,1,1.154337602853775,0.034434199667666025,0.5405246995158496,l40s
resnet152,gemm,384,layer3.31.conv3,256,1024,1,1,0,1.0887824058532716,0.027706547786704352,0.5098281311351623,l40s
resnet152,gemm,384,layer3.32.conv1,1024,256,1,1,0,1.0623631954193116,0.023066514187943598,0.4974571958507548,l40s
resnet152,gemm,384,layer3.32.conv2,256,256,3,1,1,1.1880320012569427,0.0992326596562309,0.5563022801189712,l40s
resnet152,gemm,384,layer3.32.conv3,256,1024,1,1,0,1.073113602399826,0.030338315936972962,0.502491130887134,l40s
resnet152,gemm,384,layer3.33.conv1,1024,256,1,1,0,1.0555440008640289,0.024922414335670523,0.49426407186447746,l40s
resnet152,gemm,384,layer3.33.conv2,256,256,3,1,1,1.1735199987888336,0.09958667645355727,0.5495069580623599,l40s
resnet152,gemm,384,layer3.33.conv3,256,1024,1,1,0,1.0933712005615235,0.030596060834858746,0.5119768585738994,l40s
resnet152,gemm,384,layer3.34.conv1,1024,256,1,1,0,1.0688399851322175,0.028378353649058496,0.5004899869551431,l40s
resnet152,gemm,384,layer3.34.conv2,256,256,3,1,1,1.181052803993225,0.10340016596414105,0.5530342340165947,l40s
resnet152,gemm,384,layer3.34.conv3,256,1024,1,1,0,1.0566079914569855,0.026500768474053606,0.49476229109784886,l40s
resnet152,gemm,384,layer3.35.conv1,1024,256,1,1,0,1.0722335934638978,0.025570460393013847,0.5020790620396081,l40s
resnet152,gemm,384,layer3.35.conv2,256,256,3,1,1,1.1779039919376373,0.09923437986070427,0.5515597860856162,l40s
resnet152,gemm,384,layer3.35.conv3,256,1024,1,1,0,1.0809423983097077,0.023406608778148975,0.5061570060577064,l40s
resnet152,gemm,384,layer4.0.conv1,1024,512,1,1,0,1.3700991988182067,0.04447179890364319,0.6415562101739217,l40s
resnet152,gemm,384,layer4.0.conv2,512,512,3,2,1,1.9157280027866364,0.05953861379398037,0.8970497889875257,l40s
resnet152,gemm,384,layer4.0.conv3,512,2048,1,1,0,1.0434431970119475,0.0898478725050314,0.48859780633706484,l40s
resnet152,gemm,384,layer4.0.downsample.0,1024,2048,1,2,0,1.7940047979354858,0.0937458392044513,0.840052253289463,l40s
resnet152,gemm,384,layer4.1.conv1,2048,512,1,1,0,1.2434400022029877,0.0842793162850778,0.582247370175895,l40s
resnet152,gemm,384,layer4.1.conv2,512,512,3,1,1,1.8791647970676422,0.1365374296386163,0.8799288741565992,l40s
resnet152,gemm,384,layer4.1.conv3,512,2048,1,1,0,1.0379568040370941,0.08652528913341113,0.48602877375350595,l40s
resnet152,gemm,384,layer4.2.conv1,2048,512,1,1,0,1.2558480024337768,0.09513564154654827,0.5880574820355097,l40s
resnet152,gemm,384,layer4.2.conv2,512,512,3,1,1,1.866462391614914,0.06128032981638686,0.8739809054917212,l40s
resnet152,gemm,384,layer4.2.conv3,512,2048,1,1,0,1.0728127896785735,0.08933628345622886,0.5023502737363633,l40s
resnet152,gemm,386,conv1,3,64,7,2,3,1.5895344018936157,0.021044424783416525,0.7340187001323477,l40s
resnet152,gemm,386,layer1.0.conv1,64,64,1,1,0,1.1352655947208405,0.025631558588051512,0.5242454489498614,l40s
resnet152,gemm,386,layer1.0.conv2,64,64,3,1,1,1.318254405260086,0.03324038627329078,0.608746425267687,l40s
resnet152,gemm,386,layer1.0.conv3,64,256,1,1,0,2.1885680079460146,0.03140704559867343,1.0106417592661148,l40s
resnet152,gemm,386,layer1.0.downsample.0,64,256,1,1,0,2.3330383896827698,0.03436705080282488,1.077355610620138,l40s
resnet152,gemm,386,layer1.1.conv1,256,64,1,1,0,1.8910592079162598,0.0341393378270652,0.8732574897494424,l40s
resnet152,gemm,386,layer1.1.conv2,64,64,3,1,1,1.313487994670868,0.03361755089468794,0.6065453816785537,l40s
resnet152,gemm,386,layer1.1.conv3,64,256,1,1,0,2.1361199975013734,0.0448253682419401,0.9864222013847371,l40s
resnet152,gemm,386,layer1.2.conv1,256,64,1,1,0,1.8848544001579284,0.03698604387977868,0.8703922199447021,l40s
resnet152,gemm,386,layer1.2.conv2,64,64,3,1,1,1.3122447907924653,0.039317738987126004,0.6059712922510222,l40s
resnet152,gemm,386,layer1.2.conv3,64,256,1,1,0,2.0073343932628633,0.049037703688493126,0.9269513011599322,l40s
resnet152,gemm,386,layer2.0.conv1,256,128,1,1,0,2.1904800176620483,0.050757880171483985,1.0115246913276867,l40s
resnet152,gemm,386,layer2.0.conv2,128,128,3,2,1,1.2555296003818512,0.023376647436951635,0.579781226598235,l40s
resnet152,gemm,386,layer2.0.conv3,128,512,1,1,0,1.4521551966667174,0.02935715963010021,0.6705794278990866,l40s
resnet152,gemm,386,layer2.0.downsample.0,256,512,1,2,0,2.2389711856842043,0.037638676015327346,1.0339170497926056,l40s
resnet152,gemm,386,layer2.1.conv1,512,128,1,1,0,1.2178528010845184,0.03250229307460516,0.5623827511626424,l40s
resnet152,gemm,386,layer2.1.conv2,128,128,3,1,1,1.0880352079868316,0.02511408108681017,0.502435296847494,l40s
resnet152,gemm,386,layer2.1.conv3,128,512,1,1,0,1.2384848117828369,0.016474943165648976,0.5719102465448467,l40s
resnet152,gemm,386,layer2.2.conv1,512,128,1,1,0,1.2365807950496674,0.04352750830836712,0.5710310055005219,l40s
resnet152,gemm,386,layer2.2.conv2,128,128,3,1,1,1.066502422094345,0.018526999243333144,0.492491839510426,l40s
resnet152,gemm,386,layer2.2.conv3,128,512,1,1,0,1.2284575879573822,0.01242125431047867,0.5672798530223611,l40s
resnet152,gemm,386,layer2.3.conv1,512,128,1,1,0,1.2263311982154845,0.028279785946399863,0.5662979240798587,l40s
resnet152,gemm,386,layer2.3.conv2,128,128,3,1,1,1.063502413034439,0.01751942763314504,0.49110648871341644,l40s
resnet152,gemm,386,layer2.3.conv3,128,512,1,1,0,1.232558399438858,0.02289847528096684,0.569173534788251,l40s
resnet152,gemm,386,layer2.4.conv1,512,128,1,1,0,1.220305609703064,0.03670755232089286,0.5635154145335725,l40s
resnet152,gemm,386,layer2.4.conv2,128,128,3,1,1,1.0729711949825287,0.02468716405381388,0.4954790037147235,l40s
resnet152,gemm,386,layer2.4.conv3,128,512,1,1,0,1.2415248036384583,0.02844597160432994,0.5733140606854012,l40s
resnet152,gemm,386,layer2.5.conv1,512,128,1,1,0,1.21972798705101,0.033279351141468606,0.5632486786719751,l40s
resnet152,gemm,386,layer2.5.conv2,128,128,3,1,1,1.0686768114566803,0.021756975229196632,0.49349593382346607,l40s
resnet152,gemm,386,layer2.5.conv3,128,512,1,1,0,1.2378895938396455,0.024816188378732198,0.5716353854909203,l40s
resnet152,gemm,386,layer2.6.conv1,512,128,1,1,0,1.227436798810959,0.04459369619033577,0.566808470760062,l40s
resnet152,gemm,386,layer2.6.conv2,128,128,3,1,1,1.0844864010810853,0.031874752850962196,0.5007965209714429,l40s
resnet152,gemm,386,layer2.6.conv3,128,512,1,1,0,1.2318736135959625,0.022269589334691572,0.5688573128721526,l40s
resnet152,gemm,386,layer2.7.conv1,512,128,1,1,0,1.2043632030487061,0.0214580326558527,0.5561534948447174,l40s
resnet152,gemm,386,layer2.7.conv2,128,128,3,1,1,1.0645887970924377,0.020558615661447496,0.4916081615385825,l40s
resnet152,gemm,386,layer2.7.conv3,128,512,1,1,0,1.2316272020339967,0.025304313764746053,0.5687435243978696,l40s
resnet152,gemm,386,layer3.0.conv1,512,256,1,1,0,1.5732655942440033,0.02738900981442698,0.726506054272374,l40s
resnet152,gemm,386,layer3.0.conv2,256,256,3,2,1,1.4942239940166473,0.026566158099294825,0.6900060498772836,l40s
resnet152,gemm,386,layer3.0.conv3,256,1024,1,1,0,1.1383071959018707,0.0324636147126243,0.5256500062482509,l40s
resnet152,gemm,386,layer3.0.downsample.0,512,1024,1,2,0,1.7887424111366272,0.03772667749991096,0.8260094137817743,l40s
resnet152,gemm,386,layer3.1.conv1,1024,256,1,1,0,1.1074080049991608,0.17176161009893753,0.5113813097579271,l40s
resnet152,gemm,386,layer3.1.conv2,256,256,3,1,1,1.2274159967899323,0.13421489123633662,0.5667988647569355,l40s
resnet152,gemm,386,layer3.1.conv3,256,1024,1,1,0,1.107499212026596,0.031480242384597755,0.5114234275401162,l40s
resnet152,gemm,386,layer3.2.conv1,1024,256,1,1,0,1.06913920044899,0.03620167311679842,0.4937094568316415,l40s
resnet152,gemm,386,layer3.2.conv2,256,256,3,1,1,1.1836927950382232,0.027087673168022897,0.5466082682670573,l40s
resnet152,gemm,386,layer3.2.conv3,256,1024,1,1,0,1.1091376006603242,0.02058950244012678,0.512180006255121,l40s
resnet152,gemm,386,layer3.3.conv1,1024,256,1,1,0,1.0782911956310273,0.03491127040697909,0.49793568534178495,l40s
resnet152,gemm,386,layer3.3.conv2,256,256,3,1,1,1.179440003633499,0.027849104840478804,0.5446444048771799,l40s
resnet152,gemm,386,layer3.3.conv3,256,1024,1,1,0,1.0919935882091523,0.03610202540903231,0.5042632063925508,l40s
resnet152,gemm,386,layer3.4.conv1,1024,256,1,1,0,1.0751503944396972,0.023375676398616464,0.4964853192439591,l40s
resnet152,gemm,386,layer3.4.conv2,256,256,3,1,1,1.1811311841011047,0.02771406188940104,0.545425361921609,l40s
resnet152,gemm,386,layer3.4.conv3,256,1024,1,1,0,1.1199487924575806,0.026070742338285293,0.517172422235832,l40s
resnet152,gemm,386,layer3.5.conv1,1024,256,1,1,0,1.0764240026474,0.03245586799023534,0.4970734488496991,l40s
resnet152,gemm,386,layer3.5.conv2,256,256,3,1,1,1.1813759922981262,0.024559919731246337,0.5455384099904934,l40s
resnet152,gemm,386,layer3.5.conv3,256,1024,1,1,0,1.092740797996521,0.03734772902172257,0.5046082545753376,l40s
resnet152,gemm,386,layer3.6.conv1,1024,256,1,1,0,1.056302398443222,0.024794863534639142,0.48778165010351715,l40s
resnet152,gemm,386,layer3.6.conv2,256,256,3,1,1,1.174212795495987,0.029965963411006546,0.5422305731803969,l40s
resnet152,gemm,386,layer3.6.conv3,256,1024,1,1,0,1.1031503915786742,0.033394423786543545,0.509415219646981,l40s
resnet152,gemm,386,layer3.7.conv1,1024,256,1,1,0,1.0666591942310333,0.03210890243043679,0.49256423409329997,l40s
resnet152,gemm,386,layer3.7.conv2,256,256,3,1,1,1.1876063883304595,0.029544194739333805,0.5484154960048099,l40s
resnet152,gemm,386,layer3.7.conv3,256,1024,1,1,0,1.094678407907486,0.03041800017424073,0.505503008351359,l40s
resnet152,gemm,386,layer3.8.conv1,1024,256,1,1,0,1.063374400138855,0.02608967400150622,0.49104737463629744,l40s
resnet152,gemm,386,layer3.8.conv2,256,256,3,1,1,1.176017600297928,0.030789754675493254,0.5430639999204128,l40s
resnet152,gemm,386,layer3.8.conv3,256,1024,1,1,0,1.1038943946361541,0.03361974675211297,0.5097587870189707,l40s
resnet152,gemm,386,layer3.9.conv1,1024,256,1,1,0,1.0702031970024108,0.045993436857581005,0.49420079150559193,l40s
resnet152,gemm,386,layer3.9.conv2,256,256,3,1,1,1.191100800037384,0.035953060674108396,0.5500291531460384,l40s
resnet152,gemm,386,layer3.9.conv3,256,1024,1,1,0,1.1024944067001343,0.0326324440560613,0.5091122975036926,l40s
resnet152,gemm,386,layer3.10.conv1,1024,256,1,1,0,1.0627520084381104,0.02332635868429966,0.4907599652247053,l40s
resnet152,gemm,386,layer3.10.conv2,256,256,3,1,1,1.16913760304451,0.01745125678003399,0.5398869396222199,l40s
resnet152,gemm,386,layer3.10.conv3,256,1024,1,1,0,1.098228794336319,0.035951698487196086,0.507142513623063,l40s
resnet152,gemm,386,layer3.11.conv1,1024,256,1,1,0,1.0738031923770905,0.028308749649666936,0.4958632053056687,l40s
resnet152,gemm,386,layer3.11.conv2,256,256,3,1,1,1.1811839878559112,0.029427276632776996,0.5454497457559059,l40s
resnet152,gemm,386,layer3.11.conv3,256,1024,1,1,0,1.081902402639389,0.022931917631136008,0.49960327647477876,l40s
resnet152,gemm,386,layer3.12.conv1,1024,256,1,1,0,1.0548224091529845,0.02512795609647055,0.48709821738653053,l40s
resnet152,gemm,386,layer3.12.conv2,256,256,3,1,1,1.172785609960556,0.026442709186539657,0.5415715242977073,l40s
resnet152,gemm,386,layer3.12.conv3,256,1024,1,1,0,1.1017344057559968,0.02752046966360356,0.5087613425923357,l40s
resnet152,gemm,386,layer3.13.conv1,1024,256,1,1,0,1.066428780555725,0.02507132985281704,0.4924578331583841,l40s
resnet152,gemm,386,layer3.13.conv2,256,256,3,1,1,1.1815648019313811,0.028377999803488548,0.5456255989191565,l40s
resnet152,gemm,386,layer3.13.conv3,256,1024,1,1,0,1.08438880443573,0.033938461887061414,0.5007514525774052,l40s
resnet152,gemm,386,layer3.14.conv1,1024,256,1,1,0,1.069679993391037,0.028584814149207098,0.4939591853885631,l40s
resnet152,gemm,386,layer3.14.conv2,256,256,3,1,1,1.1698863923549652,0.021991638115846066,0.5402327172006596,l40s
resnet152,gemm,386,layer3.14.conv3,256,1024,1,1,0,1.107838398218155,0.030182110496996747,0.5115800576873683,l40s
resnet152,gemm,386,layer3.15.conv1,1024,256,1,1,0,1.0664336025714873,0.02998527954200118,0.49246005987945257,l40s
resnet152,gemm,386,layer3.15.conv2,256,256,3,1,1,1.1801520049571992,0.032155469498838345,0.5449731944179991,l40s
resnet152,gemm,386,layer3.15.conv3,256,1024,1,1,0,1.0966255962848663,0.024906531992881634,0.5064021852927166,l40s
resnet152,gemm,386,layer3.16.conv1,1024,256,1,1,0,1.0828655898571014,0.027901229593623962,0.500048059191458,l40s
resnet152,gemm,386,layer3.16.conv2,256,256,3,1,1,1.1731168031692505,0.024099483354378507,0.5417244634277122,l40s
resnet152,gemm,386,layer3.16.conv3,256,1024,1,1,0,1.1099248051643371,0.031488951104878336,0.5125435232863256,l40s
resnet152,gemm,386,layer3.17.conv1,1024,256,1,1,0,1.0655712068080903,0.026692415112046144,0.4920618208627353,l40s
resnet152,gemm,386,layer3.17.conv2,256,256,3,1,1,1.1771407902240754,0.025533704592925727,0.5435826690405088,l40s
resnet152,gemm,386,layer3.17.conv3,256,1024,1,1,0,1.0934576034545898,0.025420507785780356,0.504939262579916,l40s
resnet152,gemm,386,layer3.18.conv1,1024,256,1,1,0,1.0600544154644012,0.02132499824897233,0.4895142647946364,l40s
resnet152,gemm,386,layer3.18.conv2,256,256,3,1,1,1.1720431983470916,0.0306382612270599,0.5412286918262432,l40s
resnet152,gemm,386,layer3.18.conv3,256,1024,1,1,0,1.1056895911693574,0.036638351800114245,0.5105877768314682,l40s
resnet152,gemm,386,layer3.19.conv1,1024,256,1,1,0,1.0776959896087646,0.03230908880562686,0.4976608297927312,l40s
resnet152,gemm,386,layer3.19.conv2,256,256,3,1,1,1.171963208913803,0.02134906272161489,0.5411917541294077,l40s
resnet152,gemm,386,layer3.19.conv3,256,1024,1,1,0,1.094843190908432,0.03435851840976028,0.5055791022087893,l40s
resnet152,gemm,386,layer3.20.conv1,1024,256,1,1,0,1.0647952020168305,0.022576963336426215,0.49170347565957495,l40s
resnet152,gemm,386,layer3.20.conv2,256,256,3,1,1,1.1734848022460938,0.017857897218100178,0.541894398852647,l40s
resnet152,gemm,386,layer3.20.conv3,256,1024,1,1,0,1.1211375951766969,0.026722810306639637,0.5177213901761043,l40s
resnet152,gemm,386,layer3.21.conv1,1024,256,1,1,0,1.0634400069713592,0.028231600246057243,0.4910776707040373,l40s
resnet152,gemm,386,layer3.21.conv2,256,256,3,1,1,1.1686207890510558,0.02827858916051588,0.5396482841170396,l40s
resnet152,gemm,386,layer3.21.conv3,256,1024,1,1,0,1.0869727909564972,0.028398655928220967,0.5019446915691965,l40s
resnet152,gemm,386,layer3.22.conv1,1024,256,1,1,0,1.0737551927566529,0.026207598793497,0.49584103993513096,l40s
resnet152,gemm,386,layer3.22.conv2,256,256,3,1,1,1.1885615944862367,0.03216615161830356,0.548856593209115,l40s
resnet152,gemm,386,layer3.22.conv3,256,1024,1,1,0,1.1173439979553224,0.03938271328596045,0.515969574488478,l40s
resnet152,gemm,386,layer3.23.conv1,1024,256,1,1,0,1.071062409877777,0.028189940157645733,0.4945975607212577,l40s
resnet152,gemm,386,layer3.23.conv2,256,256,3,1,1,1.1851839959621429,0.022818885168282215,0.547296878316961,l40s
resnet152,gemm,386,layer3.23.conv3,256,1024,1,1,0,1.0806159973144531,0.01775469199080489,0.4990092373880324,l40s
resnet152,gemm,386,layer3.24.conv1,1024,256,1,1,0,1.0666736125946046,0.02969276611576303,0.4925708922370143,l40s
resnet152,gemm,386,layer3.24.conv2,256,256,3,1,1,1.1819647967815399,0.02769094172089206,0.5458103094228256,l40s
resnet152,gemm,386,layer3.24.conv3,256,1024,1,1,0,1.1045231997966767,0.020764775969889987,0.5100491580521572,l40s
resnet152,gemm,386,layer3.25.conv1,1024,256,1,1,0,1.0658656060695648,0.02844328040408323,0.49219776920268316,l40s
resnet152,gemm,386,layer3.25.conv2,256,256,3,1,1,1.1770543932914734,0.026909848666817122,0.5435427724745154,l40s
resnet152,gemm,386,layer3.25.conv3,256,1024,1,1,0,1.102735984325409,0.029436997426564245,0.5092238537520342,l40s
resnet152,gemm,386,layer3.26.conv1,1024,256,1,1,0,1.0696000158786774,0.024943800366477763,0.49392225319660044,l40s
resnet152,gemm,386,layer3.26.conv2,256,256,3,1,1,1.183727991580963,0.03443051611048874,0.5466245214041523,l40s
resnet152,gemm,386,layer3.26.conv3,256,1024,1,1,0,1.1356287956237794,0.026032512096245294,0.5244131686634734,l40s
resnet152,gemm,386,layer3.27.conv1,1024,256,1,1,0,1.0759440004825591,0.026986738138607004,0.49685179239188515,l40s
resnet152,gemm,386,layer3.27.conv2,256,256,3,1,1,1.1718960046768188,0.026458665648479728,0.5411607204087057,l40s
resnet152,gemm,386,layer3.27.conv3,256,1024,1,1,0,1.0955744087696075,0.030897750751792453,0.5059167656046455,l40s
resnet152,gemm,386,layer3.28.conv1,1024,256,1,1,0,1.0806559920310974,0.02796652660096435,0.4990277062364502,l40s
resnet152,gemm,386,layer3.28.conv2,256,256,3,1,1,1.171616005897522,0.0247903272973689,0.5410314219551629,l40s
resnet152,gemm,386,layer3.28.conv3,256,1024,1,1,0,1.1353327989578248,0.03444913492242538,0.5242764826705634,l40s
resnet152,gemm,386,layer3.29.conv1,1024,256,1,1,0,1.0660896003246307,0.019186639951655912,0.49230120576356845,l40s
resnet152,gemm,386,layer3.29.conv2,256,256,3,1,1,1.1833407998085022,0.02885227464619675,0.546445723133926,l40s
resnet152,gemm,386,layer3.29.conv3,256,1024,1,1,0,1.0823520064353942,0.02163160235184853,0.4998108955068205,l40s
resnet152,gemm,386,layer3.30.conv1,1024,256,1,1,0,1.0670671880245208,0.02899419455807684,0.4927526383666526,l40s
resnet152,gemm,386,layer3.30.conv2,256,256,3,1,1,1.1787551939487457,0.032442655362528515,0.5443281719513358,l40s
resnet152,gemm,386,layer3.30.conv3,256,1024,1,1,0,1.1216960012912751,0.030539633429917425,0.5179792521826645,l40s
resnet152,gemm,386,layer3.31.conv1,1024,256,1,1,0,1.0774480044841765,0.032120383901450375,0.4975463146752317,l40s
resnet152,gemm,386,layer3.31.conv2,256,256,3,1,1,1.1777312099933623,0.035838876300873415,0.5438553143831124,l40s
resnet152,gemm,386,layer3.31.conv3,256,1024,1,1,0,1.0890767872333527,0.02722398517996767,0.5029162796080467,l40s
resnet152,gemm,386,layer3.32.conv1,1024,256,1,1,0,1.0526640117168427,0.022378735105410778,0.48610150786042117,l40s
resnet152,gemm,386,layer3.32.conv2,256,256,3,1,1,1.1879472017288208,0.038799169779784815,0.5485728775672063,l40s
resnet152,gemm,386,layer3.32.conv3,256,1024,1,1,0,1.124718391895294,0.03442093207070265,0.5193749383784533,l40s
resnet152,gemm,386,layer3.33.conv1,1024,256,1,1,0,1.07046719789505,0.028037067528614512,0.49432270241976767,l40s
resnet152,gemm,386,layer3.33.conv2,256,256,3,1,1,1.1656624019145965,0.027130617073714995,0.538282153583592,l40s
resnet152,gemm,386,layer3.33.conv3,256,1024,1,1,0,1.106036800146103,0.035083223480530674,0.5107481117581495,l40s
resnet152,gemm,386,layer3.34.conv1,1024,256,1,1,0,1.0727312028408051,0.03198624819935603,0.49536817961447116,l40s
resnet152,gemm,386,layer3.34.conv2,256,256,3,1,1,1.1751104056835175,0.02898338968559277,0.5426450735915184,l40s
resnet152,gemm,386,layer3.34.conv3,256,1024,1,1,0,1.1218832015991211,0.030013663634811585,0.5180656979534927,l40s
resnet152,gemm,386,layer3.35.conv1,1024,256,1,1,0,1.0765679895877838,0.02992203502134954,0.4971399394564395,l40s
resnet152,gemm,386,layer3.35.conv2,256,256,3,1,1,1.1851647913455963,0.022639832713669372,0.5472880099667968,l40s
resnet152,gemm,386,layer3.35.conv3,256,1024,1,1,0,1.091787189245224,0.029241152037167397,0.5041678950239948,l40s
resnet152,gemm,386,layer4.0.conv1,1024,512,1,1,0,1.3897744059562682,0.01999949991414147,0.6417730888503917,l40s
resnet152,gemm,386,layer4.0.conv2,512,512,3,2,1,1.9127984046936035,0.04165992347331521,0.8832962639599392,l40s
resnet152,gemm,386,layer4.0.conv3,512,2048,1,1,0,1.1973807990550995,0.028666072130183448,0.5529291449362912,l40s
resnet152,gemm,386,layer4.0.downsample.0,1024,2048,1,2,0,1.9731855988502502,0.02563879288013851,0.9111819955972643,l40s
resnet152,gemm,386,layer4.1.conv1,2048,512,1,1,0,1.24721919298172,0.020797942056934363,0.5759436283492461,l40s
resnet152,gemm,386,layer4.1.conv2,512,512,3,1,1,1.86004478931427,0.025924106869272594,0.858935583158133,l40s
resnet152,gemm,386,layer4.1.conv3,512,2048,1,1,0,1.2389264106750488,0.024273024995127887,0.5721141690547685,l40s
resnet152,gemm,386,layer4.2.conv1,2048,512,1,1,0,1.2545952022075653,0.02162554266506156,0.5793497381494929,l40s
resnet152,gemm,386,layer4.2.conv2,512,512,3,1,1,1.8621088027954102,0.02102869794809983,0.8598887078534383,l40s
resnet152,gemm,386,layer4.2.conv3,512,2048,1,1,0,1.22704319357872,0.025576606274016752,0.5666267108682413,l40s
resnet152,gemm,389,conv1,3,64,7,2,3,1.66977761387825,0.02834766505615373,0.7613251249109114,l40s
resnet152,gemm,389,layer1.0.conv1,64,64,1,1,0,1.1375936090946197,0.028785267318933994,0.5186790081166851,l40s
resnet152,gemm,389,layer1.0.conv2,64,64,3,1,1,1.3335887968540192,0.03829875491118978,0.6080418427616477,l40s
resnet152,gemm,389,layer1.0.conv3,64,256,1,1,0,2.0697600126266478,0.02518571444389858,0.9436947094342152,l40s
resnet152,gemm,389,layer1.0.downsample.0,64,256,1,1,0,2.3704991936683655,0.028602179062016828,1.0808149418946351,l40s
resnet152,gemm,389,layer1.1.conv1,256,64,1,1,0,1.904204797744751,0.029055156863042306,0.868210798521751,l40s
resnet152,gemm,389,layer1.1.conv2,64,64,3,1,1,1.3259968042373658,0.01903778399111216,0.6045803190957677,l40s
resnet152,gemm,389,layer1.1.conv3,64,256,1,1,0,2.1702239990234373,0.021259586961828125,0.9895006636863726,l40s
resnet152,gemm,389,layer1.2.conv1,256,64,1,1,0,1.892982393503189,0.029426605690015664,0.8630940103698463,l40s
resnet152,gemm,389,layer1.2.conv2,64,64,3,1,1,1.3152719974517821,0.0270116537646621,0.5996904075304091,l40s
resnet152,gemm,389,layer1.2.conv3,64,256,1,1,0,2.066526401042938,0.027514362771625035,0.942220363555806,l40s
resnet152,gemm,389,layer2.0.conv1,256,128,1,1,0,2.16276159286499,0.027071586939110093,0.9860982241917383,l40s
resnet152,gemm,389,layer2.0.conv2,128,128,3,2,1,1.2651791989803314,0.017392860326015964,0.5768508954082907,l40s
resnet152,gemm,389,layer2.0.conv3,128,512,1,1,0,1.2598960101604462,0.02069399721375456,0.5744420570367635,l40s
resnet152,gemm,389,layer2.0.downsample.0,256,512,1,2,0,2.432473587989807,0.030760822951000057,1.1090717966433716,l40s
resnet152,gemm,389,layer2.1.conv1,512,128,1,1,0,1.2261311888694764,0.026213729414928454,0.5590471885385345,l40s
resnet152,gemm,389,layer2.1.conv2,128,128,3,1,1,1.09200639128685,0.02332628962241464,0.4978937885740474,l40s
resnet152,gemm,389,layer2.1.conv3,128,512,1,1,0,1.240198403596878,0.019940568791777354,0.5654610510316441,l40s
resnet152,gemm,389,layer2.2.conv1,512,128,1,1,0,1.2182608008384705,0.023506689677182793,0.5554587321470958,l40s
resnet152,gemm,389,layer2.2.conv2,128,128,3,1,1,1.0765872061252595,0.01644169585688367,0.49086350324047695,l40s
resnet152,gemm,389,layer2.2.conv3,128,512,1,1,0,1.3995680034160614,0.020030641271183505,0.6381246677198174,l40s
resnet152,gemm,389,layer2.3.conv1,512,128,1,1,0,1.2299119889736176,0.0287554427053963,0.5607710217529847,l40s
resnet152,gemm,389,layer2.3.conv2,128,128,3,1,1,1.0781952023506165,0.02382465856086488,0.49159665951048037,l40s
resnet152,gemm,389,layer2.3.conv3,128,512,1,1,0,1.3966416120529175,0.026282444423844382,0.6367903970651109,l40s
resnet152,gemm,389,layer2.4.conv1,512,128,1,1,0,1.2297536075115203,0.028746285559309654,0.5606988086717859,l40s
resnet152,gemm,389,layer2.4.conv2,128,128,3,1,1,1.0802256047725678,0.031190668100349445,0.49252240936163644,l40s
resnet152,gemm,389,layer2.4.conv3,128,512,1,1,0,1.4000927984714509,0.025486259492831165,0.6383639448892897,l40s
resnet152,gemm,389,layer2.5.conv1,512,128,1,1,0,1.2284496068954467,0.031146240862944728,0.5601042573832401,l40s
resnet152,gemm,389,layer2.5.conv2,128,128,3,1,1,1.0718207955360413,0.025035232794965792,0.4886902868150963,l40s
resnet152,gemm,389,layer2.5.conv3,128,512,1,1,0,1.3916591942310332,0.025435261409976418,0.6345186934327964,l40s
resnet152,gemm,389,layer2.6.conv1,512,128,1,1,0,1.228217613697052,0.02481329523947325,0.5599984814707604,l40s
resnet152,gemm,389,layer2.6.conv2,128,128,3,1,1,1.0814479887485504,0.03189694183409746,0.4930797480308516,l40s
resnet152,gemm,389,layer2.6.conv3,128,512,1,1,0,1.4000992000102996,0.02261614239612255,0.638366863632674,l40s
resnet152,gemm,389,layer2.7.conv1,512,128,1,1,0,1.231203204393387,0.030423868359859874,0.5613597437076764,l40s
resnet152,gemm,389,layer2.7.conv2,128,128,3,1,1,1.0656016051769257,0.016964160673778546,0.4858546841350476,l40s
resnet152,gemm,389,layer2.7.conv3,128,512,1,1,0,1.402272003889084,0.02400820284463029,0.6393575405771206,l40s
resnet152,gemm,389,layer3.0.conv1,512,256,1,1,0,1.5853295922279358,0.045197124761023215,0.72282155407786,l40s
resnet152,gemm,389,layer3.0.conv2,256,256,3,2,1,1.5128431916236877,0.04177657382825141,0.6897718128813684,l40s
resnet152,gemm,389,layer3.0.conv3,256,1024,1,1,0,1.0608160138130187,0.02052769857136534,0.48367272235006664,l40s
resnet152,gemm,389,layer3.0.downsample.0,512,1024,1,2,0,1.7844272077083587,0.048654734809310804,0.813598922102959,l40s
resnet152,gemm,389,layer3.1.conv1,1024,256,1,1,0,1.0946927964687347,0.040040187631034216,0.499118638963501,l40s
resnet152,gemm,389,layer3.1.conv2,256,256,3,1,1,1.2017231941223145,0.02919971535843312,0.5479185091891042,l40s
resnet152,gemm,389,layer3.1.conv3,256,1024,1,1,0,1.1220336079597473,0.028508551329631447,0.5115845185815748,l40s
resnet152,gemm,389,layer3.2.conv1,1024,256,1,1,0,1.07567999958992,0.030955627596523417,0.49044986784190847,l40s
resnet152,gemm,389,layer3.2.conv2,256,256,3,1,1,1.1984863936901093,0.03354311810958095,0.5464427093742794,l40s
resnet152,gemm,389,layer3.2.conv3,256,1024,1,1,0,1.0934080064296723,0.04073132865068169,0.4985328466227463,l40s
resnet152,gemm,389,layer3.3.conv1,1024,256,1,1,0,1.0632928013801575,0.028804818463118862,0.4848019988406947,l40s
resnet152,gemm,389,layer3.3.conv2,256,256,3,1,1,1.1887391984462738,0.030549554862282554,0.5419985339494403,l40s
resnet152,gemm,389,layer3.3.conv3,256,1024,1,1,0,1.1277680039405822,0.03399941416461554,0.5141990821618457,l40s
resnet152,gemm,389,layer3.4.conv1,1024,256,1,1,0,1.0620576024055481,0.03153264494121673,0.48423881724943474,l40s
resnet152,gemm,389,layer3.4.conv2,256,256,3,1,1,1.1739567995071412,0.019317697471822083,0.5352585874887383,l40s
resnet152,gemm,389,layer3.4.conv3,256,1024,1,1,0,1.0859567940235137,0.032589423399150046,0.4951355108525771,l40s
resnet152,gemm,389,layer3.5.conv1,1024,256,1,1,0,1.0692880034446717,0.02402502512429806,0.487535475396313,l40s
resnet152,gemm,389,layer3.5.conv2,256,256,3,1,1,1.179971206188202,0.024906625697386366,0.5380008202745095,l40s
resnet152,gemm,389,layer3.5.conv3,256,1024,1,1,0,1.1119919955730437,0.034572655233323625,0.5070061054198018,l40s
resnet152,gemm,389,layer3.6.conv1,1024,256,1,1,0,1.0679872035980225,0.032976218476408636,0.4869423834794594,l40s
resnet152,gemm,389,layer3.6.conv2,256,256,3,1,1,1.187555205821991,0.029691953804599068,0.5414586995876164,l40s
resnet152,gemm,389,layer3.6.conv3,256,1024,1,1,0,1.0853615999221802,0.0334445513632522,0.49486413565879206,l40s
resnet152,gemm,389,layer3.7.conv1,1024,256,1,1,0,1.0637647986412049,0.03016497499224744,0.485017203171342,l40s
resnet152,gemm,389,layer3.7.conv2,256,256,3,1,1,1.1822671949863435,0.026064333171410402,0.5390476626468175,l40s
resnet152,gemm,389,layer3.7.conv3,256,1024,1,1,0,1.1052783966064452,0.025635588660479516,0.5039450800896227,l40s
resnet152,gemm,389,layer3.8.conv1,1024,256,1,1,0,1.0706527948379516,0.022168730736559818,0.4881577438764568,l40s
resnet152,gemm,389,layer3.8.conv2,256,256,3,1,1,1.17120800614357,0.027255852622693887,0.5340052915806596,l40s
resnet152,gemm,389,layer3.8.conv3,256,1024,1,1,0,1.0857904076576232,0.033495402018718964,0.495059647983329,l40s
resnet152,gemm,389,layer3.9.conv1,1024,256,1,1,0,1.069415992498398,0.02698678705703614,0.4875938312405317,l40s
resnet152,gemm,389,layer3.9.conv2,256,256,3,1,1,1.166815996170044,0.017364019269873833,0.5320027808786875,l40s
resnet152,gemm,389,layer3.9.conv3,256,1024,1,1,0,1.1214384019374848,0.03727300115953708,0.5113131379525135,l40s
resnet152,gemm,389,layer3.10.conv1,1024,256,1,1,0,1.0682768046855926,0.03009114693491301,0.48707442536475964,l40s
resnet152,gemm,389,layer3.10.conv2,256,256,3,1,1,1.1797648012638091,0.02661897733959711,0.5379067111826522,l40s
resnet152,gemm,389,layer3.10.conv3,256,1024,1,1,0,1.0845392048358917,0.030665598282317325,0.4944891695336083,l40s
resnet152,gemm,389,layer3.11.conv1,1024,256,1,1,0,1.055108803510666,0.016430932634676387,0.48107055391744546,l40s
resnet152,gemm,389,layer3.11.conv2,256,256,3,1,1,1.1876144051551818,0.026210292943684703,0.5414856911698257,l40s
resnet152,gemm,389,layer3.11.conv3,256,1024,1,1,0,1.1089647948741912,0.038879189063502635,0.5056258713508881,l40s
resnet152,gemm,389,layer3.12.conv1,1024,256,1,1,0,1.0635103940963746,0.02977640675198836,0.484901208939379,l40s
resnet152,gemm,389,layer3.12.conv2,256,256,3,1,1,1.1800848066806793,0.030360701832335007,0.5380526157402089,l40s
resnet152,gemm,389,layer3.12.conv3,256,1024,1,1,0,1.090801602602005,0.03037760551019716,0.49734447237268187,l40s
resnet152,gemm,389,layer3.13.conv1,1024,256,1,1,0,1.0692544102668762,0.03233519827060779,0.4875201587876408,l40s
resnet152,gemm,389,layer3.13.conv2,256,256,3,1,1,1.1756640076637268,0.02556413358306168,0.5360369788459219,l40s
resnet152,gemm,389,layer3.13.conv3,256,1024,1,1,0,1.1251216053962707,0.029751239677797664,0.5129924725597248,l40s
resnet152,gemm,389,layer3.14.conv1,1024,256,1,1,0,1.079507201910019,0.031329214660255206,0.49219485786943745,l40s
resnet152,gemm,389,layer3.14.conv2,256,256,3,1,1,1.1742511987686157,0.03272238517664213,0.5353928170727578,l40s
resnet152,gemm,389,layer3.14.conv3,256,1024,1,1,0,1.0931423902511597,0.027242702825795006,0.49841174051340353,l40s
resnet152,gemm,389,layer3.15.conv1,1024,256,1,1,0,1.0627567946910859,0.032762300708766005,0.4845576097938427,l40s
resnet152,gemm,389,layer3.15.conv2,256,256,3,1,1,1.1725136041641235,0.028673674683852172,0.5346005711962323,l40s
resnet152,gemm,389,layer3.15.conv3,256,1024,1,1,0,1.113948804140091,0.031050784932332567,0.5078983005925912,l40s
resnet152,gemm,389,layer3.16.conv1,1024,256,1,1,0,1.0777312099933625,0.02930492763120746,0.49138510496788257,l40s
resnet152,gemm,389,layer3.16.conv2,256,256,3,1,1,1.18397758603096,0.029443733382230337,0.5398275052227788,l40s
resnet152,gemm,389,layer3.16.conv3,256,1024,1,1,0,1.0819536030292511,0.03351559506921856,0.4933102798407236,l40s
resnet152,gemm,389,layer3.17.conv1,1024,256,1,1,0,1.065153580904007,0.02563053670734845,0.4856504101450815,l40s
resnet152,gemm,389,layer3.17.conv2,256,256,3,1,1,1.1731311976909637,0.02375300322707468,0.5348821592742242,l40s
resnet152,gemm,389,layer3.17.conv3,256,1024,1,1,0,1.1142560064792633,0.0407495793837143,0.5080383676633793,l40s
resnet152,gemm,389,layer3.18.conv1,1024,256,1,1,0,1.0639392018318177,0.02418007907723821,0.48509672126391584,l40s
resnet152,gemm,389,layer3.18.conv2,256,256,3,1,1,1.1723919808864594,0.02103091620760207,0.5345451177895689,l40s
resnet152,gemm,389,layer3.18.conv3,256,1024,1,1,0,1.0858735978603362,0.025493861460112753,0.49509757805913396,l40s
resnet152,gemm,389,layer3.19.conv1,1024,256,1,1,0,1.074814397096634,0.027822040565062933,0.49005520155769977,l40s
resnet152,gemm,389,layer3.19.conv2,256,256,3,1,1,1.1730928003787995,0.031518857000654696,0.5348646522491948,l40s
resnet152,gemm,389,layer3.19.conv3,256,1024,1,1,0,1.1107071876525878,0.028443695218920893,0.5064203049261327,l40s
resnet152,gemm,389,layer3.20.conv1,1024,256,1,1,0,1.0696031987667083,0.022506012896319285,0.48767918681987404,l40s
resnet152,gemm,389,layer3.20.conv2,256,256,3,1,1,1.1830640017986298,0.03074393388956239,0.5394109619513787,l40s
resnet152,gemm,389,layer3.20.conv3,256,1024,1,1,0,1.076662403345108,0.03781779429528263,0.4908977889635088,l40s
resnet152,gemm,389,layer3.21.conv1,1024,256,1,1,0,1.0800400018692016,0.0331465065485404,0.49243778482695916,l40s
resnet152,gemm,389,layer3.21.conv2,256,256,3,1,1,1.169977605342865,0.022540488220888045,0.5334442976881187,l40s
resnet152,gemm,389,layer3.21.conv3,256,1024,1,1,0,1.1227328062057496,0.03314358972617909,0.511903313843621,l40s
resnet152,gemm,389,layer3.22.conv1,1024,256,1,1,0,1.0786079943180085,0.03298554956905099,0.49178486954128026,l40s
resnet152,gemm,389,layer3.22.conv2,256,256,3,1,1,1.182886403799057,0.029540948548731093,0.5393299872047508,l40s
resnet152,gemm,389,layer3.22.conv3,256,1024,1,1,0,1.085700798034668,0.026605848296203275,0.4950187910112253,l40s
resnet152,gemm,389,layer3.23.conv1,1024,256,1,1,0,1.0674144089221955,0.02611969893947486,0.4866812211698813,l40s
resnet152,gemm,389,layer3.23.conv2,256,256,3,1,1,1.1775391936302184,0.023684207362740517,0.5368919586817426,l40s
resnet152,gemm,389,layer3.23.conv3,256,1024,1,1,0,1.1202351987361907,0.0471293908066415,0.5107645446428986,l40s
resnet152,gemm,389,layer3.24.conv1,1024,256,1,1,0,1.0666815996170045,0.028126712802350035,0.48634710114624846,l40s
resnet152,gemm,389,layer3.24.conv2,256,256,3,1,1,1.181358402967453,0.03649620377768984,0.5386333043564984,l40s
resnet152,gemm,389,layer3.24.conv3,256,1024,1,1,0,1.085969591140747,0.034917897831477786,0.4951413456217075,l40s
resnet152,gemm,389,layer3.25.conv1,1024,256,1,1,0,1.079120010137558,0.031101178012744424,0.4920183200945366,l40s
resnet152,gemm,389,layer3.25.conv2,256,256,3,1,1,1.1798480033874512,0.026912141594594277,0.5379446466937337,l40s
resnet152,gemm,389,layer3.25.conv3,256,1024,1,1,0,1.1288143992424011,0.034066876610851705,0.5146761798467363,l40s
resnet152,gemm,389,layer3.26.conv1,1024,256,1,1,0,1.0767199993133545,0.021521993061662494,0.49092404950105295,l40s
resnet152,gemm,389,layer3.26.conv2,256,256,3,1,1,1.1898336112499237,0.028572057764764437,0.5424975249273511,l40s
resnet152,gemm,389,layer3.26.conv3,256,1024,1,1,0,1.0782031893730164,0.029143242207224137,0.4916003011456154,l40s
resnet152,gemm,389,layer3.27.conv1,1024,256,1,1,0,1.0725903868675233,0.030112265349309855,0.489041177383817,l40s
resnet152,gemm,389,layer3.27.conv2,256,256,3,1,1,1.1827712059020996,0.03292583682316171,0.5392774634120243,l40s
resnet152,gemm,389,layer3.27.conv3,256,1024,1,1,0,1.1243951916694641,0.035115714257092624,0.5126612685618382,l40s
resnet152,gemm,389,layer3.28.conv1,1024,256,1,1,0,1.0753343880176545,0.03456147242586976,0.4902922883108148,l40s
resnet152,gemm,389,layer3.28.conv2,256,256,3,1,1,1.1821600019931793,0.02604976459741117,0.5389987886421405,l40s
resnet152,gemm,389,layer3.28.conv3,256,1024,1,1,0,1.0854543924331665,0.02864756598315055,0.4949064438496735,l40s
resnet152,gemm,389,layer3.29.conv1,1024,256,1,1,0,1.0768447935581207,0.032383993891611104,0.49098094869121767,l40s
resnet152,gemm,389,layer3.29.conv2,256,256,3,1,1,1.1911231875419617,0.02854912140441405,0.5430854995315487,l40s
resnet152,gemm,389,layer3.29.conv3,256,1024,1,1,0,1.1231903970241546,0.028210531913425888,0.5121119496428345,l40s
resnet152,gemm,389,layer3.30.conv1,1024,256,1,1,0,1.0712848007678986,0.0271405965578467,0.4884459032035206,l40s
resnet152,gemm,389,layer3.30.conv2,256,256,3,1,1,1.1849536001682281,0.02834495734770327,0.5402725130362711,l40s
resnet152,gemm,389,layer3.30.conv3,256,1024,1,1,0,1.097003197669983,0.030690809891855405,0.500172052584881,l40s
resnet152,gemm,389,layer3.31.conv1,1024,256,1,1,0,1.0759872019290924,0.027224272596807965,0.49058993491269653,l40s
resnet152,gemm,389,layer3.31.conv2,256,256,3,1,1,1.1791168034076691,0.02650038668307899,0.5376112604324041,l40s
resnet152,gemm,389,layer3.31.conv3,256,1024,1,1,0,1.1281024038791656,0.031246314200543523,0.5143515498155597,l40s
resnet152,gemm,389,layer3.32.conv1,1024,256,1,1,0,1.0788367986679077,0.03454990819291583,0.4918891915173443,l40s
resnet152,gemm,389,layer3.32.conv2,256,256,3,1,1,1.173918402194977,0.023303669468866552,0.535241080463709,l40s
resnet152,gemm,389,layer3.32.conv3,256,1024,1,1,0,1.098771196603775,0.027022103655936717,0.5009781611336626,l40s
resnet152,gemm,389,layer3.33.conv1,1024,256,1,1,0,1.0637088000774384,0.022708596226872754,0.4849916709608249,l40s
resnet152,gemm,389,layer3.33.conv2,256,256,3,1,1,1.19203360080719,0.039556437891832046,0.5435005970194475,l40s
resnet152,gemm,389,layer3.33.conv3,256,1024,1,1,0,1.1151184022426606,0.02863450256105241,0.5084315718582577,l40s
resnet152,gemm,389,layer3.34.conv1,1024,256,1,1,0,1.0700256049633026,0.029357991641423227,0.4878717804010267,l40s
resnet152,gemm,389,layer3.34.conv2,256,256,3,1,1,1.1771856009960175,0.02441872437569476,0.5367307402331519,l40s
resnet152,gemm,389,layer3.34.conv3,256,1024,1,1,0,1.0921007931232452,0.024726953721402798,0.49793683052723203,l40s
resnet152,gemm,389,layer3.35.conv1,1024,256,1,1,0,1.0724672079086304,0.02430878534808155,0.4889850146735937,l40s
resnet152,gemm,389,layer3.35.conv2,256,256,3,1,1,1.1860672056674957,0.02525383266841287,0.5407802548090586,l40s
resnet152,gemm,389,layer3.35.conv3,256,1024,1,1,0,1.1307503879070282,0.027931418504452656,0.5155588823094314,l40s
resnet152,gemm,389,layer4.0.conv1,1024,512,1,1,0,1.3829119980335236,0.03443238658346558,0.6305304615974074,l40s
resnet152,gemm,389,layer4.0.conv2,512,512,3,2,1,1.9192064106464386,0.025917934860389034,0.8750506942787167,l40s
resnet152,gemm,389,layer4.0.conv3,512,2048,1,1,0,1.1993871986865998,0.026399201114644076,0.5468534260294635,l40s
resnet152,gemm,389,layer4.0.downsample.0,1024,2048,1,2,0,1.954908800125122,0.03112513820264093,0.8913289854137533,l40s
resnet152,gemm,389,layer4.1.conv1,2048,512,1,1,0,1.2675887942314148,0.032292187665586565,0.5779495359639364,l40s
resnet152,gemm,389,layer4.1.conv2,512,512,3,1,1,1.8653552055358886,0.030650827882891758,0.8504975591087168,l40s
resnet152,gemm,389,layer4.1.conv3,512,2048,1,1,0,1.2233904123306274,0.027795171003460715,0.5577975478537816,l40s
resnet152,gemm,389,layer4.2.conv1,2048,512,1,1,0,1.2544928014278411,0.02176941007176624,0.571978496303238,l40s
resnet152,gemm,389,layer4.2.conv2,512,512,3,1,1,1.8641631960868836,0.034015320096377796,0.8499540695235674,l40s
resnet152,gemm,389,layer4.2.conv3,512,2048,1,1,0,1.2245871901512146,0.02391876467278229,0.5583432115494595,l40s
resnet152,gemm,392,conv1,3,64,7,2,3,1.6440063953399657,0.06563693024688648,0.7527865710645206,l40s
resnet152,gemm,392,layer1.0.conv1,64,64,1,1,0,1.155782401561737,0.03334328932269767,0.5292299795393781,l40s
resnet152,gemm,392,layer1.0.conv2,64,64,3,1,1,1.4297711908817292,0.026075094941816594,0.6546887866382791,l40s
resnet152,gemm,392,layer1.0.conv3,64,256,1,1,0,1.9258624017238617,0.03678805368313452,0.8818477579194515,l40s
resnet152,gemm,392,layer1.0.downsample.0,64,256,1,1,0,1.939660805463791,0.04969408262705126,0.8881660137772076,l40s
resnet152,gemm,392,layer1.1.conv1,256,64,1,1,0,1.927297592163086,0.027002091214049145,0.882504928166861,l40s
resnet152,gemm,392,layer1.1.conv2,64,64,3,1,1,1.41626079082489,0.021706683276209313,0.6485024069737434,l40s
resnet152,gemm,392,layer1.1.conv3,64,256,1,1,0,1.885180801153183,0.03575707647618955,0.863219750944646,l40s
resnet152,gemm,392,layer1.2.conv1,256,64,1,1,0,1.9321408092975616,0.025751624747070836,0.8847226256344117,l40s
resnet152,gemm,392,layer1.2.conv2,64,64,3,1,1,1.40525279045105,0.019553964338348318,0.6434618701004142,l40s
resnet152,gemm,392,layer1.2.conv3,64,256,1,1,0,1.8771200060844422,0.03398224479336683,0.8595287322861717,l40s
resnet152,gemm,392,layer2.0.conv1,256,128,1,1,0,2.2346352100372315,0.04450674546903712,1.0232340835852454,l40s
resnet152,gemm,392,layer2.0.conv2,128,128,3,2,1,1.255566382408142,0.018129974948812404,0.574920824174444,l40s
resnet152,gemm,392,layer2.0.conv3,128,512,1,1,0,1.270340806245804,0.030708445712277956,0.58168599728553,l40s
resnet152,gemm,392,layer2.0.downsample.0,256,512,1,2,0,2.223319983482361,0.042690740644435066,1.0180528685831602,l40s
resnet152,gemm,392,layer2.1.conv1,512,128,1,1,0,1.2121007978916167,0.020868005517710266,0.5550180376522882,l40s
resnet152,gemm,392,layer2.1.conv2,128,128,3,1,1,1.0824640095233917,0.0171117588873364,0.49565766431301506,l40s
resnet152,gemm,392,layer2.1.conv3,128,512,1,1,0,1.2446607947349548,0.02478360363089788,0.5699271818302216,l40s
resnet152,gemm,392,layer2.2.conv1,512,128,1,1,0,1.2158704102039337,0.031030134752342498,0.556744134056095,l40s
resnet152,gemm,392,layer2.2.conv2,128,128,3,1,1,1.0744879961013794,0.02046701776046629,0.49200546696649583,l40s
resnet152,gemm,392,layer2.2.conv3,128,512,1,1,0,1.2366576015949249,0.02169329473698104,0.5662625389562476,l40s
resnet152,gemm,392,layer2.3.conv1,512,128,1,1,0,1.2143728017807007,0.02662601540237552,0.5560583827640572,l40s
resnet152,gemm,392,layer2.3.conv2,128,128,3,1,1,1.0771568059921264,0.0269257211873064,0.49322750859125675,l40s
resnet152,gemm,392,layer2.3.conv3,128,512,1,1,0,1.2431919991970062,0.031222644798413027,0.5692546238889986,l40s
resnet152,gemm,392,layer2.4.conv1,512,128,1,1,0,1.2201039969921113,0.029696932676793984,0.5586826832555446,l40s
resnet152,gemm,392,layer2.4.conv2,128,128,3,1,1,1.063851183652878,0.01396023025706541,0.4871348961506762,l40s
resnet152,gemm,392,layer2.4.conv3,128,512,1,1,0,1.2350496053695679,0.02789300798368177,0.5655262413553366,l40s
resnet152,gemm,392,layer2.5.conv1,512,128,1,1,0,1.2099680066108705,0.023182700173841705,0.5540414376587722,l40s
resnet152,gemm,392,layer2.5.conv2,128,128,3,1,1,1.0713871955871581,0.021523194967671837,0.4905856178751102,l40s
resnet152,gemm,392,layer2.5.conv3,128,512,1,1,0,1.2366671979427337,0.02372401938396638,0.5662669331008096,l40s
resnet152,gemm,392,layer2.6.conv1,512,128,1,1,0,1.2231519997119904,0.02613937128240659,0.560078356363993,l40s
resnet152,gemm,392,layer2.6.conv2,128,128,3,1,1,1.0754800021648407,0.02287425558782512,0.49245970415505247,l40s
resnet152,gemm,392,layer2.6.conv3,128,512,1,1,0,1.233948814868927,0.02779336979107132,0.5650221920348555,l40s
resnet152,gemm,392,layer2.7.conv1,512,128,1,1,0,1.216926395893097,0.0368702860385819,0.5572276673612523,l40s
resnet152,gemm,392,layer2.7.conv2,128,128,3,1,1,1.072952002286911,0.023388837937958946,0.49130213909621046,l40s
resnet152,gemm,392,layer2.7.conv3,128,512,1,1,0,1.2431599855422975,0.024201147750707367,0.5692399649135691,l40s
resnet152,gemm,392,layer3.0.conv1,512,256,1,1,0,1.5672592103481293,0.027526906218072637,0.7176442197983556,l40s
resnet152,gemm,392,layer3.0.conv2,256,256,3,2,1,1.4874319791793824,0.025848761896141517,0.6810915228019008,l40s
resnet152,gemm,392,layer3.0.conv3,256,1024,1,1,0,1.0422479867935182,0.03245119865627909,0.477242844310801,l40s
resnet152,gemm,392,layer3.0.downsample.0,512,1024,1,2,0,1.8000752091407777,0.025682242372405076,0.8242501052236595,l40s
resnet152,gemm,392,layer3.1.conv1,1024,256,1,1,0,1.0809712052345275,0.027058596565023924,0.4949741128225404,l40s
resnet152,gemm,392,layer3.1.conv2,256,256,3,1,1,1.1954752027988433,0.025433384237047697,0.5474052176795242,l40s
resnet152,gemm,392,layer3.1.conv3,256,1024,1,1,0,1.1320048153400422,0.028170286034011244,0.5183422800445601,l40s
resnet152,gemm,392,layer3.2.conv1,1024,256,1,1,0,1.0761023998260497,0.030376559462185915,0.4927446985459187,l40s
resnet152,gemm,392,layer3.2.conv2,256,256,3,1,1,1.1854767978191376,0.026952172565457684,0.5428269721069268,l40s
resnet152,gemm,392,layer3.2.conv3,256,1024,1,1,0,1.0868176102638245,0.029340597502613454,0.4976511676123114,l40s
resnet152,gemm,392,layer3.3.conv1,1024,256,1,1,0,1.0839215993881226,0.029141043579524427,0.4963250912034453,l40s
resnet152,gemm,392,layer3.3.conv2,256,256,3,1,1,1.1862079858779908,0.03302756247300071,0.543161781359,l40s
resnet152,gemm,392,layer3.3.conv3,256,1024,1,1,0,1.1075664103031158,0.029961395810590583,0.5071519932049341,l40s
resnet152,gemm,392,layer3.4.conv1,1024,256,1,1,0,1.0664480090141297,0.02219470090689845,0.4883239762326584,l40s
resnet152,gemm,392,layer3.4.conv2,256,256,3,1,1,1.190659189224243,0.02438265253389377,0.5451999766565573,l40s
resnet152,gemm,392,layer3.4.conv3,256,1024,1,1,0,1.0869328081607819,0.030922163486589868,0.4977039164520301,l40s
resnet152,gemm,392,layer3.5.conv1,1024,256,1,1,0,1.0679920017719269,0.0277392307699642,0.4890309667998393,l40s
resnet152,gemm,392,layer3.5.conv2,256,256,3,1,1,1.1890783905982971,0.028858488243378836,0.5444761327709481,l40s
resnet152,gemm,392,layer3.5.conv3,256,1024,1,1,0,1.1156192004680634,0.0289502488942619,0.5108393464372306,l40s
resnet152,gemm,392,layer3.6.conv1,1024,256,1,1,0,1.0590736031532288,0.027795221594709957,0.48494725354021545,l40s
resnet152,gemm,392,layer3.6.conv2,256,256,3,1,1,1.1648304104804992,0.022697891070606487,0.5333730410434107,l40s
resnet152,gemm,392,layer3.6.conv3,256,1024,1,1,0,1.0944175958633422,0.03224180573812265,0.5011311827240638,l40s
resnet152,gemm,392,layer3.7.conv1,1024,256,1,1,0,1.0625951945781709,0.02329835427261463,0.48655978177671555,l40s
resnet152,gemm,392,layer3.7.conv2,256,256,3,1,1,1.1789455950260161,0.03032110424052922,0.539836350069508,l40s
resnet152,gemm,392,layer3.7.conv3,256,1024,1,1,0,1.1081824004650116,0.032573847673689385,0.5074340536172887,l40s
resnet152,gemm,392,layer3.8.conv1,1024,256,1,1,0,1.0634368181228637,0.019541045357010456,0.4869451591719205,l40s
resnet152,gemm,392,layer3.8.conv2,256,256,3,1,1,1.180435198545456,0.03445798654074607,0.540518435935368,l40s
resnet152,gemm,392,layer3.8.conv3,256,1024,1,1,0,1.0848127961158753,0.025691555816794314,0.49673316803984363,l40s
resnet152,gemm,392,layer3.9.conv1,1024,256,1,1,0,1.0728335976600647,0.020342597579543372,0.49124792190259464,l40s
resnet152,gemm,392,layer3.9.conv2,256,256,3,1,1,1.1774432063102722,0.033622549951706,0.5391484098930363,l40s
resnet152,gemm,392,layer3.9.conv3,256,1024,1,1,0,1.118832004070282,0.03051801706299472,0.5123104814730026,l40s
resnet152,gemm,392,layer3.10.conv1,1024,256,1,1,0,1.0584047973155974,0.02473745537430301,0.4846410089570766,l40s
resnet152,gemm,392,layer3.10.conv2,256,256,3,1,1,1.1745200097560882,0.023668505438454678,0.5378098852274331,l40s
resnet152,gemm,392,layer3.10.conv3,256,1024,1,1,0,1.0922863960266114,0.02710609898551583,0.5001553114489315,l40s
resnet152,gemm,392,layer3.11.conv1,1024,256,1,1,0,1.066699206829071,0.02839275470597176,0.4884389991074504,l40s
resnet152,gemm,392,layer3.11.conv2,256,256,3,1,1,1.1796288013458252,0.031056020019662865,0.5401491885987719,l40s
resnet152,gemm,392,layer3.11.conv3,256,1024,1,1,0,1.1210720121860505,0.027452131591855423,0.5133361757971888,l40s
resnet152,gemm,392,layer3.12.conv1,1024,256,1,1,0,1.0709263980388641,0.019302024611821143,0.49037461978695285,l40s
resnet152,gemm,392,layer3.12.conv2,256,256,3,1,1,1.1727999866008758,0.026809777637871544,0.5370222907650064,l40s
resnet152,gemm,392,layer3.12.conv3,256,1024,1,1,0,1.0866880118846893,0.033431044600261556,0.49759182482646747,l40s
resnet152,gemm,392,layer3.13.conv1,1024,256,1,1,0,1.0609023928642274,0.020950909710353207,0.4857846519467198,l40s
resnet152,gemm,392,layer3.13.conv2,256,256,3,1,1,1.1731984078884126,0.030574706553825232,0.5372047269135116,l40s
resnet152,gemm,392,layer3.13.conv3,256,1024,1,1,0,1.1070560038089752,0.024578742901762415,0.5069182792998895,l40s
resnet152,gemm,392,layer3.14.conv1,1024,256,1,1,0,1.071561598777771,0.02693051151461694,0.49066547667627797,l40s
resnet152,gemm,392,layer3.14.conv2,256,256,3,1,1,1.175158393383026,0.027638177663844927,0.5381021995535261,l40s
resnet152,gemm,392,layer3.14.conv3,256,1024,1,1,0,1.0818592071533204,0.029828471582625454,0.49538072676360634,l40s
resnet152,gemm,392,layer3.15.conv1,1024,256,1,1,0,1.0664591908454895,0.02424820853689758,0.4883290963663217,l40s
resnet152,gemm,392,layer3.15.conv2,256,256,3,1,1,1.184988796710968,0.026925470121757656,0.5426035175741852,l40s
resnet152,gemm,392,layer3.15.conv3,256,1024,1,1,0,1.125763201713562,0.025865708248787228,0.5154842601894634,l40s
resnet152,gemm,392,layer3.16.conv1,1024,256,1,1,0,1.0693968057632446,0.02912597854516606,0.48967422316589687,l40s
resnet152,gemm,392,layer3.16.conv2,256,256,3,1,1,1.1806464076042176,0.023114610358645836,0.540615148054964,l40s
resnet152,gemm,392,layer3.16.conv3,256,1024,1,1,0,1.0969712018966675,0.030611973893768425,0.5023004727798236,l40s
resnet152,gemm,392,layer3.17.conv1,1024,256,1,1,0,1.0622175931930542,0.02588066437068909,0.48638687901141187,l40s
resnet152,gemm,392,layer3.17.conv2,256,256,3,1,1,1.1632320046424867,0.022102926440139763,0.5326411348577792,l40s
resnet152,gemm,392,layer3.17.conv3,256,1024,1,1,0,1.117625606060028,0.033141820720210276,0.5117580747280822,l40s
resnet152,gemm,392,layer3.18.conv1,1024,256,1,1,0,1.0686656057834625,0.023041836942794252,0.48933940845525903,l40s
resnet152,gemm,392,layer3.18.conv2,256,256,3,1,1,1.1726400077342987,0.024987817824656457,0.536949036827093,l40s
resnet152,gemm,392,layer3.18.conv3,256,1024,1,1,0,1.091680008172989,0.027588701135256483,0.4998776479104213,l40s
resnet152,gemm,392,layer3.19.conv1,1024,256,1,1,0,1.0662591814994813,0.02697229953548645,0.488237512568236,l40s
resnet152,gemm,392,layer3.19.conv2,256,256,3,1,1,1.1763520002365113,0.025900248380254155,0.5386487492585522,l40s
resnet152,gemm,392,layer3.19.conv3,256,1024,1,1,0,1.1135984122753144,0.02682980183609589,0.509914032388101,l40s
resnet152,gemm,392,layer3.20.conv1,1024,256,1,1,0,1.0666879951953887,0.02226953764544971,0.4884338653273753,l40s
resnet152,gemm,392,layer3.20.conv2,256,256,3,1,1,1.1732335925102233,0.026089488549329628,0.5372208378671443,l40s
resnet152,gemm,392,layer3.20.conv3,256,1024,1,1,0,1.1009231984615326,0.024943377159956637,0.5041100824938469,l40s
resnet152,gemm,392,layer3.21.conv1,1024,256,1,1,0,1.0628400087356566,0.033277350941831416,0.4866718815901251,l40s
resnet152,gemm,392,layer3.21.conv2,256,256,3,1,1,1.1801888048648834,0.02830951293654946,0.5404056128621391,l40s
resnet152,gemm,392,layer3.21.conv3,256,1024,1,1,0,1.1153840005397797,0.03676872709401781,0.5107316489562298,l40s
resnet152,gemm,392,layer3.22.conv1,1024,256,1,1,0,1.0687503874301911,0.021297394265151114,0.48937822976721435,l40s
resnet152,gemm,392,layer3.22.conv2,256,256,3,1,1,1.1722784042358398,0.02492154946054622,0.5367834594555807,l40s
resnet152,gemm,392,layer3.22.conv3,256,1024,1,1,0,1.090667200088501,0.02512845983674016,0.49941388552651006,l40s
resnet152,gemm,392,layer3.23.conv1,1024,256,1,1,0,1.079396802186966,0.035045341794372686,0.49425319745687835,l40s
resnet152,gemm,392,layer3.23.conv2,256,256,3,1,1,1.168177604675293,0.028548398083803862,0.5349057132080252,l40s
resnet152,gemm,392,layer3.23.conv3,256,1024,1,1,0,1.1172064006328584,0.03109539380103662,0.5115661215720695,l40s
resnet152,gemm,392,layer3.24.conv1,1024,256,1,1,0,1.0702415883541108,0.03231724630735612,0.4900610470807404,l40s
resnet152,gemm,392,layer3.24.conv2,256,256,3,1,1,1.1854607939720154,0.030343215616283337,0.542819643983853,l40s
resnet152,gemm,392,layer3.24.conv3,256,1024,1,1,0,1.0926639974117278,0.03456830854457649,0.5003282142142351,l40s
resnet152,gemm,392,layer3.25.conv1,1024,256,1,1,0,1.054310405254364,0.017038479643467237,0.4827661966880329,l40s
resnet152,gemm,392,layer3.25.conv2,256,256,3,1,1,1.1659759879112244,0.025877981850243394,0.5338975981913687,l40s
resnet152,gemm,392,layer3.25.conv3,256,1024,1,1,0,1.1133215963840484,0.029539796170175388,0.5097872790578262,l40s
resnet152,gemm,392,layer3.26.conv1,1024,256,1,1,0,1.0718992054462433,0.030030439350889986,0.4908200659571033,l40s
resnet152,gemm,392,layer3.26.conv2,256,256,3,1,1,1.174840009212494,0.02680578023812396,0.5379564122082362,l40s
resnet152,gemm,392,layer3.26.conv3,256,1024,1,1,0,1.0847535967826842,0.03212303595957046,0.49670606080767676,l40s
resnet152,gemm,392,layer3.27.conv1,1024,256,1,1,0,1.07875999212265,0.033738265001477696,0.4939616036613222,l40s
resnet152,gemm,392,layer3.27.conv2,256,256,3,1,1,1.166132789850235,0.024485040844721508,0.5339693974217967,l40s
resnet152,gemm,392,layer3.27.conv3,256,1024,1,1,0,1.1096256136894227,0.02444370247353675,0.508094897478723,l40s
resnet152,gemm,392,layer3.28.conv1,1024,256,1,1,0,1.064574408531189,0.02259941190299331,0.48746605908154766,l40s
resnet152,gemm,392,layer3.28.conv2,256,256,3,1,1,1.1843984007835389,0.03086518785688113,0.542333176700184,l40s
resnet152,gemm,392,layer3.28.conv3,256,1024,1,1,0,1.08124321103096,0.02678300107864373,0.4950986636219695,l40s
resnet152,gemm,392,layer3.29.conv1,1024,256,1,1,0,1.0684975981712341,0.02395301150908816,0.48926247817403834,l40s
resnet152,gemm,392,layer3.29.conv2,256,256,3,1,1,1.175551998615265,0.028869278768430685,0.5382824304419034,l40s
resnet152,gemm,392,layer3.29.conv3,256,1024,1,1,0,1.1113056063652038,0.02890963238486164,0.5088641620809774,l40s
resnet152,gemm,392,layer3.30.conv1,1024,256,1,1,0,1.066217589378357,0.030966203110511147,0.48821846763609145,l40s
resnet152,gemm,392,layer3.30.conv2,256,256,3,1,1,1.1730223953723908,0.02112710060704883,0.5371241312061129,l40s
resnet152,gemm,392,layer3.30.conv3,256,1024,1,1,0,1.0889136075973511,0.03390766713490795,0.4986109197459639,l40s
resnet152,gemm,392,layer3.31.conv1,1024,256,1,1,0,1.0663632035255433,0.026146692294814426,0.48828514400357365,l40s
resnet152,gemm,392,layer3.31.conv2,256,256,3,1,1,1.1734959959983826,0.03293542367752097,0.5373409917927292,l40s
resnet152,gemm,392,layer3.31.conv3,256,1024,1,1,0,1.1152863800525665,0.02396349830211988,0.5106869487701217,l40s
resnet152,gemm,392,layer3.32.conv1,1024,256,1,1,0,1.075780802965164,0.030641242632722224,0.49259744011744944,l40s
resnet152,gemm,392,layer3.32.conv2,256,256,3,1,1,1.1669392049312592,0.0264438463263135,0.5343386529462398,l40s
resnet152,gemm,392,layer3.32.conv3,256,1024,1,1,0,1.0864032089710236,0.023436594924861665,0.4974614142578618,l40s
resnet152,gemm,392,layer3.33.conv1,1024,256,1,1,0,1.0796367943286895,0.02377358955014985,0.4943630892808777,l40s
resnet152,gemm,392,layer3.33.conv2,256,256,3,1,1,1.166190403699875,0.02302297513242209,0.5339957786648619,l40s
resnet152,gemm,392,layer3.33.conv3,256,1024,1,1,0,1.113448005914688,0.024938369439621178,0.5098451616776201,l40s
resnet152,gemm,392,layer3.34.conv1,1024,256,1,1,0,1.076863992214203,0.03542593296894733,0.4930934298671908,l40s
resnet152,gemm,392,layer3.34.conv2,256,256,3,1,1,1.1766447961330413,0.02387272019582344,0.5387828197947712,l40s
resnet152,gemm,392,layer3.34.conv3,256,1024,1,1,0,1.0857103884220123,0.02069025500042171,0.49714417339618894,l40s
resnet152,gemm,392,layer3.35.conv1,1024,256,1,1,0,1.0583455979824066,0.02492240469968104,0.4846139017249099,l40s
resnet152,gemm,392,layer3.35.conv2,256,256,3,1,1,1.1733327984809876,0.02461540821635296,0.5372662640423542,l40s
resnet152,gemm,392,layer3.35.conv3,256,1024,1,1,0,1.1192799985408783,0.031145035755231136,0.5125156170627011,l40s
resnet152,gemm,392,layer4.0.conv1,1024,512,1,1,0,1.3684271931648255,0.03131376681334726,0.6265995177476016,l40s
resnet152,gemm,392,layer4.0.conv2,512,512,3,2,1,1.9182799875736236,0.037059829787271056,0.8783757887320273,l40s
resnet152,gemm,392,layer4.0.conv3,512,2048,1,1,0,1.188046395778656,0.02694651946520243,0.5440035848271955,l40s
resnet152,gemm,392,layer4.0.downsample.0,1024,2048,1,2,0,1.9725119948387146,0.05040629295176326,0.9032084943144114,l40s
resnet152,gemm,392,layer4.1.conv1,2048,512,1,1,0,1.247332799434662,0.02748039675218374,0.5711506863503149,l40s
resnet152,gemm,392,layer4.1.conv2,512,512,3,1,1,1.863177591562271,0.027675501741292765,0.8531445342378818,l40s
resnet152,gemm,392,layer4.1.conv3,512,2048,1,1,0,1.230985587835312,0.02990084443954662,0.5636653375090801,l40s
resnet152,gemm,392,layer4.2.conv1,2048,512,1,1,0,1.2473663985729218,0.032059846000360465,0.5711660713148462,l40s
resnet152,gemm,392,layer4.2.conv2,512,512,3,1,1,1.84689918756485,0.024524900015955316,0.8456906922319402,l40s
resnet152,gemm,392,layer4.2.conv3,512,2048,1,1,0,1.2220591962337495,0.034704164259279156,0.5595779642818428,l40s
resnet152,gemm,395,conv1,3,64,7,2,3,1.7207696080207824,0.12416711351176846,0.7855319520232718,l40s
resnet152,gemm,395,layer1.0.conv1,64,64,1,1,0,1.162993597984314,0.037878357313373676,0.5309070005402797,l40s
resnet152,gemm,395,layer1.0.conv2,64,64,3,1,1,1.3493600010871887,0.028739562776901414,0.6159833313509695,l40s
resnet152,gemm,395,layer1.0.conv3,64,256,1,1,0,1.9471696019172668,0.08182585686497977,0.8888836315942039,l40s
resnet152,gemm,395,layer1.0.downsample.0,64,256,1,1,0,2.025980794429779,0.21550387528704254,0.9248609696451952,l40s
resnet152,gemm,395,layer1.1.conv1,256,64,1,1,0,1.9374559998512269,0.045347014526995764,0.8844493687175541,l40s
resnet152,gemm,395,layer1.1.conv2,64,64,3,1,1,1.3169424057006835,0.02330713055484526,0.6011846872645298,l40s
resnet152,gemm,395,layer1.1.conv3,64,256,1,1,0,1.899414414167404,0.029370873682885202,0.8670833710145582,l40s
resnet152,gemm,395,layer1.2.conv1,256,64,1,1,0,1.9074223935604095,0.029681430487642577,0.8707390165205159,l40s
resnet152,gemm,395,layer1.2.conv2,64,64,3,1,1,1.313976001739502,0.023923121091466482,0.599830522777166,l40s
resnet152,gemm,395,layer1.2.conv3,64,256,1,1,0,1.8944880068302155,0.0341933889562476,0.8648344642730599,l40s
resnet152,gemm,395,layer2.0.conv1,256,128,1,1,0,2.2411328196525573,0.04706753478033545,1.0230779474249236,l40s
resnet152,gemm,395,layer2.0.conv2,128,128,3,2,1,1.284705603122711,0.03839398910571976,0.586468575160952,l40s
resnet152,gemm,395,layer2.0.conv3,128,512,1,1,0,1.4526704013347627,0.028620100581975953,0.6631445666450566,l40s
resnet152,gemm,395,layer2.0.downsample.0,256,512,1,2,0,2.2839343905448914,0.05319550015890568,1.0426168801071376,l40s
resnet152,gemm,395,layer2.1.conv1,512,128,1,1,0,1.235432004928589,0.03167357863180507,0.5639751596611521,l40s
resnet152,gemm,395,layer2.1.conv2,128,128,3,1,1,1.0984928071498872,0.029436820632996435,0.5014623660610077,l40s
resnet152,gemm,395,layer2.1.conv3,128,512,1,1,0,1.2890384018421173,0.03167901061918303,0.5884464993524965,l40s
resnet152,gemm,395,layer2.2.conv1,512,128,1,1,0,1.2442319989204407,0.026845166947967132,0.567992360119593,l40s
resnet152,gemm,395,layer2.2.conv2,128,128,3,1,1,1.1004192054271698,0.028930122152532444,0.5023417675753502,l40s
resnet152,gemm,395,layer2.2.conv3,128,512,1,1,0,1.2742479920387269,0.026472558916804535,0.5816946718969636,l40s
resnet152,gemm,395,layer2.3.conv1,512,128,1,1,0,1.24413760304451,0.03918797539941463,0.5679492683678924,l40s
resnet152,gemm,395,layer2.3.conv2,128,128,3,1,1,1.1074384093284606,0.04500777394588946,0.5055460367096548,l40s
resnet152,gemm,395,layer2.3.conv3,128,512,1,1,0,1.2642880022525786,0.01639871380652304,0.5771479329364563,l40s
resnet152,gemm,395,layer2.4.conv1,512,128,1,1,0,1.2435151994228364,0.028620896223448513,0.5676651408881875,l40s
resnet152,gemm,395,layer2.4.conv2,128,128,3,1,1,1.0959488093852996,0.04074537728925398,0.5003010301560472,l40s
resnet152,gemm,395,layer2.4.conv3,128,512,1,1,0,1.2720175862312317,0.02594132484994448,0.5806764908344906,l40s
resnet152,gemm,395,layer2.5.conv1,512,128,1,1,0,1.2391183972358704,0.029368976050127015,0.5656579990904195,l40s
resnet152,gemm,395,layer2.5.conv2,128,128,3,1,1,1.0955215990543365,0.04221990272614425,0.5001060084845569,l40s
resnet152,gemm,395,layer2.5.conv3,128,512,1,1,0,1.2765280067920686,0.027294284905946972,0.5827354994612616,l40s
resnet152,gemm,395,layer2.6.conv1,512,128,1,1,0,1.2349488079547881,0.030032863308001746,0.5637545800668401,l40s
resnet152,gemm,395,layer2.6.conv2,128,128,3,1,1,1.0872767984867096,0.028412915579723294,0.49634225402623644,l40s
resnet152,gemm,395,layer2.6.conv3,128,512,1,1,0,1.2728464245796203,0.03316188277638924,0.5810548558420353,l40s
resnet152,gemm,395,layer2.7.conv1,512,128,1,1,0,1.2300064206123351,0.032624265378632736,0.5614983784471255,l40s
resnet152,gemm,395,layer2.7.conv2,128,128,3,1,1,1.081791990995407,0.026491289781938168,0.4938384374112566,l40s
resnet152,gemm,395,layer2.7.conv3,128,512,1,1,0,1.270828801393509,0.022683549890921546,0.5801338101236276,l40s
resnet152,gemm,395,layer3.0.conv1,512,256,1,1,0,1.5962575852870942,0.04488002680674616,0.728692168351791,l40s
resnet152,gemm,395,layer3.0.conv2,256,256,3,2,1,1.5069744050502778,0.030253786408930755,0.6879343640952755,l40s
resnet152,gemm,395,layer3.0.conv3,256,1024,1,1,0,1.0299664050340653,0.0497638440632556,0.4701800385673883,l40s
resnet152,gemm,395,layer3.0.downsample.0,512,1024,1,2,0,1.7086784064769744,0.09906525812123289,0.7800123141201252,l40s
resnet152,gemm,395,layer3.1.conv1,1024,256,1,1,0,1.0826224207878112,0.05364359042680335,0.49421752891357335,l40s
resnet152,gemm,395,layer3.1.conv2,256,256,3,1,1,1.1979648053646088,0.03030272299976852,0.5468713694308079,l40s
resnet152,gemm,395,layer3.1.conv3,256,1024,1,1,0,0.9988815993070602,0.06803651886484684,0.4559898134453372,l40s
resnet152,gemm,395,layer3.2.conv1,1024,256,1,1,0,1.0898032128810882,0.05113639939638213,0.4974955631163003,l40s
resnet152,gemm,395,layer3.2.conv2,256,256,3,1,1,1.1797632098197937,0.023251861004770624,0.5385623344434327,l40s
resnet152,gemm,395,layer3.2.conv3,256,1024,1,1,0,0.9899215936660767,0.050224012255090496,0.45189956761086036,l40s
resnet152,gemm,395,layer3.3.conv1,1024,256,1,1,0,1.0706560075283051,0.05342529461170754,0.4887548569076046,l40s
resnet152,gemm,395,layer3.3.conv2,256,256,3,1,1,1.1717535972595214,0.02714239612329999,0.5349059433960237,l40s
resnet152,gemm,395,layer3.3.conv3,256,1024,1,1,0,0.9806848019361496,0.0593670295134829,0.4476829688260948,l40s
resnet152,gemm,395,layer3.4.conv1,1024,256,1,1,0,1.0692543983459473,0.04848701492990638,0.4881150218059969,l40s
resnet152,gemm,395,layer3.4.conv2,256,256,3,1,1,1.1737119853496552,0.026504484747359034,0.5357999482715696,l40s
resnet152,gemm,395,layer3.4.conv3,256,1024,1,1,0,0.9965567946434021,0.06021298809024901,0.45492853927068655,l40s
resnet152,gemm,395,layer3.5.conv1,1024,256,1,1,0,1.0714336156845092,0.052044603130173485,0.48910983531378105,l40s
resnet152,gemm,395,layer3.5.conv2,256,256,3,1,1,1.1792336046695708,0.0369359339523764,0.5383205694997024,l40s
resnet152,gemm,395,layer3.5.conv3,256,1024,1,1,0,0.9864672064781189,0.05213879833006814,0.4503226386029604,l40s
resnet152,gemm,395,layer3.6.conv1,1024,256,1,1,0,1.073001605272293,0.05291984653102327,0.4898256231309896,l40s
resnet152,gemm,395,layer3.6.conv2,256,256,3,1,1,1.1749216079711915,0.028955823582296425,0.5363521414383235,l40s
resnet152,gemm,395,layer3.6.conv3,256,1024,1,1,0,0.9832671970129013,0.05383059803384627,0.4488618331180259,l40s
resnet152,gemm,395,layer3.7.conv1,1024,256,1,1,0,1.0731007933616639,0.04524851100112012,0.48987090252986887,l40s
resnet152,gemm,395,layer3.7.conv2,256,256,3,1,1,1.1714256048202514,0.03194902016741209,0.5347562147281836,l40s
resnet152,gemm,395,layer3.7.conv3,256,1024,1,1,0,0.9940032005310059,0.06412840897941682,0.45376282262946055,l40s
resnet152,gemm,395,layer3.8.conv1,1024,256,1,1,0,1.0938655853271484,0.06433549679964198,0.49935003761568986,l40s
resnet152,gemm,395,layer3.8.conv2,256,256,3,1,1,1.2602559983730317,0.3298468750984506,0.5753073216987271,l40s
resnet152,gemm,395,layer3.8.conv3,256,1024,1,1,0,1.0207504063844681,0.16898867514656826,0.46597293183135713,l40s
resnet152,gemm,395,layer3.9.conv1,1024,256,1,1,0,1.072849601507187,0.051311771803489135,0.4897562333569245,l40s
resnet152,gemm,395,layer3.9.conv2,256,256,3,1,1,1.184577602148056,0.022869158690570487,0.5407601062926088,l40s
resnet152,gemm,395,layer3.9.conv3,256,1024,1,1,0,0.9946047961711884,0.06018383390775601,0.45403745125804545,l40s
resnet152,gemm,395,layer3.10.conv1,1024,256,1,1,0,1.0700160086154937,0.05278652539459121,0.48846269717109475,l40s
resnet152,gemm,395,layer3.10.conv2,256,256,3,1,1,1.1783632040023804,0.024900167989715512,0.5379232312785055,l40s
resnet152,gemm,395,layer3.10.conv3,256,1024,1,1,0,0.9922000020742416,0.06497535852251603,0.4529396618780009,l40s
resnet152,gemm,395,layer3.11.conv1,1024,256,1,1,0,1.0802479982376099,0.05948991783242083,0.4931336041556662,l40s
resnet152,gemm,395,layer3.11.conv2,256,256,3,1,1,1.1746143996715546,0.035216778560516575,0.5362119007377866,l40s
resnet152,gemm,395,layer3.11.conv3,256,1024,1,1,0,1.0096159875392914,0.0579859296087797,0.4608900655781831,l40s
resnet152,gemm,395,layer3.12.conv1,1024,256,1,1,0,1.0706255853176116,0.05499443062892868,0.4887409691573564,l40s
resnet152,gemm,395,layer3.12.conv2,256,256,3,1,1,1.1890464067459106,0.033972772547963784,0.5428001172171398,l40s
resnet152,gemm,395,layer3.12.conv3,256,1024,1,1,0,0.9985951989889145,0.07006826643536518,0.4558590715959203,l40s
resnet152,gemm,395,layer3.13.conv1,1024,256,1,1,0,1.0787327885627747,0.04867478479898721,0.4924419103879184,l40s
resnet152,gemm,395,layer3.13.conv2,256,256,3,1,1,1.1766575932502747,0.0283419623963489,0.5371446193497218,l40s
resnet152,gemm,395,layer3.13.conv3,256,1024,1,1,0,0.9960448116064071,0.05655911342880007,0.454694818828055,l40s
resnet152,gemm,395,layer3.14.conv1,1024,256,1,1,0,1.080099195241928,0.05533343901672476,0.4930656755340077,l40s
resnet152,gemm,395,layer3.14.conv2,256,256,3,1,1,1.1741616010665894,0.025440493685419015,0.5360051980099062,l40s
resnet152,gemm,395,layer3.14.conv3,256,1024,1,1,0,0.9948607921600342,0.05209769651014283,0.45415431352007685,l40s
resnet152,gemm,395,layer3.15.conv1,1024,256,1,1,0,1.0792543947696687,0.0642411260302235,0.4926800238111094,l40s
resnet152,gemm,395,layer3.15.conv2,256,256,3,1,1,1.183572804927826,0.028750936119786977,0.5403014159960602,l40s
resnet152,gemm,395,layer3.15.conv3,256,1024,1,1,0,0.9928032010793686,0.06466196834055347,0.4532150224432661,l40s
resnet152,gemm,395,layer3.16.conv1,1024,256,1,1,0,1.080192005634308,0.053797278489570215,0.49310804351189064,l40s
resnet152,gemm,395,layer3.16.conv2,256,256,3,1,1,1.1729519963264465,0.03279383306776781,0.5354530130060148,l40s
resnet152,gemm,395,layer3.16.conv3,256,1024,1,1,0,0.9873200058937073,0.05853523067567209,0.45071194184639807,l40s
resnet152,gemm,395,layer3.17.conv1,1024,256,1,1,0,1.0856687903404236,0.058086906684474,0.4956081977225142,l40s
resnet152,gemm,395,layer3.17.conv2,256,256,3,1,1,1.1703776240348815,0.031092792219260004,0.5342778111184399,l40s
resnet152,gemm,395,layer3.17.conv3,256,1024,1,1,0,0.9917631953954696,0.06374713716594921,0.45274025947024493,l40s
resnet152,gemm,395,layer3.18.conv1,1024,256,1,1,0,1.0879503905773162,0.052560926912959945,0.49664974906063,l40s
resnet152,gemm,395,layer3.18.conv2,256,256,3,1,1,1.1711568057537078,0.029166719460826784,0.5346335078565259,l40s
resnet152,gemm,395,layer3.18.conv3,256,1024,1,1,0,0.986150398850441,0.046275394937703725,0.45017801580568073,l40s
resnet152,gemm,395,layer3.19.conv1,1024,256,1,1,0,1.0795247972011566,0.0540054599022297,0.49280346261944763,l40s
resnet152,gemm,395,layer3.19.conv2,256,256,3,1,1,1.1732367992401123,0.023839867013699296,0.5355830256397055,l40s
resnet152,gemm,395,layer3.19.conv3,256,1024,1,1,0,0.9834143996238709,0.04991947867435904,0.44892903116348126,l40s
resnet152,gemm,395,layer3.20.conv1,1024,256,1,1,0,1.0739135980606078,0.046847162915717895,0.49024194817060956,l40s
resnet152,gemm,395,layer3.20.conv2,256,256,3,1,1,1.1827999889850616,0.023240373182694084,0.5399486252370621,l40s
resnet152,gemm,395,layer3.20.conv3,256,1024,1,1,0,0.9872032076120376,0.054035452150122815,0.45065862338832835,l40s
resnet152,gemm,395,layer3.21.conv1,1024,256,1,1,0,1.0867919921875,0.054432196542703336,0.49612093977428995,l40s
resnet152,gemm,395,layer3.21.conv2,256,256,3,1,1,1.1771120131015778,0.031667746930467255,0.5373520621771454,l40s
resnet152,gemm,395,layer3.21.conv3,256,1024,1,1,0,0.9954623848199844,0.04001415399729991,0.4544289407881845,l40s
resnet152,gemm,395,layer3.22.conv1,1024,256,1,1,0,1.0793231904506684,0.059511782530157445,0.49271142906451154,l40s
resnet152,gemm,395,layer3.22.conv2,256,256,3,1,1,1.1670991957187653,0.024519145143301634,0.5327812073995438,l40s
resnet152,gemm,395,layer3.22.conv3,256,1024,1,1,0,0.9817007929086685,0.052217472951874615,0.4481467690746352,l40s
resnet152,gemm,395,layer3.23.conv1,1024,256,1,1,0,1.0737743973731995,0.06254063651819822,0.4901784030061708,l40s
resnet152,gemm,395,layer3.23.conv2,256,256,3,1,1,1.1536495804786682,0.01883328714192727,0.5266414531498931,l40s
resnet152,gemm,395,layer3.23.conv3,256,1024,1,1,0,0.9862415999174118,0.0617551339942482,0.45021964912592904,l40s
resnet152,gemm,395,layer3.24.conv1,1024,256,1,1,0,1.0796976149082185,0.057334286314804535,0.492882353965587,l40s
resnet152,gemm,395,layer3.24.conv2,256,256,3,1,1,1.171016001701355,0.025497508811316953,0.5345692307554066,l40s
resnet152,gemm,395,layer3.24.conv3,256,1024,1,1,0,0.9924400091171265,0.052799936858655416,0.4530492251803848,l40s
resnet152,gemm,395,layer3.25.conv1,1024,256,1,1,0,1.0668159961700439,0.050347333937002976,0.4870018903256831,l40s
resnet152,gemm,395,layer3.25.conv2,256,256,3,1,1,1.1884575963020325,0.03340397874665494,0.5425313250353188,l40s
resnet152,gemm,395,layer3.25.conv3,256,1024,1,1,0,0.9841072082519531,0.04903947434265492,0.4492452985542227,l40s
resnet152,gemm,395,layer3.26.conv1,1024,256,1,1,0,1.076031994819641,0.052005151878598214,0.4912089970617143,l40s
resnet152,gemm,395,layer3.26.conv2,256,256,3,1,1,1.1791615962982178,0.026433542582760997,0.5382876976519853,l40s
resnet152,gemm,395,layer3.26.conv3,256,1024,1,1,0,0.9749776065349579,0.054855122640277594,0.44507763204935286,l40s
resnet152,gemm,395,layer3.27.conv1,1024,256,1,1,0,1.0577055990695954,0.04597257293118566,0.48284299073525283,l40s
resnet152,gemm,395,layer3.27.conv2,256,256,3,1,1,1.181630402803421,0.026872088029950912,0.5394147087196847,l40s
resnet152,gemm,395,layer3.27.conv3,256,1024,1,1,0,0.9879119962453842,0.051206036961865674,0.45098218565728604,l40s
resnet152,gemm,395,layer3.28.conv1,1024,256,1,1,0,1.073051208257675,0.06545917643657354,0.4898482669118605,l40s
resnet152,gemm,395,layer3.28.conv2,256,256,3,1,1,1.1658367931842804,0.021859211050656614,0.5322049201833292,l40s
resnet152,gemm,395,layer3.28.conv3,256,1024,1,1,0,0.9806591987609863,0.057122173448166516,0.4476712809673191,l40s
resnet152,gemm,395,layer3.29.conv1,1024,256,1,1,0,1.0770847916603088,0.05223141697198315,0.49168959920245336,l40s
resnet152,gemm,395,layer3.29.conv2,256,256,3,1,1,1.1712511956691742,0.024352464380618544,0.5346765968872723,l40s
resnet152,gemm,395,layer3.29.conv3,256,1024,1,1,0,0.9820719987154007,0.04949141403572178,0.44831622466044146,l40s
resnet152,gemm,395,layer3.30.conv1,1024,256,1,1,0,1.0767343997955323,0.04944459300014068,0.49152964518872144,l40s
resnet152,gemm,395,layer3.30.conv2,256,256,3,1,1,1.1729536056518555,0.031492189002645075,0.5354537476636495,l40s
resnet152,gemm,395,layer3.30.conv3,256,1024,1,1,0,0.98646240234375,0.05113050481702476,0.4503204455138734,l40s
resnet152,gemm,395,layer3.31.conv1,1024,256,1,1,0,1.0780656039714813,0.05215140989652698,0.49213734037929235,l40s
resnet152,gemm,395,layer3.31.conv2,256,256,3,1,1,1.1730271995067596,0.03152062356536565,0.5354873432851843,l40s
resnet152,gemm,395,layer3.31.conv3,256,1024,1,1,0,0.987308794260025,0.05131449586196568,0.4507068237315437,l40s
resnet152,gemm,395,layer3.32.conv1,1024,256,1,1,0,1.0797248005867004,0.05905736689096569,0.4928947642377033,l40s
resnet152,gemm,395,layer3.32.conv2,256,256,3,1,1,1.1753791987895965,0.02222779394614296,0.5365610318133827,l40s
resnet152,gemm,395,layer3.32.conv3,256,1024,1,1,0,0.9835407972335816,0.04652741787714348,0.4489867317182936,l40s
resnet152,gemm,395,layer3.33.conv1,1024,256,1,1,0,1.0815663933753967,0.05350587467666569,0.4937354520156566,l40s
resnet152,gemm,395,layer3.33.conv2,256,256,3,1,1,1.1737248122692108,0.02928489306379255,0.5358058037650129,l40s
resnet152,gemm,395,layer3.33.conv3,256,1024,1,1,0,0.9952863961458206,0.06310374110574461,0.4543486018944097,l40s
resnet152,gemm,395,layer3.34.conv1,1024,256,1,1,0,1.0735696017742158,0.05184421835246198,0.49008491374073654,l40s
resnet152,gemm,395,layer3.34.conv2,256,256,3,1,1,1.167009609937668,0.029236109968392678,0.5327403114578844,l40s
resnet152,gemm,395,layer3.34.conv3,256,1024,1,1,0,0.9895519971847534,0.052764147753252395,0.4517308466826887,l40s
resnet152,gemm,395,layer3.35.conv1,1024,256,1,1,0,1.0742719888687133,0.04504742063233912,0.490405553704881,l40s
resnet152,gemm,395,layer3.35.conv2,256,256,3,1,1,1.1730128049850463,0.03068368835359888,0.5354807721807859,l40s
resnet152,gemm,395,layer3.35.conv3,256,1024,1,1,0,0.9878303945064545,0.048569831447197655,0.4509449344337804,l40s
resnet152,gemm,395,layer4.0.conv1,1024,512,1,1,0,1.3999008119106293,0.05994598348881635,0.6390552298770252,l40s
resnet152,gemm,395,layer4.0.conv2,512,512,3,2,1,1.9177375912666321,0.029905036088371043,0.8754479080257507,l40s
resnet152,gemm,395,layer4.0.conv3,512,2048,1,1,0,1.190479999780655,0.02693238230644593,0.5434545529589966,l40s
resnet152,gemm,395,layer4.0.downsample.0,1024,2048,1,2,0,1.960286420583725,0.045353772145040314,0.8948714640869274,l40s
resnet152,gemm,395,layer4.1.conv1,2048,512,1,1,0,1.2449071943759917,0.020334268365245396,0.5683005870906669,l40s
resnet152,gemm,395,layer4.1.conv2,512,512,3,1,1,1.8656799912452697,0.029481220252430308,0.8516835946790834,l40s
resnet152,gemm,395,layer4.1.conv3,512,2048,1,1,0,1.2377536058425904,0.029206611951933848,0.565034971322919,l40s
resnet152,gemm,395,layer4.2.conv1,2048,512,1,1,0,1.2547344088554382,0.025391399968018192,0.5727867140753653,l40s
resnet152,gemm,395,layer4.2.conv2,512,512,3,1,1,1.8515087962150574,0.03209747714009133,0.8452144389927572,l40s
resnet152,gemm,395,layer4.2.conv3,512,2048,1,1,0,1.2236415982246398,0.03352273852077599,0.5585928347118208,l40s
resnet152,gemm,398,conv1,3,64,7,2,3,1.752948796749115,0.2257102324758943,0.8196102188309745,l40s
resnet152,gemm,398,layer1.0.conv1,64,64,1,1,0,1.1440816164016723,0.030105831752158613,0.5349277661266879,l40s
resnet152,gemm,398,layer1.0.conv2,64,64,3,1,1,1.3355727970600129,0.02601765246412174,0.6244615441666673,l40s
resnet152,gemm,398,layer1.0.conv3,64,256,1,1,0,2.250649607181549,0.11896604960059981,1.0523156297975578,l40s
resnet152,gemm,398,layer1.0.downsample.0,64,256,1,1,0,2.1869375824928285,0.05127307822413374,1.0225263817635433,l40s
resnet152,gemm,398,layer1.1.conv1,256,64,1,1,0,1.961470401287079,0.031028326119147572,0.9171067562331489,l40s
resnet152,gemm,398,layer1.1.conv2,64,64,3,1,1,1.3398576080799103,0.031137024415360617,0.6264649540233502,l40s
resnet152,gemm,398,layer1.1.conv3,64,256,1,1,0,1.9250319957733155,0.029394500725388812,0.9000695845984875,l40s
resnet152,gemm,398,layer1.2.conv1,256,64,1,1,0,1.9409327805042267,0.03370609115339365,0.9075041689269376,l40s
resnet152,gemm,398,layer1.2.conv2,64,64,3,1,1,1.3282112002372741,0.02608645371095679,0.6210195497433163,l40s
resnet152,gemm,398,layer1.2.conv3,64,256,1,1,0,1.9194831848144531,0.03930452966420246,0.8974751778635739,l40s
resnet152,gemm,398,layer2.0.conv1,256,128,1,1,0,2.241755211353302,0.026618482575831867,1.0481569585775665,l40s
resnet152,gemm,398,layer2.0.conv2,128,128,3,2,1,1.281408005952835,0.028401355562874393,0.5991362087235454,l40s
resnet152,gemm,398,layer2.0.conv3,128,512,1,1,0,1.414195191860199,0.015386963378105495,0.6612222974337911,l40s
resnet152,gemm,398,layer2.0.downsample.0,256,512,1,2,0,2.532046413421631,0.05990152579563232,1.183885758011508,l40s
resnet152,gemm,398,layer2.1.conv1,512,128,1,1,0,1.229521596431732,0.03008435113752305,0.5748761552976774,l40s
resnet152,gemm,398,layer2.1.conv2,128,128,3,1,1,1.0989663898944855,0.02668845018621951,0.5138336527454306,l40s
resnet152,gemm,398,layer2.1.conv3,128,512,1,1,0,1.4907184004783631,0.028050395156493917,0.6970015534380145,l40s
resnet152,gemm,398,layer2.2.conv1,512,128,1,1,0,1.241012805700302,0.026311573231662402,0.5802489948014391,l40s
resnet152,gemm,398,layer2.2.conv2,128,128,3,1,1,1.090356808900833,0.02582427981981627,0.5098081497898755,l40s
resnet152,gemm,398,layer2.2.conv3,128,512,1,1,0,1.4470928072929383,0.020534920977440575,0.6766039342698749,l40s
resnet152,gemm,398,layer2.3.conv1,512,128,1,1,0,1.2526880085468293,0.03749779405585511,0.5857078624977942,l40s
resnet152,gemm,398,layer2.3.conv2,128,128,3,1,1,1.0844176054000854,0.022435947027631537,0.5070312107886011,l40s
resnet152,gemm,398,layer2.3.conv3,128,512,1,1,0,1.464004796743393,0.034195539375906574,0.6845113183304133,l40s
resnet152,gemm,398,layer2.4.conv1,512,128,1,1,0,1.2412927985191344,0.026001768459275643,0.5803799084801159,l40s
resnet152,gemm,398,layer2.4.conv2,128,128,3,1,1,1.0786384046077728,0.02011120401206028,0.5043290827887191,l40s
resnet152,gemm,398,layer2.4.conv3,128,512,1,1,0,1.4517071962356567,0.024105363665393186,0.6787614418583032,l40s
resnet152,gemm,398,layer2.5.conv1,512,128,1,1,0,1.2477055847644807,0.023560158561171232,0.5833782762291407,l40s
resnet152,gemm,398,layer2.5.conv2,128,128,3,1,1,1.085185605287552,0.021341813610900665,0.5073902974641481,l40s
resnet152,gemm,398,layer2.5.conv3,128,512,1,1,0,1.448164802789688,0.01677320320815695,0.6771051573890591,l40s
resnet152,gemm,398,layer2.6.conv1,512,128,1,1,0,1.2319407999515533,0.0333622358355815,0.5760072801371219,l40s
resnet152,gemm,398,layer2.6.conv2,128,128,3,1,1,1.0868880033493042,0.026997803137498107,0.5081862721386611,l40s
resnet152,gemm,398,layer2.6.conv3,128,512,1,1,0,1.448859190940857,0.0312752270855026,0.6774298260990572,l40s
resnet152,gemm,398,layer2.7.conv1,512,128,1,1,0,1.2433040022850037,0.030632625834647667,0.5813202686102661,l40s
resnet152,gemm,398,layer2.7.conv2,128,128,3,1,1,1.0851408123970032,0.019469500874317834,0.5073693540624395,l40s
resnet152,gemm,398,layer2.7.conv3,128,512,1,1,0,1.4521983921527863,0.032250454492223135,0.6789911058358672,l40s
resnet152,gemm,398,layer3.0.conv1,512,256,1,1,0,1.5711632013320922,0.02525965383409146,0.7346143924175751,l40s
resnet152,gemm,398,layer3.0.conv2,256,256,3,2,1,1.4995567977428437,0.035411246612944404,0.7011340419222704,l40s
resnet152,gemm,398,layer3.0.conv3,256,1024,1,1,0,1.0054271996021271,0.025236265499942713,0.4700983899887715,l40s
resnet152,gemm,398,layer3.0.downsample.0,512,1024,1,2,0,1.665145605802536,0.03375481720098,0.778556884769396,l40s
resnet152,gemm,398,layer3.1.conv1,1024,256,1,1,0,1.0763007998466492,0.02284570933295234,0.5032361103337575,l40s
resnet152,gemm,398,layer3.1.conv2,256,256,3,1,1,1.1830432057380675,0.02994890384236042,0.5531446797189312,l40s
resnet152,gemm,398,layer3.1.conv3,256,1024,1,1,0,0.9828096002340316,0.02582686946384362,0.45952328613982024,l40s
resnet152,gemm,398,layer3.2.conv1,1024,256,1,1,0,1.0665935933589936,0.03233472717402475,0.4986974006758714,l40s
resnet152,gemm,398,layer3.2.conv2,256,256,3,1,1,1.1804096043109893,0.021754039920587193,0.5519133108130259,l40s
resnet152,gemm,398,layer3.2.conv3,256,1024,1,1,0,0.9794176012277603,0.028429120063029018,0.45793732022172823,l40s
resnet152,gemm,398,layer3.3.conv1,1024,256,1,1,0,1.0752335965633393,0.029600656553992445,0.5027371278659335,l40s
resnet152,gemm,398,layer3.3.conv2,256,256,3,1,1,1.1709936082363128,0.01680560496641433,0.547510759741603,l40s
resnet152,gemm,398,layer3.3.conv3,256,1024,1,1,0,0.9822799950838089,0.026626972303837947,0.4592756635088153,l40s
resnet152,gemm,398,layer3.4.conv1,1024,256,1,1,0,1.0679200112819671,0.021815625317656833,0.4993175817593839,l40s
resnet152,gemm,398,layer3.4.conv2,256,256,3,1,1,1.1812336087226867,0.035804651160160426,0.5522985830111878,l40s
resnet152,gemm,398,layer3.4.conv3,256,1024,1,1,0,1.2326063930988311,0.7658274342541028,0.5763184854307988,l40s
resnet152,gemm,398,layer3.5.conv1,1024,256,1,1,0,1.0628991961479186,0.025135062660690852,0.4969700451979287,l40s
resnet152,gemm,398,layer3.5.conv2,256,256,3,1,1,1.177724802494049,0.03250715560131355,0.5506580026096253,l40s
resnet152,gemm,398,layer3.5.conv3,256,1024,1,1,0,0.9733920007944107,0.026674725387451675,0.4551199853977308,l40s
resnet152,gemm,398,layer3.6.conv1,1024,256,1,1,0,1.0666719913482665,0.03433145645736139,0.4987340565059008,l40s
resnet152,gemm,398,layer3.6.conv2,256,256,3,1,1,1.1781200110912322,0.02338710006781163,0.5508427866748655,l40s
resnet152,gemm,398,layer3.6.conv3,256,1024,1,1,0,0.9781647980213165,0.02936872068516447,0.4573515584972045,l40s
resnet152,gemm,398,layer3.7.conv1,1024,256,1,1,0,1.0618735790252685,0.0235459694413828,0.4964905067904801,l40s
resnet152,gemm,398,layer3.7.conv2,256,256,3,1,1,1.180545598268509,0.02303449542882808,0.5519768962625775,l40s
resnet152,gemm,398,layer3.7.conv3,256,1024,1,1,0,0.9778560072183609,0.03066500977701238,0.45720718000876676,l40s
resnet152,gemm,398,layer3.8.conv1,1024,256,1,1,0,1.0530959904193877,0.02428353025070696,0.4923864500539593,l40s
resnet152,gemm,398,layer3.8.conv2,256,256,3,1,1,1.1796095967292786,0.02550268296196998,0.5515392585929448,l40s
resnet152,gemm,398,layer3.8.conv3,256,1024,1,1,0,0.9708047926425933,0.024968423773271277,0.4539103081707606,l40s
resnet152,gemm,398,layer3.9.conv1,1024,256,1,1,0,1.067280000448227,0.031039922951745253,0.4990183377538152,l40s
resnet152,gemm,398,layer3.9.conv2,256,256,3,1,1,1.1711152076721192,0.023769429197474923,0.547567614876434,l40s
resnet152,gemm,398,layer3.9.conv3,256,1024,1,1,0,0.9771168023347855,0.02332548823694008,0.4568615567495411,l40s
resnet152,gemm,398,layer3.10.conv1,1024,256,1,1,0,1.0643728077411652,0.023018868721391746,0.49765904827813995,l40s
resnet152,gemm,398,layer3.10.conv2,256,256,3,1,1,1.1766479909420013,0.028847565745557517,0.5501545276915614,l40s
resnet152,gemm,398,layer3.10.conv3,256,1024,1,1,0,0.9818479984998703,0.02920015952244767,0.45907367882143996,l40s
resnet152,gemm,398,layer3.11.conv1,1024,256,1,1,0,1.065403199195862,0.019699588659396066,0.49814081897630963,l40s
resnet152,gemm,398,layer3.11.conv2,256,256,3,1,1,1.202372807264328,0.09643047589841926,0.5621824445220075,l40s
resnet152,gemm,398,layer3.11.conv3,256,1024,1,1,0,0.9863168060779571,0.025446169238349175,0.4611631182641561,l40s
resnet152,gemm,398,layer3.12.conv1,1024,256,1,1,0,1.0522031962871552,0.023677065941590806,0.491969014476008,l40s
resnet152,gemm,398,layer3.12.conv2,256,256,3,1,1,1.336214405298233,0.6145636328540967,0.6247615350560227,l40s
resnet152,gemm,398,layer3.12.conv3,256,1024,1,1,0,0.9719631940126419,0.026776949576289545,0.45445193129298767,l40s
resnet152,gemm,398,layer3.13.conv1,1024,256,1,1,0,1.0551392138004303,0.026039255334345732,0.49334178130240336,l40s
resnet152,gemm,398,layer3.13.conv2,256,256,3,1,1,1.1949952006340028,0.09412219711773646,0.5587329645395096,l40s
resnet152,gemm,398,layer3.13.conv3,256,1024,1,1,0,0.9783136010169983,0.028959699220550753,0.45742113295144965,l40s
resnet152,gemm,398,layer3.14.conv1,1024,256,1,1,0,1.0593199908733368,0.029072505224723932,0.4952965489590304,l40s
resnet152,gemm,398,layer3.14.conv2,256,256,3,1,1,1.190558397769928,0.09755751512233506,0.5566584892478877,l40s
resnet152,gemm,398,layer3.14.conv3,256,1024,1,1,0,0.978209599852562,0.023778833682580904,0.4573725060792327,l40s
resnet152,gemm,398,layer3.15.conv1,1024,256,1,1,0,1.0643167912960052,0.025906475574905972,0.4976328571817652,l40s
resnet152,gemm,398,layer3.15.conv2,256,256,3,1,1,1.1799295902252198,0.027855397409558065,0.5516888750219695,l40s
resnet152,gemm,398,layer3.15.conv3,256,1024,1,1,0,0.9761888027191162,0.029957837826417765,0.456427660466042,l40s
resnet152,gemm,398,layer3.16.conv1,1024,256,1,1,0,1.0655007898807525,0.02347214258059079,0.4981864485592999,l40s
resnet152,gemm,398,layer3.16.conv2,256,256,3,1,1,1.2029583871364593,0.10714736173637443,0.5624562387412285,l40s
resnet152,gemm,398,layer3.16.conv3,256,1024,1,1,0,0.976788803935051,0.027670647329953148,0.45670819754094294,l40s
resnet152,gemm,398,layer3.17.conv1,1024,256,1,1,0,1.0672704041004182,0.03298234621515723,0.4990138508773348,l40s
resnet152,gemm,398,layer3.17.conv2,256,256,3,1,1,1.2043823957443238,0.1020841537767074,0.5631220494077315,l40s
resnet152,gemm,398,layer3.17.conv3,256,1024,1,1,0,0.9787983983755112,0.026961575402426437,0.4576478052135467,l40s
resnet152,gemm,398,layer3.18.conv1,1024,256,1,1,0,1.0662224054336549,0.03111603852261768,0.49852384773623143,l40s
resnet152,gemm,398,layer3.18.conv2,256,256,3,1,1,1.2073376059532166,0.10859021294963019,0.5645037899870877,l40s
resnet152,gemm,398,layer3.18.conv3,256,1024,1,1,0,0.9750096023082733,0.03223712913926817,0.4558763125267473,l40s
resnet152,gemm,398,layer3.19.conv1,1024,256,1,1,0,1.0768160045146942,0.027091599869293007,0.503476999863162,l40s
resnet152,gemm,398,layer3.19.conv2,256,256,3,1,1,1.19132000207901,0.09831063390871322,0.5570145856014076,l40s
resnet152,gemm,398,layer3.19.conv3,256,1024,1,1,0,0.9712448000907898,0.026505799208671663,0.4541160384245891,l40s
resnet152,gemm,398,layer3.20.conv1,1024,256,1,1,0,1.0636704027652741,0.02644557702980222,0.4973306312148089,l40s
resnet152,gemm,398,layer3.20.conv2,256,256,3,1,1,1.1949872016906737,0.10342088614410748,0.5587292245468158,l40s
resnet152,gemm,398,layer3.20.conv3,256,1024,1,1,0,0.9792783915996551,0.025639188843964274,0.45787223125052373,l40s
resnet152,gemm,398,layer3.21.conv1,1024,256,1,1,0,1.0695775985717773,0.03408431140418359,0.5000926046715489,l40s
resnet152,gemm,398,layer3.21.conv2,256,256,3,1,1,1.1902944147586823,0.10339443170426926,0.5565350611283579,l40s
resnet152,gemm,398,layer3.21.conv3,256,1024,1,1,0,0.9690176039934159,0.019088868091909773,0.453074688737631,l40s
resnet152,gemm,398,layer3.22.conv1,1024,256,1,1,0,1.07081441283226,0.02932690002064759,0.500670890591005,l40s
resnet152,gemm,398,layer3.22.conv2,256,256,3,1,1,1.2005552113056184,0.0987378918414338,0.5613326078215704,l40s
resnet152,gemm,398,layer3.22.conv3,256,1024,1,1,0,0.9734847962856292,0.02686157341234301,0.45516337293592085,l40s
resnet152,gemm,398,layer3.23.conv1,1024,256,1,1,0,1.0657232046127318,0.025655872677133044,0.49829044097909386,l40s
resnet152,gemm,398,layer3.23.conv2,256,256,3,1,1,1.1681439876556396,0.027366300388059008,0.5461783887379307,l40s
resnet152,gemm,398,layer3.23.conv3,256,1024,1,1,0,0.9877008020877838,0.03759545560020041,0.46181022060655136,l40s
resnet152,gemm,398,layer3.24.conv1,1024,256,1,1,0,1.0642336130142211,0.024506583699305723,0.4975939662741348,l40s
resnet152,gemm,398,layer3.24.conv2,256,256,3,1,1,1.1895616054534912,0.1123534299882642,0.5561924281911593,l40s
resnet152,gemm,398,layer3.24.conv3,256,1024,1,1,0,0.9778895944356918,0.028859507770900253,0.45722288407644834,l40s
resnet152,gemm,398,layer3.25.conv1,1024,256,1,1,0,1.0579216122627257,0.021647065699892783,0.4946427218756741,l40s
resnet152,gemm,398,layer3.25.conv2,256,256,3,1,1,1.200844806432724,0.1221774107220338,0.5614680111636073,l40s
resnet152,gemm,398,layer3.25.conv3,256,1024,1,1,0,0.9665456086397171,0.026315834115421096,0.4519188805037844,l40s
resnet152,gemm,398,layer3.26.conv1,1024,256,1,1,0,1.0618719935417176,0.023358653608513375,0.4964897654804529,l40s
resnet152,gemm,398,layer3.26.conv2,256,256,3,1,1,1.1915455996990203,0.09832693851035235,0.5571200662150155,l40s
resnet152,gemm,398,layer3.26.conv3,256,1024,1,1,0,0.9813247948884964,0.025124086366551546,0.4588290492993419,l40s
resnet152,gemm,398,layer3.27.conv1,1024,256,1,1,0,1.0541647911071776,0.02038731262378221,0.49288617940557,l40s
resnet152,gemm,398,layer3.27.conv2,256,256,3,1,1,1.1951888084411622,0.10093218940786298,0.5588234879692228,l40s
resnet152,gemm,398,layer3.27.conv3,256,1024,1,1,0,0.9739984065294266,0.03383415757608595,0.4554035169749785,l40s
resnet152,gemm,398,layer3.28.conv1,1024,256,1,1,0,1.066083198785782,0.021746242417489424,0.4984587601584668,l40s
resnet152,gemm,398,layer3.28.conv2,256,256,3,1,1,1.1973695933818818,0.09797538029241297,0.5598431376166062,l40s
resnet152,gemm,398,layer3.28.conv3,256,1024,1,1,0,0.9838112026453019,0.0304846017605291,0.4599915962085486,l40s
resnet152,gemm,398,layer3.29.conv1,1024,256,1,1,0,1.0663328051567078,0.02978154351956493,0.4985754663239152,l40s
resnet152,gemm,398,layer3.29.conv2,256,256,3,1,1,1.1947103917598725,0.09464025621506586,0.5585997990619532,l40s
resnet152,gemm,398,layer3.29.conv3,256,1024,1,1,0,0.9841535985469818,0.026248193155107322,0.4601516871253074,l40s
resnet152,gemm,398,layer3.30.conv1,1024,256,1,1,0,1.0557456076145173,0.028418928877075297,0.4936253073058915,l40s
resnet152,gemm,398,layer3.30.conv2,256,256,3,1,1,1.1977007985115051,0.11482635821569058,0.5599979961665376,l40s
resnet152,gemm,398,layer3.30.conv3,256,1024,1,1,0,0.9711200028657914,0.02141526682108025,0.4540576881287446,l40s
resnet152,gemm,398,layer3.31.conv1,1024,256,1,1,0,1.0548703908920287,0.027667368786280823,0.49321609023647467,l40s
resnet152,gemm,398,layer3.31.conv2,256,256,3,1,1,1.183796799182892,0.02632031264515075,0.553497030505998,l40s
resnet152,gemm,398,layer3.31.conv3,256,1024,1,1,0,0.9797567993402481,0.028549354132328324,0.4580959159774735,l40s
resnet152,gemm,398,layer3.32.conv1,1024,256,1,1,0,1.0528576076030731,0.02202617198479698,0.4922749915831771,l40s
resnet152,gemm,398,layer3.32.conv2,256,256,3,1,1,1.2765696108341218,0.3567284073313563,0.5968739646184161,l40s
resnet152,gemm,398,layer3.32.conv3,256,1024,1,1,0,0.967057603597641,0.016684673386736026,0.45215826929841585,l40s
resnet152,gemm,398,layer3.33.conv1,1024,256,1,1,0,1.0694879949092866,0.022473037715919013,0.5000507095074926,l40s
resnet152,gemm,398,layer3.33.conv2,256,256,3,1,1,1.203716802597046,0.10417805799454782,0.5628108441140546,l40s
resnet152,gemm,398,layer3.33.conv3,256,1024,1,1,0,0.9791168004274369,0.03016340473351333,0.45779667754566444,l40s
resnet152,gemm,398,layer3.34.conv1,1024,256,1,1,0,1.0526319861412048,0.023272120062050893,0.49216949982204994,l40s
resnet152,gemm,398,layer3.34.conv2,256,256,3,1,1,1.1972624123096467,0.10662065714931791,0.5597930239440152,l40s
resnet152,gemm,398,layer3.34.conv3,256,1024,1,1,0,0.9786000072956085,0.02975755769729826,0.4575550453127928,l40s
resnet152,gemm,398,layer3.35.conv1,1024,256,1,1,0,1.0753983914852143,0.027734369188560745,0.5028141795186861,l40s
resnet152,gemm,398,layer3.35.conv2,256,256,3,1,1,1.1945568203926087,0.1077176005146737,0.5585279951038669,l40s
resnet152,gemm,398,layer3.35.conv3,256,1024,1,1,0,0.9615136057138443,0.021910350271164065,0.4495661129689418,l40s
resnet152,gemm,398,layer4.0.conv1,1024,512,1,1,0,1.3851087987422943,0.03650928161386395,0.6476226389197601,l40s
resnet152,gemm,398,layer4.0.conv2,512,512,3,2,1,1.9303200006484986,0.061591266420006056,0.9025420486208058,l40s
resnet152,gemm,398,layer4.0.conv3,512,2048,1,1,0,1.2137296080589295,0.08593561953951616,0.5674924398862446,l40s
resnet152,gemm,398,layer4.0.downsample.0,1024,2048,1,2,0,1.975374412536621,0.08564782196800567,0.923607727467448,l40s
resnet152,gemm,398,layer4.1.conv1,2048,512,1,1,0,1.2680527865886688,0.0876402505225799,0.5928918310863324,l40s
resnet152,gemm,398,layer4.1.conv2,512,512,3,1,1,1.8861696004867554,0.1380070997997777,0.8818990502599013,l40s
resnet152,gemm,398,layer4.1.conv3,512,2048,1,1,0,1.2594959914684296,0.08519841957818343,0.5888910087382996,l40s
resnet152,gemm,398,layer4.2.conv1,2048,512,1,1,0,1.2785680055618287,0.09664129737576815,0.5978083357438729,l40s
resnet152,gemm,398,layer4.2.conv2,512,512,3,1,1,1.8668448090553285,0.055915665692420104,0.872863534468825,l40s
resnet152,gemm,398,layer4.2.conv3,512,2048,1,1,0,1.242865616083145,0.084255404695235,0.5811152963877435,l40s
resnet152,gemm,401,conv1,3,64,7,2,3,1.695296013355255,0.02895751534633225,0.7709113330747367,l40s
resnet152,gemm,401,layer1.0.conv1,64,64,1,1,0,1.2107360064983368,0.058738151872629187,0.5505646809868507,l40s
resnet152,gemm,401,layer1.0.conv2,64,64,3,1,1,1.4093311905860901,0.05462753065317467,0.6408729675050885,l40s
resnet152,gemm,401,layer1.0.conv3,64,256,1,1,0,2.246507203578949,0.10275927832662908,1.0215666464321058,l40s
resnet152,gemm,401,layer1.0.downsample.0,64,256,1,1,0,2.2969680070877074,0.239723440903196,1.044512966717475,l40s
resnet152,gemm,401,layer1.1.conv1,256,64,1,1,0,2.030963200330734,0.041126266281869626,0.9235511296307187,l40s
resnet152,gemm,401,layer1.1.conv2,64,64,3,1,1,1.3914864003658294,0.05683093363976842,0.6327583073461741,l40s
resnet152,gemm,401,layer1.1.conv3,64,256,1,1,0,2.113084781169891,0.1650037222103127,0.9608947303117714,l40s
resnet152,gemm,401,layer1.2.conv1,256,64,1,1,0,1.972408002614975,0.02830410270334277,0.8969240006963624,l40s
resnet152,gemm,401,layer1.2.conv2,64,64,3,1,1,1.3594368040561675,0.05943453026614687,0.6181842171454376,l40s
resnet152,gemm,401,layer1.2.conv3,64,256,1,1,0,2.0258879959583282,0.09106380631936117,0.9212432538747823,l40s
resnet152,gemm,401,layer2.0.conv1,256,128,1,1,0,2.2685439944267274,0.031208906869381953,1.0315875582229188,l40s
resnet152,gemm,401,layer2.0.conv2,128,128,3,2,1,1.332284790277481,0.030917366057663258,0.6058372317382322,l40s
resnet152,gemm,401,layer2.0.conv3,128,512,1,1,0,1.4474832117557526,0.056093737411866997,0.658222047115787,l40s
resnet152,gemm,401,layer2.0.downsample.0,256,512,1,2,0,2.4420400142669676,0.13027021095535826,1.1104823629558624,l40s
resnet152,gemm,401,layer2.1.conv1,512,128,1,1,0,1.2866784155368804,0.02581372212078664,0.5850983926971386,l40s
resnet152,gemm,401,layer2.1.conv2,128,128,3,1,1,1.1120752036571502,0.02523105241111014,0.5057001084040421,l40s
resnet152,gemm,401,layer2.1.conv3,128,512,1,1,0,1.3697776019573211,0.10771611559119981,0.622886545371443,l40s
resnet152,gemm,401,layer2.2.conv1,512,128,1,1,0,1.2871295928955078,0.03171840102910623,0.585303559072953,l40s
resnet152,gemm,401,layer2.2.conv2,128,128,3,1,1,1.1034799933433532,0.026304049207730704,0.5017915608767269,l40s
resnet152,gemm,401,layer2.2.conv3,128,512,1,1,0,1.3982671976089478,0.10201575374261927,0.6358417767820848,l40s
resnet152,gemm,401,layer2.3.conv1,512,128,1,1,0,1.2786735951900483,0.026133932084039756,0.5814583164650315,l40s
resnet152,gemm,401,layer2.3.conv2,128,128,3,1,1,1.0985152125358582,0.029569121594352266,0.4995338986392308,l40s
resnet152,gemm,401,layer2.3.conv3,128,512,1,1,0,1.3873440086841584,0.0980623000258136,0.6308746146646145,l40s
resnet152,gemm,401,layer2.4.conv1,512,128,1,1,0,1.2930575907230377,0.024855117345102304,0.5879992303136589,l40s
resnet152,gemm,401,layer2.4.conv2,128,128,3,1,1,1.1006079971790315,0.025576578916316078,0.5004855621755084,l40s
resnet152,gemm,401,layer2.4.conv3,128,512,1,1,0,1.3722463846206665,0.08839759414832053,0.6240091885671316,l40s
resnet152,gemm,401,layer2.5.conv1,512,128,1,1,0,1.2868976056575776,0.022861123162365847,0.5851980662330947,l40s
resnet152,gemm,401,layer2.5.conv2,128,128,3,1,1,1.0870544105768203,0.026381766828099663,0.49432226477308316,l40s
resnet152,gemm,401,layer2.5.conv3,128,512,1,1,0,1.356441605091095,0.0860825586966862,0.6168221937531817,l40s
resnet152,gemm,401,layer2.6.conv1,512,128,1,1,0,1.2743791818618775,0.03235943828538293,0.5795054941393059,l40s
resnet152,gemm,401,layer2.6.conv2,128,128,3,1,1,1.097132796049118,0.020187451498527572,0.4989052647438746,l40s
resnet152,gemm,401,layer2.6.conv3,128,512,1,1,0,1.3447343945503234,0.07505113694252699,0.6114985091497416,l40s
resnet152,gemm,401,layer2.7.conv1,512,128,1,1,0,1.27846240401268,0.02365496763359811,0.5813622803328187,l40s
resnet152,gemm,401,layer2.7.conv2,128,128,3,1,1,1.108710414171219,0.041188450983783494,0.5041700190699787,l40s
resnet152,gemm,401,layer2.7.conv3,128,512,1,1,0,1.336185598373413,0.07367815990303696,0.6076110677796159,l40s
resnet152,gemm,401,layer3.0.conv1,512,256,1,1,0,1.6312992036342622,0.025574667789998756,0.7418097098149158,l40s
resnet152,gemm,401,layer3.0.conv2,256,256,3,2,1,1.5196880042552947,0.03559117789987243,0.6910561317840097,l40s
resnet152,gemm,401,layer3.0.conv3,256,1024,1,1,0,1.0917775988578797,0.03171811110601153,0.4964700663047508,l40s
resnet152,gemm,401,layer3.0.downsample.0,512,1024,1,2,0,1.7690895974636078,0.06870953064694445,0.8044678977390646,l40s
resnet152,gemm,401,layer3.1.conv1,1024,256,1,1,0,1.0946080029010772,0.032475572414990675,0.4977571515906785,l40s
resnet152,gemm,401,layer3.1.conv2,256,256,3,1,1,1.1943439900875092,0.027188981872920178,0.5431106486977971,l40s
resnet152,gemm,401,layer3.1.conv3,256,1024,1,1,0,1.047918400168419,0.06170911481455848,0.4765257302932695,l40s
resnet152,gemm,401,layer3.2.conv1,1024,256,1,1,0,1.091347199678421,0.026153879244408224,0.49627434850527685,l40s
resnet152,gemm,401,layer3.2.conv2,256,256,3,1,1,1.1988240003585815,0.023196761225329272,0.5451478685479314,l40s
resnet152,gemm,401,layer3.2.conv3,256,1024,1,1,0,1.0603776067495345,0.05921912672732885,0.48219137421553154,l40s
resnet152,gemm,401,layer3.3.conv1,1024,256,1,1,0,1.094084805250168,0.03930399179415938,0.4975192350290004,l40s
resnet152,gemm,401,layer3.3.conv2,256,256,3,1,1,1.2030399918556214,0.03230756162714504,0.5470650296806248,l40s
resnet152,gemm,401,layer3.3.conv3,256,1024,1,1,0,1.0805584102869035,0.06180170023109975,0.49136830263095416,l40s
resnet152,gemm,401,layer3.4.conv1,1024,256,1,1,0,1.0829632043838502,0.02860683665539358,0.4924618479519145,l40s
resnet152,gemm,401,layer3.4.conv2,256,256,3,1,1,1.2010191977024078,0.037208257432503625,0.546146102778036,l40s
resnet152,gemm,401,layer3.4.conv3,256,1024,1,1,0,1.053201600909233,0.0624222706219328,0.47892818938826937,l40s
resnet152,gemm,401,layer3.5.conv1,1024,256,1,1,0,1.077521598339081,0.02399043101268637,0.48998735633688495,l40s
resnet152,gemm,401,layer3.5.conv2,256,256,3,1,1,1.1881392002105713,0.032295796390402434,0.5402891102774878,l40s
resnet152,gemm,401,layer3.5.conv3,256,1024,1,1,0,1.0634112030267715,0.06308931064826613,0.48357085822992896,l40s
resnet152,gemm,401,layer3.6.conv1,1024,256,1,1,0,1.0814687967300416,0.022819367515523013,0.4917822876937183,l40s
resnet152,gemm,401,layer3.6.conv2,256,256,3,1,1,1.1824079990386962,0.02770154544468974,0.5376829294685179,l40s
resnet152,gemm,401,layer3.6.conv3,256,1024,1,1,0,1.0605311959981918,0.06351993288686719,0.4822612167040973,l40s
resnet152,gemm,401,layer3.7.conv1,1024,256,1,1,0,1.0958832144737243,0.03251918617951015,0.49833703560248366,l40s
resnet152,gemm,401,layer3.7.conv2,256,256,3,1,1,1.1757104098796844,0.018450162454983866,0.5346372977049288,l40s
resnet152,gemm,401,layer3.7.conv3,256,1024,1,1,0,1.065590399503708,0.06237531989654635,0.48456181629732986,l40s
resnet152,gemm,401,layer3.8.conv1,1024,256,1,1,0,1.0778815925121308,0.026367997844046864,0.49015105847837454,l40s
resnet152,gemm,401,layer3.8.conv2,256,256,3,1,1,1.1933360040187835,0.022754366054363186,0.542652281617452,l40s
resnet152,gemm,401,layer3.8.conv3,256,1024,1,1,0,1.0564351946115493,0.05959914249525571,0.48039861933798716,l40s
resnet152,gemm,401,layer3.9.conv1,1024,256,1,1,0,1.0948576033115387,0.03506260088631761,0.4978706537659028,l40s
resnet152,gemm,401,layer3.9.conv2,256,256,3,1,1,1.1926128029823304,0.02487123411132881,0.5423234164100187,l40s
resnet152,gemm,401,layer3.9.conv3,256,1024,1,1,0,1.0486095994710922,0.05994018667329552,0.476840043175295,l40s
resnet152,gemm,401,layer3.10.conv1,1024,256,1,1,0,1.0883104085922242,0.02370484094208427,0.49489341169773016,l40s
resnet152,gemm,401,layer3.10.conv2,256,256,3,1,1,1.2000911951065063,0.028418544080273122,0.5457241070246883,l40s
resnet152,gemm,401,layer3.10.conv3,256,1024,1,1,0,1.062419193983078,0.060333738536708995,0.48311975647054817,l40s
resnet152,gemm,401,layer3.11.conv1,1024,256,1,1,0,1.077619194984436,0.029855876827942846,0.4900317369992481,l40s
resnet152,gemm,401,layer3.11.conv2,256,256,3,1,1,1.19064000248909,0.021785494289054654,0.5414263139298894,l40s
resnet152,gemm,401,layer3.11.conv3,256,1024,1,1,0,1.0579312175512314,0.07089474582315028,0.48107891412406295,l40s
resnet152,gemm,401,layer3.12.conv1,1024,256,1,1,0,1.0792128026485444,0.015722967358729325,0.4907564070268172,l40s
resnet152,gemm,401,layer3.12.conv2,256,256,3,1,1,1.1819696009159089,0.02698298122892495,0.5374835742653009,l40s
resnet152,gemm,401,layer3.12.conv3,256,1024,1,1,0,1.0641728043556213,0.06109201465972662,0.48391718541472145,l40s
resnet152,gemm,401,layer3.13.conv1,1024,256,1,1,0,1.0837279975414276,0.025761097868044317,0.49280962657463867,l40s
resnet152,gemm,401,layer3.13.conv2,256,256,3,1,1,1.1929391980171205,0.02727960365447701,0.5424718398295258,l40s
resnet152,gemm,401,layer3.13.conv3,256,1024,1,1,0,1.0702367901802063,0.06347673054701454,0.486674695229497,l40s
resnet152,gemm,401,layer3.14.conv1,1024,256,1,1,0,1.0829103946685792,0.030907617484501604,0.49243783349799136,l40s
resnet152,gemm,401,layer3.14.conv2,256,256,3,1,1,1.1953519880771637,0.025119522307325594,0.5435690211990118,l40s
resnet152,gemm,401,layer3.14.conv3,256,1024,1,1,0,1.0470415979623795,0.06558546717476997,0.47612701717640027,l40s
resnet152,gemm,401,layer3.15.conv1,1024,256,1,1,0,1.087270402908325,0.03412823492304,0.4944204841606724,l40s
resnet152,gemm,401,layer3.15.conv2,256,256,3,1,1,1.1960160076618194,0.02364197126136095,0.5438709744975285,l40s
resnet152,gemm,401,layer3.15.conv3,256,1024,1,1,0,1.0629855871200562,0.07289760443676252,0.4833773155545266,l40s
resnet152,gemm,401,layer3.16.conv1,1024,256,1,1,0,1.081847995519638,0.024130933166649653,0.49195472285671366,l40s
resnet152,gemm,401,layer3.16.conv2,256,256,3,1,1,1.185894399881363,0.027394084761769622,0.5392683198074792,l40s
resnet152,gemm,401,layer3.16.conv3,256,1024,1,1,0,1.0634432017803193,0.06405417796455407,0.4835854092001194,l40s
resnet152,gemm,401,layer3.17.conv1,1024,256,1,1,0,1.0786096036434174,0.028898394744868466,0.49048211100683686,l40s
resnet152,gemm,401,layer3.17.conv2,256,256,3,1,1,1.1821216106414796,0.025221356266649134,0.537552698488597,l40s
resnet152,gemm,401,layer3.17.conv3,256,1024,1,1,0,1.0563999980688095,0.06996788500739728,0.48038261421943,l40s
resnet152,gemm,401,layer3.18.conv1,1024,256,1,1,0,1.0851904034614563,0.027439510087425442,0.49347463450742707,l40s
resnet152,gemm,401,layer3.18.conv2,256,256,3,1,1,1.1789168059825896,0.024270439367726764,0.5360953599398327,l40s
resnet152,gemm,401,layer3.18.conv3,256,1024,1,1,0,1.0697616040706635,0.04912257711546132,0.48645861122158307,l40s
resnet152,gemm,401,layer3.19.conv1,1024,256,1,1,0,1.0879808008670806,0.026513025890839342,0.49474352735376875,l40s
resnet152,gemm,401,layer3.19.conv2,256,256,3,1,1,1.1823519945144654,0.03025379566147871,0.5376574622214456,l40s
resnet152,gemm,401,layer3.19.conv3,256,1024,1,1,0,1.047356802225113,0.0637187726807371,0.47627035175423243,l40s
resnet152,gemm,401,layer3.20.conv1,1024,256,1,1,0,1.0798847913742065,0.026171045454355606,0.49106198417690206,l40s
resnet152,gemm,401,layer3.20.conv2,256,256,3,1,1,1.1801984071731568,0.019380952264068385,0.5366781495379366,l40s
resnet152,gemm,401,layer3.20.conv3,256,1024,1,1,0,1.0553471982479095,0.0668654437205964,0.4799038687336876,l40s
resnet152,gemm,401,layer3.21.conv1,1024,256,1,1,0,1.081206387281418,0.020144578590245057,0.4916629607937219,l40s
resnet152,gemm,401,layer3.21.conv2,256,256,3,1,1,1.1809296011924744,0.02463244655595597,0.5370106494386782,l40s
resnet152,gemm,401,layer3.21.conv3,256,1024,1,1,0,1.058340784907341,0.06069934800991736,0.4812651589532816,l40s
resnet152,gemm,401,layer3.22.conv1,1024,256,1,1,0,1.083512008190155,0.029533928766705495,0.49271140854226686,l40s
resnet152,gemm,401,layer3.22.conv2,256,256,3,1,1,1.1860207974910737,0.034772511817560976,0.5393257972916661,l40s
resnet152,gemm,401,layer3.22.conv3,256,1024,1,1,0,1.0575519979000092,0.06504677627279143,0.48090646947454524,l40s
resnet152,gemm,401,layer3.23.conv1,1024,256,1,1,0,1.0817647874355316,0.03125308373255905,0.49191688518439225,l40s
resnet152,gemm,401,layer3.23.conv2,256,256,3,1,1,1.1863488018512727,0.03058486763970073,0.5394749525286178,l40s
resnet152,gemm,401,layer3.23.conv3,256,1024,1,1,0,1.053486406803131,0.06935475571855203,0.47905770074770326,l40s
resnet152,gemm,401,layer3.24.conv1,1024,256,1,1,0,1.0716159880161285,0.023769183026840522,0.48730186548996396,l40s
resnet152,gemm,401,layer3.24.conv2,256,256,3,1,1,1.183048003911972,0.030447514832435307,0.5379739624245,l40s
resnet152,gemm,401,layer3.24.conv3,256,1024,1,1,0,1.0798592001199723,0.05991232483120008,0.4910503469243153,l40s
resnet152,gemm,401,layer3.25.conv1,1024,256,1,1,0,1.0689504027366639,0.026899309020194356,0.48608972915210436,l40s
resnet152,gemm,401,layer3.25.conv2,256,256,3,1,1,1.1925343930721284,0.026601381225266493,0.5422877606378562,l40s
resnet152,gemm,401,layer3.25.conv3,256,1024,1,1,0,1.0588368058204651,0.05894877543369405,0.4814907172866682,l40s
resnet152,gemm,401,layer3.26.conv1,1024,256,1,1,0,1.08060320019722,0.023795486418439205,0.4913886701946116,l40s
resnet152,gemm,401,layer3.26.conv2,256,256,3,1,1,1.1872480154037475,0.023644180642741153,0.5398838568810118,l40s
resnet152,gemm,401,layer3.26.conv3,256,1024,1,1,0,1.0524976015090943,0.057797300952779976,0.47860805584712424,l40s
resnet152,gemm,401,layer3.27.conv1,1024,256,1,1,0,1.083056002855301,0.030255181620232947,0.49250404671411874,l40s
resnet152,gemm,401,layer3.27.conv2,256,256,3,1,1,1.1815728068351745,0.024617128751074295,0.5373031378982445,l40s
resnet152,gemm,401,layer3.27.conv3,256,1024,1,1,0,1.0737888097763062,0.07073228522325077,0.48828992474715366,l40s
resnet152,gemm,401,layer3.28.conv1,1024,256,1,1,0,1.0803551971912384,0.022561220363254784,0.491275894415962,l40s
resnet152,gemm,401,layer3.28.conv2,256,256,3,1,1,1.1917903959751128,0.024414686588349242,0.5419494387227773,l40s
resnet152,gemm,401,layer3.28.conv3,256,1024,1,1,0,1.0472672075033187,0.06340592261485399,0.4762296098508298,l40s
resnet152,gemm,401,layer3.29.conv1,1024,256,1,1,0,1.0831215977668762,0.026945442421066928,0.4925338750510741,l40s
resnet152,gemm,401,layer3.29.conv2,256,256,3,1,1,1.2028415977954865,0.03560801511931177,0.5469748128523141,l40s
resnet152,gemm,401,layer3.29.conv3,256,1024,1,1,0,1.0610543936491013,0.06957097843201597,0.4824991332657754,l40s
resnet152,gemm,401,layer3.30.conv1,1024,256,1,1,0,1.0823136031627656,0.02982159008051738,0.4921664511956146,l40s
resnet152,gemm,401,layer3.30.conv2,256,256,3,1,1,1.176961600780487,0.028584104576034067,0.5352062586637644,l40s
resnet152,gemm,401,layer3.30.conv3,256,1024,1,1,0,1.0574432015419006,0.06488402229004092,0.4808569959048545,l40s
resnet152,gemm,401,layer3.31.conv1,1024,256,1,1,0,1.0883615970611573,0.03445860914682466,0.4949166889133388,l40s
resnet152,gemm,401,layer3.31.conv2,256,256,3,1,1,1.1889456033706665,0.03082230523435526,0.5406558104468077,l40s
resnet152,gemm,401,layer3.31.conv3,256,1024,1,1,0,1.0624447971582414,0.06658164915167131,0.48313139914400494,l40s
resnet152,gemm,401,layer3.32.conv1,1024,256,1,1,0,1.0737760186195373,0.026109724016310412,0.4882841081536864,l40s
resnet152,gemm,401,layer3.32.conv2,256,256,3,1,1,1.1821663916110992,0.026539793977879114,0.5375730619866019,l40s
resnet152,gemm,401,layer3.32.conv3,256,1024,1,1,0,1.0501935929059982,0.06050558116505977,0.47756034127124125,l40s
resnet152,gemm,401,layer3.33.conv1,1024,256,1,1,0,1.0824031949043273,0.024488149782439392,0.49220719174379957,l40s
resnet152,gemm,401,layer3.33.conv2,256,256,3,1,1,1.1867055952548982,0.04164769606875939,0.5396371991665231,l40s
resnet152,gemm,401,layer3.33.conv3,256,1024,1,1,0,1.056288006901741,0.06455998653042024,0.4803316878565901,l40s
resnet152,gemm,401,layer3.34.conv1,1024,256,1,1,0,1.0753871977329255,0.03046175717481762,0.4890167685435766,l40s
resnet152,gemm,401,layer3.34.conv2,256,256,3,1,1,1.1783359944820404,0.027076793262710862,0.5358312443136375,l40s
resnet152,gemm,401,layer3.34.conv3,256,1024,1,1,0,1.0498015969991683,0.06815119402668385,0.4773820868043438,l40s
resnet152,gemm,401,layer3.35.conv1,1024,256,1,1,0,1.0778656005859375,0.021257666218961333,0.49014378638132305,l40s
resnet152,gemm,401,layer3.35.conv2,256,256,3,1,1,1.1963984072208405,0.04059795887180484,0.5440448651641081,l40s
resnet152,gemm,401,layer3.35.conv3,256,1024,1,1,0,1.0497888058423996,0.07368588873546694,0.4773762702108767,l40s
resnet152,gemm,401,layer4.0.conv1,1024,512,1,1,0,1.3913920044898986,0.02488172672031471,0.6327153821873953,l40s
resnet152,gemm,401,layer4.0.conv2,512,512,3,2,1,1.9291855990886688,0.030581501316262364,0.8772692380716263,l40s
resnet152,gemm,401,layer4.0.conv3,512,2048,1,1,0,1.2012559950351716,0.032370189971657394,0.5462537829389231,l40s
resnet152,gemm,401,layer4.0.downsample.0,1024,2048,1,2,0,1.9923647880554198,0.033319344467113654,0.905999060123495,l40s
resnet152,gemm,401,layer4.1.conv1,2048,512,1,1,0,1.2510623931884766,0.028624899500311215,0.5689025218573986,l40s
resnet152,gemm,401,layer4.1.conv2,512,512,3,1,1,1.8663024067878724,0.025591623528731754,0.8486740162208666,l40s
resnet152,gemm,401,layer4.1.conv3,512,2048,1,1,0,1.2293055951595306,0.03436268645846748,0.5590089327497731,l40s
resnet152,gemm,401,layer4.2.conv1,2048,512,1,1,0,1.2527871906757355,0.02917786924828409,0.5696868485588784,l40s
resnet152,gemm,401,layer4.2.conv2,512,512,3,1,1,1.8526879966259002,0.02366340752459504,0.8424830601846874,l40s
resnet152,gemm,401,layer4.2.conv3,512,2048,1,1,0,1.2248671889305114,0.03437200451159422,0.5569906317357995,l40s
resnet152,gemm,404,conv1,3,64,7,2,3,1.7426336050033568,0.08660603912377522,0.7972195898622401,l40s
resnet152,gemm,404,layer1.0.conv1,64,64,1,1,0,1.1705920100212097,0.035645310002954504,0.5355221427187652,l40s
resnet152,gemm,404,layer1.0.conv2,64,64,3,1,1,1.4289519965648652,0.03920841316043098,0.653716605351517,l40s
resnet152,gemm,404,layer1.0.conv3,64,256,1,1,0,1.9980495929718018,0.06649411244854112,0.9140672327562093,l40s
resnet152,gemm,404,layer1.0.downsample.0,64,256,1,1,0,2.037286418676376,0.10043365068280403,0.9320172860582266,l40s
resnet152,gemm,404,layer1.1.conv1,256,64,1,1,0,1.9840399980545045,0.03907743032969471,0.9076581267444597,l40s
resnet152,gemm,404,layer1.1.conv2,64,64,3,1,1,1.4307056009769439,0.05027473881903658,0.654518843863482,l40s
resnet152,gemm,404,layer1.1.conv3,64,256,1,1,0,1.9495216012001038,0.02873978721416773,0.8918666591037824,l40s
resnet152,gemm,404,layer1.2.conv1,256,64,1,1,0,1.9594288051128388,0.02629035687196205,0.8963990042951727,l40s
resnet152,gemm,404,layer1.2.conv2,64,64,3,1,1,1.40864959359169,0.032822480833169104,0.6444286670694698,l40s
resnet152,gemm,404,layer1.2.conv3,64,256,1,1,0,1.9594751954078675,0.027023565970156385,0.8964202269158488,l40s
resnet152,gemm,404,layer2.0.conv1,256,128,1,1,0,2.2451119899749754,0.03736752077714432,1.027093276925071,l40s
resnet152,gemm,404,layer2.0.conv2,128,128,3,2,1,1.308379203081131,0.032491286113860283,0.5985569936616794,l40s
resnet152,gemm,404,layer2.0.conv3,128,512,1,1,0,1.4585456013679505,0.030452914390420478,0.6672550803447245,l40s
resnet152,gemm,404,layer2.0.downsample.0,256,512,1,2,0,2.5084880113601686,0.11260926991805016,1.1475824739343572,l40s
resnet152,gemm,404,layer2.1.conv1,512,128,1,1,0,1.2760384023189544,0.030135694507625696,0.5837617321417518,l40s
resnet152,gemm,404,layer2.1.conv2,128,128,3,1,1,1.1050799906253814,0.028879138984734702,0.5055517203168118,l40s
resnet152,gemm,404,layer2.1.conv3,128,512,1,1,0,1.468881607055664,0.09562453686492314,0.6719835936658921,l40s
resnet152,gemm,404,layer2.2.conv1,512,128,1,1,0,1.281915193796158,0.021773738662054544,0.5864502452507097,l40s
resnet152,gemm,404,layer2.2.conv2,128,128,3,1,1,1.0909423887729646,0.021654191004241225,0.49908405372409875,l40s
resnet152,gemm,404,layer2.2.conv3,128,512,1,1,0,1.4311391949653625,0.0725083156768282,0.6547172043338765,l40s
resnet152,gemm,404,layer2.3.conv1,512,128,1,1,0,1.2763504028320312,0.043513198723519435,0.5839044660591729,l40s
resnet152,gemm,404,layer2.3.conv2,128,128,3,1,1,1.0877423942089082,0.01887930698710209,0.49762012100376446,l40s
resnet152,gemm,404,layer2.3.conv3,128,512,1,1,0,1.4466320097446441,0.07506628214022988,0.6618048534006044,l40s
resnet152,gemm,404,layer2.4.conv1,512,128,1,1,0,1.2816927969455718,0.020347967146672395,0.5863485031946045,l40s
resnet152,gemm,404,layer2.4.conv2,128,128,3,1,1,1.0897055983543396,0.019467916835106635,0.4985182471498132,l40s
resnet152,gemm,404,layer2.4.conv3,128,512,1,1,0,1.4317039787769317,0.0756950201244703,0.6549755814920624,l40s
resnet152,gemm,404,layer2.5.conv1,512,128,1,1,0,1.278273594379425,0.033670952288768694,0.584784287251785,l40s
resnet152,gemm,404,layer2.5.conv2,128,128,3,1,1,1.0900463938713074,0.02586115788669656,0.4986741541984802,l40s
resnet152,gemm,404,layer2.5.conv3,128,512,1,1,0,1.4278799951076508,0.07858790049325169,0.6532261863904696,l40s
resnet152,gemm,404,layer2.6.conv1,512,128,1,1,0,1.2690032064914702,0.032255585394348175,0.5805432724976336,l40s
resnet152,gemm,404,layer2.6.conv2,128,128,3,1,1,1.0830896139144897,0.021224072898459023,0.49549156822744617,l40s
resnet152,gemm,404,layer2.6.conv3,128,512,1,1,0,1.4331087946891785,0.07464487895848806,0.6556182563275401,l40s
resnet152,gemm,404,layer2.7.conv1,512,128,1,1,0,1.2698000133037568,0.02344544806574984,0.5809077954807017,l40s
resnet152,gemm,404,layer2.7.conv2,128,128,3,1,1,1.0870143949985505,0.01617480047602349,0.49728707610537903,l40s
resnet152,gemm,404,layer2.7.conv3,128,512,1,1,0,1.4391295850276946,0.08683008274158421,0.6583726459998941,l40s
resnet152,gemm,404,layer3.0.conv1,512,256,1,1,0,1.6247920036315917,0.03328451344430693,0.7433094432631061,l40s
resnet152,gemm,404,layer3.0.conv2,256,256,3,2,1,1.5068720042705537,0.029621822854118008,0.6893634311712635,l40s
resnet152,gemm,404,layer3.0.conv3,256,1024,1,1,0,1.08717440366745,0.03437741956351666,0.4973602768315834,l40s
resnet152,gemm,404,layer3.0.downsample.0,512,1024,1,2,0,1.7034272015094758,0.05164621867998689,0.7792834541056332,l40s
resnet152,gemm,404,layer3.1.conv1,1024,256,1,1,0,1.093148809671402,0.03511824388894865,0.5000934466100533,l40s
resnet152,gemm,404,layer3.1.conv2,256,256,3,1,1,1.1892704010009765,0.023852835039350904,0.544067128396433,l40s
resnet152,gemm,404,layer3.1.conv3,256,1024,1,1,0,0.997049605846405,0.03854514232354132,0.45613000665372105,l40s
resnet152,gemm,404,layer3.2.conv1,1024,256,1,1,0,1.0817888021469115,0.03234185743651549,0.49489647318230356,l40s
resnet152,gemm,404,layer3.2.conv2,256,256,3,1,1,1.1983440160751342,0.028527200913625872,0.5482181235724808,l40s
resnet152,gemm,404,layer3.2.conv3,256,1024,1,1,0,0.9958656102418899,0.04006974230126407,0.4555883526379141,l40s
resnet152,gemm,404,layer3.3.conv1,1024,256,1,1,0,1.0834528028964996,0.033355267454282404,0.4956577198329524,l40s
resnet152,gemm,404,layer3.3.conv2,256,256,3,1,1,1.1794383943080902,0.01927106113762672,0.5395691844105481,l40s
resnet152,gemm,404,layer3.3.conv3,256,1024,1,1,0,1.0077679932117463,0.054761537855296895,0.4610334518500309,l40s
resnet152,gemm,404,layer3.4.conv1,1024,256,1,1,0,1.0763487994670868,0.048913952986646324,0.49240778210415176,l40s
resnet152,gemm,404,layer3.4.conv2,256,256,3,1,1,1.2038800060749053,0.04538641895586811,0.5507507269059799,l40s
resnet152,gemm,404,layer3.4.conv3,256,1024,1,1,0,1.0059152007102967,0.05112091794273606,0.46018583679551545,l40s
resnet152,gemm,404,layer3.5.conv1,1024,256,1,1,0,1.093451201915741,0.05169175378524886,0.5002317849390728,l40s
resnet152,gemm,404,layer3.5.conv2,256,256,3,1,1,1.1930191934108734,0.04407105141175529,0.5457821250193122,l40s
resnet152,gemm,404,layer3.5.conv3,256,1024,1,1,0,1.010823991894722,0.05044090166458522,0.46243150937036487,l40s
resnet152,gemm,404,layer3.6.conv1,1024,256,1,1,0,1.0767135977745057,0.031101077060418633,0.4925746699434473,l40s
resnet152,gemm,404,layer3.6.conv2,256,256,3,1,1,1.1798991978168487,0.027355494432295718,0.5397799926855663,l40s
resnet152,gemm,404,layer3.6.conv3,256,1024,1,1,0,0.9999327927827835,0.042990642180381976,0.4574490062990374,l40s
resnet152,gemm,404,layer3.7.conv1,1024,256,1,1,0,1.0766752123832704,0.023772621376852352,0.49255710940417535,l40s
resnet152,gemm,404,layer3.7.conv2,256,256,3,1,1,1.184313601255417,0.02804680170792406,0.5417994928769305,l40s
resnet152,gemm,404,layer3.7.conv3,256,1024,1,1,0,0.9988767981529236,0.04656750167671528,0.45696591013740223,l40s
resnet152,gemm,404,layer3.8.conv1,1024,256,1,1,0,1.080424004793167,0.03502852831965826,0.4942721060270545,l40s
resnet152,gemm,404,layer3.8.conv2,256,256,3,1,1,1.196881604194641,0.035596142915890326,0.5475490997477198,l40s
resnet152,gemm,404,layer3.8.conv3,256,1024,1,1,0,1.0019311994314193,0.05183642246456971,0.45836323687753033,l40s
resnet152,gemm,404,layer3.9.conv1,1024,256,1,1,0,1.0966832101345063,0.048259025109564015,0.5017103632582317,l40s
resnet152,gemm,404,layer3.9.conv2,256,256,3,1,1,1.1886064052581786,0.040653346704246425,0.5437633637885293,l40s
resnet152,gemm,404,layer3.9.conv3,256,1024,1,1,0,1.0032656073570252,0.07032364501750672,0.45897370148472383,l40s
resnet152,gemm,404,layer3.10.conv1,1024,256,1,1,0,1.0787199974060058,0.04223492796512046,0.4934925571497607,l40s
resnet152,gemm,404,layer3.10.conv2,256,256,3,1,1,1.1909839987754822,0.04041940648630674,0.544851064681753,l40s
resnet152,gemm,404,layer3.10.conv3,256,1024,1,1,0,1.014095988869667,0.06527603580592763,0.46392838173579304,l40s
resnet152,gemm,404,layer3.11.conv1,1024,256,1,1,0,1.0889072179794312,0.05113327387555184,0.49815300429370674,l40s
resnet152,gemm,404,layer3.11.conv2,256,256,3,1,1,1.2001439929008484,0.042190456457225724,0.5490415765247465,l40s
resnet152,gemm,404,layer3.11.conv3,256,1024,1,1,0,1.0004847943782806,0.05869834184333972,0.4577015358521816,l40s
resnet152,gemm,404,layer3.12.conv1,1024,256,1,1,0,1.0846159994602202,0.04635749838732072,0.4961898587087299,l40s
resnet152,gemm,404,layer3.12.conv2,256,256,3,1,1,1.1776719987392426,0.030190416258648167,0.5387610942033536,l40s
resnet152,gemm,404,layer3.12.conv3,256,1024,1,1,0,1.0040287882089616,0.051017430891424354,0.459322841271782,l40s
resnet152,gemm,404,layer3.13.conv1,1024,256,1,1,0,1.084615993499756,0.049164046221691134,0.4961898559819382,l40s
resnet152,gemm,404,layer3.13.conv2,256,256,3,1,1,1.1983648002147675,0.03441138027306865,0.5482276318955308,l40s
resnet152,gemm,404,layer3.13.conv3,256,1024,1,1,0,1.0091984063386916,0.05159320252012717,0.461687836892947,l40s
resnet152,gemm,404,layer3.14.conv1,1024,256,1,1,0,1.087395191192627,0.02460410826262945,0.49746128265389916,l40s
resnet152,gemm,404,layer3.14.conv2,256,256,3,1,1,1.1850768029689789,0.03091591080025185,0.54214864220776,l40s
resnet152,gemm,404,layer3.14.conv3,256,1024,1,1,0,0.9933648020029068,0.043901467236999746,0.45444428350434407,l40s
resnet152,gemm,404,layer3.15.conv1,1024,256,1,1,0,1.0849759995937347,0.020512249341214945,0.4963545514806165,l40s
resnet152,gemm,404,layer3.15.conv2,256,256,3,1,1,1.188697588443756,0.03950788779515931,0.5438050782496757,l40s
resnet152,gemm,404,layer3.15.conv3,256,1024,1,1,0,1.0027296036481856,0.049921286361372046,0.458728490640804,l40s
resnet152,gemm,404,layer3.16.conv1,1024,256,1,1,0,1.0751872062683105,0.020655315290194064,0.49187637673537177,l40s
resnet152,gemm,404,layer3.16.conv2,256,256,3,1,1,1.1743344008922576,0.026949631439081353,0.5372342107672379,l40s
resnet152,gemm,404,layer3.16.conv3,256,1024,1,1,0,1.0016688048839568,0.048536089688282505,0.45824319668496805,l40s
resnet152,gemm,404,layer3.17.conv1,1024,256,1,1,0,1.088916790485382,0.026299602710224006,0.4981573835213575,l40s
resnet152,gemm,404,layer3.17.conv2,256,256,3,1,1,1.1760959863662719,0.028224623941136655,0.5380401004534398,l40s
resnet152,gemm,404,layer3.17.conv3,256,1024,1,1,0,1.01876160800457,0.04962867889658627,0.4660628080216753,l40s
resnet152,gemm,404,layer3.18.conv1,1024,256,1,1,0,1.077736008167267,0.029727512876563063,0.4930424019966155,l40s
resnet152,gemm,404,layer3.18.conv2,256,256,3,1,1,1.1950192093849181,0.02941727548025122,0.5466970918315944,l40s
resnet152,gemm,404,layer3.18.conv3,256,1024,1,1,0,0.9966160029172897,0.04060321652262025,0.45593164209313874,l40s
resnet152,gemm,404,layer3.19.conv1,1024,256,1,1,0,1.0645536005496978,0.026913541543842373,0.4870117174258017,l40s
resnet152,gemm,404,layer3.19.conv2,256,256,3,1,1,1.1839135885238647,0.03340473824642977,0.5416164951516071,l40s
resnet152,gemm,404,layer3.19.conv3,256,1024,1,1,0,1.006468802690506,0.04923723995077433,0.4604390984922613,l40s
resnet152,gemm,404,layer3.20.conv1,1024,256,1,1,0,1.0810640037059784,0.027715033625935432,0.49456489257112146,l40s
resnet152,gemm,404,layer3.20.conv2,256,256,3,1,1,1.1731280088424683,0.026824275122682744,0.5366823108311958,l40s
resnet152,gemm,404,layer3.20.conv3,256,1024,1,1,0,0.9992207884788513,0.04162601503788264,0.4571232787464807,l40s
resnet152,gemm,404,layer3.21.conv1,1024,256,1,1,0,1.0759055852890014,0.028376398628424136,0.49220502059177196,l40s
resnet152,gemm,404,layer3.21.conv2,256,256,3,1,1,1.1816415905952453,0.030638204885457612,0.5405771021021322,l40s
resnet152,gemm,404,layer3.21.conv3,256,1024,1,1,0,1.0121359944343566,0.038835592046822534,0.4630317239671353,l40s
resnet152,gemm,404,layer3.22.conv1,1024,256,1,1,0,1.0836447954177857,0.03134436548582159,0.4957455525240223,l40s
resnet152,gemm,404,layer3.22.conv2,256,256,3,1,1,1.1857920050621034,0.034559763246240716,0.5424758326841242,l40s
resnet152,gemm,404,layer3.22.conv3,256,1024,1,1,0,0.9998672038316727,0.05105719274575226,0.45741900068193353,l40s
resnet152,gemm,404,layer3.23.conv1,1024,256,1,1,0,1.0819168090820312,0.03707168713892966,0.49495503376326716,l40s
resnet152,gemm,404,layer3.23.conv2,256,256,3,1,1,1.1798464059829712,0.022253085325178296,0.5397558414904838,l40s
resnet152,gemm,404,layer3.23.conv3,256,1024,1,1,0,1.006472000479698,0.04800947779864051,0.46044056141606854,l40s
resnet152,gemm,404,layer3.24.conv1,1024,256,1,1,0,1.0916592061519623,0.03411941514858244,0.499411983161044,l40s
resnet152,gemm,404,layer3.24.conv2,256,256,3,1,1,1.1896656036376954,0.026659610792390997,0.5442479256007637,l40s
resnet152,gemm,404,layer3.24.conv3,256,1024,1,1,0,0.9945391982793808,0.04363222736715409,0.4549815460219371,l40s
resnet152,gemm,404,layer3.25.conv1,1024,256,1,1,0,1.0778400003910065,0.0206326260456825,0.4930899763333667,l40s
resnet152,gemm,404,layer3.25.conv2,256,256,3,1,1,1.1788208067417145,0.022408363785804943,0.5392866506036961,l40s
resnet152,gemm,404,layer3.25.conv3,256,1024,1,1,0,0.9996367990970612,0.05034385005225824,0.4573135951810285,l40s
resnet152,gemm,404,layer3.26.conv1,1024,256,1,1,0,1.0799392223358155,0.03040592778450158,0.49405032786857495,l40s
resnet152,gemm,404,layer3.26.conv2,256,256,3,1,1,1.18610879778862,0.029510168411158666,0.5426207589421626,l40s
resnet152,gemm,404,layer3.26.conv3,256,1024,1,1,0,0.9888303846120834,0.044793205605046085,0.4523698793598369,l40s
resnet152,gemm,404,layer3.27.conv1,1024,256,1,1,0,1.0658735990524293,0.025029228935359294,0.4876155900137886,l40s
resnet152,gemm,404,layer3.27.conv2,256,256,3,1,1,1.1827007949352264,0.025584649748777506,0.5410616666411584,l40s
resnet152,gemm,404,layer3.27.conv3,256,1024,1,1,0,1.0000064074993134,0.04272049754197379,0.4574826835413167,l40s
resnet152,gemm,404,layer3.28.conv1,1024,256,1,1,0,1.0762352108955384,0.022221140530302882,0.49235581763258246,l40s
resnet152,gemm,404,layer3.28.conv2,256,256,3,1,1,1.1896623909473418,0.03264785496704718,0.5442464558599768,l40s
resnet152,gemm,404,layer3.28.conv3,256,1024,1,1,0,0.9991855949163437,0.04251624685672233,0.4571071784042242,l40s
resnet152,gemm,404,layer3.29.conv1,1024,256,1,1,0,1.0748736023902894,0.02906983109816935,0.4917329093109531,l40s
resnet152,gemm,404,layer3.29.conv2,256,256,3,1,1,1.1867263972759248,0.023011922361304202,0.5429032982025983,l40s
resnet152,gemm,404,layer3.29.conv3,256,1024,1,1,0,1.0006976068019866,0.05171670643336013,0.4577988932270522,l40s
resnet152,gemm,404,layer3.30.conv1,1024,256,1,1,0,1.0796528041362763,0.02599959649982512,0.4939192973416128,l40s
resnet152,gemm,404,layer3.30.conv2,256,256,3,1,1,1.1952991962432862,0.0282253823315673,0.5468251801501912,l40s
resnet152,gemm,404,layer3.30.conv3,256,1024,1,1,0,0.9906303972005844,0.051309900613599184,0.45319334867285344,l40s
resnet152,gemm,404,layer3.31.conv1,1024,256,1,1,0,1.0804128050804138,0.022863193384410806,0.49426698238523903,l40s
resnet152,gemm,404,layer3.31.conv2,256,256,3,1,1,1.1778656184673308,0.022853458267611353,0.5388496713085883,l40s
resnet152,gemm,404,layer3.31.conv3,256,1024,1,1,0,0.9878031969070434,0.045410034904919405,0.45189996178303116,l40s
resnet152,gemm,404,layer3.32.conv1,1024,256,1,1,0,1.0812287867069243,0.036810387672507106,0.4946402774575675,l40s
resnet152,gemm,404,layer3.32.conv2,256,256,3,1,1,1.1764159977436066,0.028674731399106257,0.5381864991790568,l40s
resnet152,gemm,404,layer3.32.conv3,256,1024,1,1,0,0.9966655969619751,0.049766521322249256,0.455954330364414,l40s
resnet152,gemm,404,layer3.33.conv1,1024,256,1,1,0,1.0751584112644195,0.02387956699667513,0.49186320360412594,l40s
resnet152,gemm,404,layer3.33.conv2,256,256,3,1,1,1.1750016033649444,0.020283383416424737,0.5375394423891366,l40s
resnet152,gemm,404,layer3.33.conv3,256,1024,1,1,0,0.9949263960123063,0.051840974863471605,0.45515868114486374,l40s
resnet152,gemm,404,layer3.34.conv1,1024,256,1,1,0,1.0775152027606965,0.0340544042408679,0.49294138799392434,l40s
resnet152,gemm,404,layer3.34.conv2,256,256,3,1,1,1.1820527911186218,0.033573993477856744,0.5407652180156876,l40s
resnet152,gemm,404,layer3.34.conv3,256,1024,1,1,0,0.9972831964492798,0.04666054737012301,0.4562368696248498,l40s
resnet152,gemm,404,layer3.35.conv1,1024,256,1,1,0,1.0738208055496217,0.028368187479103687,0.49125127607312524,l40s
resnet152,gemm,404,layer3.35.conv2,256,256,3,1,1,1.1798208117485047,0.024187097108944174,0.5397441326464413,l40s
resnet152,gemm,404,layer3.35.conv3,256,1024,1,1,0,0.9868079990148544,0.05077890941791885,0.4514446788978826,l40s
resnet152,gemm,404,layer4.0.conv1,1024,512,1,1,0,1.392769604921341,0.030817055466649083,0.6371638937869826,l40s
resnet152,gemm,404,layer4.0.conv2,512,512,3,2,1,1.9133024036884307,0.02951749787135039,0.8752971095998062,l40s
resnet152,gemm,404,layer4.0.conv3,512,2048,1,1,0,1.1877056002616881,0.02963770188920016,0.5433512637419181,l40s
resnet152,gemm,404,layer4.0.downsample.0,1024,2048,1,2,0,1.9661455929279328,0.045101324127163375,0.8994717987206713,l40s
resnet152,gemm,404,layer4.1.conv1,2048,512,1,1,0,1.2373423874378204,0.022036625545557936,0.5660590888412507,l40s
resnet152,gemm,404,layer4.1.conv2,512,512,3,1,1,1.8466255962848663,0.025533537793246002,0.8447938202686615,l40s
resnet152,gemm,404,layer4.1.conv3,512,2048,1,1,0,1.22879199385643,0.02625187881585887,0.5621474569040806,l40s
resnet152,gemm,404,layer4.2.conv1,2048,512,1,1,0,1.2394224047660827,0.02723103849336984,0.5670106546532393,l40s
resnet152,gemm,404,layer4.2.conv2,512,512,3,1,1,1.849564802646637,0.027282775375480604,0.846138447666827,l40s
resnet152,gemm,404,layer4.2.conv3,512,2048,1,1,0,1.2033440053462983,0.023676575300387095,0.5505055174254562,l40s
resnet152,gemm,407,conv1,3,64,7,2,3,1.7570863962173462,0.026062794245860704,0.8073497509528972,l40s
resnet152,gemm,407,layer1.0.conv1,64,64,1,1,0,1.1869327962398528,0.029005204060174653,0.5453743762998983,l40s
resnet152,gemm,407,layer1.0.conv2,64,64,3,1,1,1.4420991957187652,0.03860656704885862,0.6626187699246753,l40s
resnet152,gemm,407,layer1.0.conv3,64,256,1,1,0,2.1931023955345155,0.03240470174930266,1.0076912988802036,l40s
resnet152,gemm,407,layer1.0.downsample.0,64,256,1,1,0,2.044171208143234,0.034097094288196336,0.9392600838253707,l40s
resnet152,gemm,407,layer1.1.conv1,256,64,1,1,0,2.047328019142151,0.03863705989159248,0.9407105819791709,l40s
resnet152,gemm,407,layer1.1.conv2,64,64,3,1,1,1.4491759955883026,0.026089700200755957,0.6658704328050632,l40s
resnet152,gemm,407,layer1.1.conv3,64,256,1,1,0,2.109334421157837,0.035216318131665716,0.9692014139226773,l40s
resnet152,gemm,407,layer1.2.conv1,256,64,1,1,0,2.02322399020195,0.03216778915922301,0.9296352120919946,l40s
resnet152,gemm,407,layer1.2.conv2,64,64,3,1,1,1.4319696128368378,0.02578026460714393,0.6579644078884165,l40s
resnet152,gemm,407,layer1.2.conv3,64,256,1,1,0,2.086631965637207,0.024224716881137053,0.9587700419366111,l40s
resnet152,gemm,407,layer2.0.conv1,256,128,1,1,0,2.3577775955200195,0.05556185714600207,1.0833566059377453,l40s
resnet152,gemm,407,layer2.0.conv2,128,128,3,2,1,1.3381920039653779,0.021381523028817295,0.614875275031704,l40s
resnet152,gemm,407,layer2.0.conv3,128,512,1,1,0,1.4659536063671113,0.022924838148198273,0.6735794446743807,l40s
resnet152,gemm,407,layer2.0.downsample.0,256,512,1,2,0,2.628403198719025,0.028040918039420677,1.207704226985042,l40s
resnet152,gemm,407,layer2.1.conv1,512,128,1,1,0,1.277897596359253,0.0359049835749923,0.5871710738783328,l40s
resnet152,gemm,407,layer2.1.conv2,128,128,3,1,1,1.099267202615738,0.01888727212638756,0.5050936050572689,l40s
resnet152,gemm,407,layer2.1.conv3,128,512,1,1,0,1.5120832026004791,0.0223533571255283,0.6947751685219634,l40s
resnet152,gemm,407,layer2.2.conv1,512,128,1,1,0,1.2805535972118378,0.03462688980823653,0.5883914587333299,l40s
resnet152,gemm,407,layer2.2.conv2,128,128,3,1,1,1.0933968067169189,0.018590290919037144,0.502396263209361,l40s
resnet152,gemm,407,layer2.2.conv3,128,512,1,1,0,1.4621104001998901,0.035297554043519516,0.671813560225758,l40s
resnet152,gemm,407,layer2.3.conv1,512,128,1,1,0,1.2725184082984924,0.030689671669928035,0.5846994332404374,l40s
resnet152,gemm,407,layer2.3.conv2,128,128,3,1,1,1.0808688044548034,0.019720179068347908,0.4966398703945111,l40s
resnet152,gemm,407,layer2.3.conv3,128,512,1,1,0,1.470225602388382,0.02722199760481691,0.6755423503865128,l40s
resnet152,gemm,407,layer2.4.conv1,512,128,1,1,0,1.2826528072357177,0.03144633429219558,0.5893560081679086,l40s
resnet152,gemm,407,layer2.4.conv2,128,128,3,1,1,1.0857696056365966,0.01794907918271868,0.4988917008236285,l40s
resnet152,gemm,407,layer2.4.conv3,128,512,1,1,0,1.4777391970157623,0.027526377713089314,0.6789947126404324,l40s
resnet152,gemm,407,layer2.5.conv1,512,128,1,1,0,1.2827887952327728,0.026353813476279665,0.5894184922186595,l40s
resnet152,gemm,407,layer2.5.conv2,128,128,3,1,1,1.091433596611023,0.020773156099821007,0.5014942033029869,l40s
resnet152,gemm,407,layer2.5.conv3,128,512,1,1,0,1.4732751965522766,0.0307793161081128,0.6769435843235736,l40s
resnet152,gemm,407,layer2.6.conv1,512,128,1,1,0,1.2772192060947418,0.027896941601769046,0.5868593656935327,l40s
resnet152,gemm,407,layer2.6.conv2,128,128,3,1,1,1.0884111940860748,0.017889192929444887,0.5001054634373493,l40s
resnet152,gemm,407,layer2.6.conv3,128,512,1,1,0,1.4867151975631714,0.03413259712702352,0.6831190242406501,l40s
resnet152,gemm,407,layer2.7.conv1,512,128,1,1,0,1.272655987739563,0.02701635088060811,0.58476264853123,l40s
resnet152,gemm,407,layer2.7.conv2,128,128,3,1,1,1.0832175970077516,0.01869487866213512,0.49771909853420016,l40s
resnet152,gemm,407,layer2.7.conv3,128,512,1,1,0,1.4664479970932007,0.020126928906441768,0.6738066083644764,l40s
resnet152,gemm,407,layer3.0.conv1,512,256,1,1,0,1.6342671990394593,0.030455755604374437,0.7509165280520375,l40s
resnet152,gemm,407,layer3.0.conv2,256,256,3,2,1,1.5078687965869904,0.03993608888427434,0.6928387243876685,l40s
resnet152,gemm,407,layer3.0.conv3,256,1024,1,1,0,1.0822208106517792,0.03161827567839716,0.49726109304398636,l40s
resnet152,gemm,407,layer3.0.downsample.0,512,1024,1,2,0,1.69374880194664,0.03323230944791222,0.778247259993719,l40s
resnet152,gemm,407,layer3.1.conv1,1024,256,1,1,0,1.0844687938690185,0.021910940783483514,0.49829400109818994,l40s
resnet152,gemm,407,layer3.1.conv2,256,256,3,1,1,1.1902415931224823,0.027245033749043177,0.5468947092470405,l40s
resnet152,gemm,407,layer3.1.conv3,256,1024,1,1,0,0.9963616102933883,0.029943822217716878,0.4578103271763601,l40s
resnet152,gemm,407,layer3.2.conv1,1024,256,1,1,0,1.0724495947360992,0.030656346367152185,0.49277139421471183,l40s
resnet152,gemm,407,layer3.2.conv2,256,256,3,1,1,1.1850032031536102,0.02610439324389284,0.5444877628123815,l40s
resnet152,gemm,407,layer3.2.conv3,256,1024,1,1,0,0.9927599996328353,0.02988819673302665,0.4561554515390058,l40s
resnet152,gemm,407,layer3.3.conv1,1024,256,1,1,0,1.0701103866100312,0.02704974909313872,0.49169656994763333,l40s
resnet152,gemm,407,layer3.3.conv2,256,256,3,1,1,1.1731311976909637,0.026058998090445592,0.5390327887859403,l40s
resnet152,gemm,407,layer3.3.conv3,256,1024,1,1,0,0.9886928021907806,0.025254958621784094,0.4542866471085645,l40s
resnet152,gemm,407,layer3.4.conv1,1024,256,1,1,0,1.0763359904289245,0.037126006626843504,0.494557123477349,l40s
resnet152,gemm,407,layer3.4.conv2,256,256,3,1,1,1.1902959942817688,0.025649302086405232,0.5469197056060676,l40s
resnet152,gemm,407,layer3.4.conv3,256,1024,1,1,0,0.9772767931222915,0.020240549799801652,0.449041195263873,l40s
resnet152,gemm,407,layer3.5.conv1,1024,256,1,1,0,1.073028802871704,0.032751851462123525,0.4930375299864287,l40s
resnet152,gemm,407,layer3.5.conv2,256,256,3,1,1,1.177895998954773,0.024588326305474164,0.5412221296868532,l40s
resnet152,gemm,407,layer3.5.conv3,256,1024,1,1,0,0.9899600088596344,0.03200634615403825,0.4548689058925989,l40s
resnet152,gemm,407,layer3.6.conv1,1024,256,1,1,0,1.0795536041259766,0.03439588465419932,0.4960355593827034,l40s
resnet152,gemm,407,layer3.6.conv2,256,256,3,1,1,1.1801503956317902,0.025814461844809546,0.5422579846110375,l40s
resnet152,gemm,407,layer3.6.conv3,256,1024,1,1,0,0.978532811999321,0.02224964133517576,0.44961831345780173,l40s
resnet152,gemm,407,layer3.7.conv1,1024,256,1,1,0,1.0752592027187347,0.028523742362952666,0.49406235879672633,l40s
resnet152,gemm,407,layer3.7.conv2,256,256,3,1,1,1.184112000465393,0.028949526615127927,0.5440782711277782,l40s
resnet152,gemm,407,layer3.7.conv3,256,1024,1,1,0,0.989505609869957,0.03110896051214187,0.45466011768961745,l40s
resnet152,gemm,407,layer3.8.conv1,1024,256,1,1,0,1.0860159933567046,0.029296721800879444,0.49900491157120197,l40s
resnet152,gemm,407,layer3.8.conv2,256,256,3,1,1,1.1936367988586425,0.03101821487160078,0.5484547455158454,l40s
resnet152,gemm,407,layer3.8.conv3,256,1024,1,1,0,0.9830719947814941,0.021065120013611927,0.4517039867044939,l40s
resnet152,gemm,407,layer3.9.conv1,1024,256,1,1,0,1.0754623889923096,0.025342431307341064,0.49415571925283186,l40s
resnet152,gemm,407,layer3.9.conv2,256,256,3,1,1,1.1843263983726502,0.02989774445340488,0.5441767831288964,l40s
resnet152,gemm,407,layer3.9.conv3,256,1024,1,1,0,0.9834767997264862,0.026478694277634236,0.45188998733157026,l40s
resnet152,gemm,407,layer3.10.conv1,1024,256,1,1,0,1.07742720246315,0.04016892429343903,0.4950585158767013,l40s
resnet152,gemm,407,layer3.10.conv2,256,256,3,1,1,1.1749936044216156,0.022012472742186796,0.5398885313455558,l40s
resnet152,gemm,407,layer3.10.conv3,256,1024,1,1,0,0.9930544018745422,0.02718548692846371,0.4562907240998962,l40s
resnet152,gemm,407,layer3.11.conv1,1024,256,1,1,0,1.0725600004196167,0.027453323287852473,0.49282212365026123,l40s
resnet152,gemm,407,layer3.11.conv2,256,256,3,1,1,1.1839440047740937,0.025024019751052232,0.5440010801143917,l40s
resnet152,gemm,407,layer3.11.conv3,256,1024,1,1,0,0.9936416029930115,0.02629423775092636,0.4565605325041818,l40s
resnet152,gemm,407,layer3.12.conv1,1024,256,1,1,0,1.0768831968307495,0.030027754030783955,0.49480855502515697,l40s
resnet152,gemm,407,layer3.12.conv2,256,256,3,1,1,1.1865599989891051,0.029261358562327113,0.5452030826354575,l40s
resnet152,gemm,407,layer3.12.conv3,256,1024,1,1,0,0.9870432049036026,0.02917320123111319,0.4535286866793888,l40s
resnet152,gemm,407,layer3.13.conv1,1024,256,1,1,0,1.08436638712883,0.030571463590861693,0.4982469470339362,l40s
resnet152,gemm,407,layer3.13.conv2,256,256,3,1,1,1.1827632009983062,0.025901890395036237,0.5434585219132932,l40s
resnet152,gemm,407,layer3.13.conv3,256,1024,1,1,0,0.9843072116374969,0.016514022730983752,0.45227154674207287,l40s
resnet152,gemm,407,layer3.14.conv1,1024,256,1,1,0,1.0844687879085542,0.026039781198296176,0.49829399835946325,l40s
resnet152,gemm,407,layer3.14.conv2,256,256,3,1,1,1.194243198633194,0.024817392035589504,0.5487333753589858,l40s
resnet152,gemm,407,layer3.14.conv3,256,1024,1,1,0,0.9900240033864975,0.024942973400782577,0.4548983102323266,l40s
resnet152,gemm,407,layer3.15.conv1,1024,256,1,1,0,1.0718895971775055,0.02024529616287401,0.4925140853593032,l40s
resnet152,gemm,407,layer3.15.conv2,256,256,3,1,1,1.1866703867912292,0.03279865591090751,0.5452538038548267,l40s
resnet152,gemm,407,layer3.15.conv3,256,1024,1,1,0,0.9847520053386688,0.02063987273173646,0.45247592148690025,l40s
resnet152,gemm,407,layer3.16.conv1,1024,256,1,1,0,1.0708144009113312,0.024830001725033704,0.49202005191872217,l40s
resnet152,gemm,407,layer3.16.conv2,256,256,3,1,1,1.1794432044029235,0.031036249487199893,0.541933042898592,l40s
resnet152,gemm,407,layer3.16.conv3,256,1024,1,1,0,0.9776703923940658,0.018587065926134065,0.4492220470846635,l40s
resnet152,gemm,407,layer3.17.conv1,1024,256,1,1,0,1.0721983909606934,0.029730863666879888,0.49265597057592614,l40s
resnet152,gemm,407,layer3.17.conv2,256,256,3,1,1,1.1902864038944245,0.023929443339590125,0.5469152989947305,l40s
resnet152,gemm,407,layer3.17.conv3,256,1024,1,1,0,0.9880303978919983,0.023517172920177035,0.4539822841889019,l40s
resnet152,gemm,407,layer3.18.conv1,1024,256,1,1,0,1.065742403268814,0.02166230018644797,0.4896895597799547,l40s
resnet152,gemm,407,layer3.18.conv2,256,256,3,1,1,1.1801743924617767,0.030344339716694493,0.5422690107249241,l40s
resnet152,gemm,407,layer3.18.conv3,256,1024,1,1,0,0.9841487944126129,0.024413575463442454,0.45219875686257005,l40s
resnet152,gemm,407,layer3.19.conv1,1024,256,1,1,0,1.0770927906036376,0.025919798156522154,0.49490485961251635,l40s
resnet152,gemm,407,layer3.19.conv2,256,256,3,1,1,1.1842559814453124,0.024167219280246868,0.5441444278110978,l40s
resnet152,gemm,407,layer3.19.conv3,256,1024,1,1,0,0.9781568050384521,0.02252883695162727,0.44944554498900735,l40s
resnet152,gemm,407,layer3.20.conv1,1024,256,1,1,0,1.0835120022296905,0.031409401541505094,0.4978543724644539,l40s
resnet152,gemm,407,layer3.20.conv2,256,256,3,1,1,1.1877247869968415,0.02400046659703445,0.5457382818777847,l40s
resnet152,gemm,407,layer3.20.conv3,256,1024,1,1,0,0.9758288025856018,0.02512233686293506,0.4483758695282145,l40s
resnet152,gemm,407,layer3.21.conv1,1024,256,1,1,0,1.078921616077423,0.02588634224158329,0.4957451721856349,l40s
resnet152,gemm,407,layer3.21.conv2,256,256,3,1,1,1.1810640037059783,0.0226186033367064,0.5426777711694858,l40s
resnet152,gemm,407,layer3.21.conv3,256,1024,1,1,0,0.9775103896856308,0.021968158316272413,0.4491485287038457,l40s
resnet152,gemm,407,layer3.22.conv1,1024,256,1,1,0,1.0713295996189118,0.025036131984439727,0.49225677650389443,l40s
resnet152,gemm,407,layer3.22.conv2,256,256,3,1,1,1.1861567974090577,0.03352449498660877,0.5450178187258763,l40s
resnet152,gemm,407,layer3.22.conv3,256,1024,1,1,0,0.9949696034193038,0.029717341627321665,0.4571707249316804,l40s
resnet152,gemm,407,layer3.23.conv1,1024,256,1,1,0,1.072513598203659,0.030982074831930724,0.4928008026625297,l40s
resnet152,gemm,407,layer3.23.conv2,256,256,3,1,1,1.1725951969623565,0.017677329674112213,0.5387865060444181,l40s
resnet152,gemm,407,layer3.23.conv3,256,1024,1,1,0,0.978052806854248,0.024934303387858653,0.44939775968471185,l40s
resnet152,gemm,407,layer3.24.conv1,1024,256,1,1,0,1.0728095948696137,0.02025096623877682,0.4929368078328251,l40s
resnet152,gemm,407,layer3.24.conv2,256,256,3,1,1,1.1805391907691956,0.0331436892960954,0.5424366290180693,l40s
resnet152,gemm,407,layer3.24.conv3,256,1024,1,1,0,0.9965728014707566,0.0271796631040201,0.45790736574248797,l40s
resnet152,gemm,407,layer3.25.conv1,1024,256,1,1,0,1.0677023947238922,0.022973163037878934,0.49059014077388513,l40s
resnet152,gemm,407,layer3.25.conv2,256,256,3,1,1,1.1894159972667695,0.027765237329943113,0.5465153627277501,l40s
resnet152,gemm,407,layer3.25.conv3,256,1024,1,1,0,0.9826352000236511,0.030026126621890296,0.451503287330962,l40s
resnet152,gemm,407,layer3.26.conv1,1024,256,1,1,0,1.0827360033988953,0.02284485634410924,0.49749781489043193,l40s
resnet152,gemm,407,layer3.26.conv2,256,256,3,1,1,1.179616004228592,0.025156687892393944,0.5420124413257373,l40s
resnet152,gemm,407,layer3.26.conv3,256,1024,1,1,0,0.9833376079797744,0.025470676809391322,0.4518260312151924,l40s
resnet152,gemm,407,layer3.27.conv1,1024,256,1,1,0,1.076094400882721,0.033621200607815864,0.49444611740480743,l40s
resnet152,gemm,407,layer3.27.conv2,256,256,3,1,1,1.1859615921974183,0.03247596693345896,0.5449281254248861,l40s
resnet152,gemm,407,layer3.27.conv3,256,1024,1,1,0,0.9805663973093033,0.02667182932710106,0.4505527095108873,l40s
resnet152,gemm,407,layer3.28.conv1,1024,256,1,1,0,1.0648304045200347,0.02896350552975731,0.4892705126777282,l40s
resnet152,gemm,407,layer3.28.conv2,256,256,3,1,1,1.1729952037334441,0.024674299523434088,0.5389703019964626,l40s
resnet152,gemm,407,layer3.28.conv3,256,1024,1,1,0,0.9765807956457138,0.026319003322693692,0.44872139688025986,l40s
resnet152,gemm,407,layer3.29.conv1,1024,256,1,1,0,1.0628400146961212,0.03446222673807402,0.4883559641773841,l40s
resnet152,gemm,407,layer3.29.conv2,256,256,3,1,1,1.1799264013767243,0.019061791374153366,0.5421550632598554,l40s
resnet152,gemm,407,layer3.29.conv3,256,1024,1,1,0,0.9776320040225983,0.023201423199607187,0.4492044083150444,l40s
resnet152,gemm,407,layer3.30.conv1,1024,256,1,1,0,1.0738927960395812,0.03340390803490207,0.49343451938342836,l40s
resnet152,gemm,407,layer3.30.conv2,256,256,3,1,1,1.1861728012561799,0.03124167226150545,0.5450251722071942,l40s
resnet152,gemm,407,layer3.30.conv3,256,1024,1,1,0,0.9705599963665008,0.024098675645628207,0.4459549473709617,l40s
resnet152,gemm,407,layer3.31.conv1,1024,256,1,1,0,1.0764640033245088,0.02848908151479591,0.49461594311171136,l40s
resnet152,gemm,407,layer3.31.conv2,256,256,3,1,1,1.1726351857185364,0.02302108218024708,0.5388048801621691,l40s
resnet152,gemm,407,layer3.31.conv3,256,1024,1,1,0,0.9776207983493805,0.0215297108542325,0.44919925950875855,l40s
resnet152,gemm,407,layer3.32.conv1,1024,256,1,1,0,1.0741968035697937,0.02876384728302845,0.4935742054024729,l40s
resnet152,gemm,407,layer3.32.conv2,256,256,3,1,1,1.1943183958530426,0.02922999206966015,0.5487679271356359,l40s
resnet152,gemm,407,layer3.32.conv3,256,1024,1,1,0,0.985232001543045,0.024349955091583404,0.45269647115190004,l40s
resnet152,gemm,407,layer3.33.conv1,1024,256,1,1,0,1.073583996295929,0.037009527033780604,0.4932926314280787,l40s
resnet152,gemm,407,layer3.33.conv2,256,256,3,1,1,1.1845855951309203,0.030254564341600617,0.5442958794002509,l40s
resnet152,gemm,407,layer3.33.conv3,256,1024,1,1,0,0.9823439985513687,0.0273231972692343,0.45136948546633515,l40s
resnet152,gemm,407,layer3.34.conv1,1024,256,1,1,0,1.0754544019699097,0.02994891493668048,0.4941520493589899,l40s
resnet152,gemm,407,layer3.34.conv2,256,256,3,1,1,1.1852751910686492,0.024630731987686467,0.5446127363913369,l40s
resnet152,gemm,407,layer3.34.conv3,256,1024,1,1,0,0.9725359976291656,0.025077203342768386,0.44686288458493667,l40s
resnet152,gemm,407,layer3.35.conv1,1024,256,1,1,0,1.0755936086177826,0.020770097260677446,0.4942160123221846,l40s
resnet152,gemm,407,layer3.35.conv2,256,256,3,1,1,1.191809606552124,0.03329642238337658,0.5476151833538558,l40s
resnet152,gemm,407,layer3.35.conv3,256,1024,1,1,0,0.9710368067026138,0.017745082962515438,0.4461740331865148,l40s
resnet152,gemm,407,layer4.0.conv1,1024,512,1,1,0,1.3743551909923553,0.03365980072447617,0.6314916122264754,l40s
resnet152,gemm,407,layer4.0.conv2,512,512,3,2,1,1.909203201532364,0.023584210103032188,0.8772447004279023,l40s
resnet152,gemm,407,layer4.0.conv3,512,2048,1,1,0,1.1859391987323762,0.02588756245845431,0.5449178360284946,l40s
resnet152,gemm,407,layer4.0.downsample.0,1024,2048,1,2,0,1.9686976075172424,0.044173040935913836,0.9045813151546379,l40s
resnet152,gemm,407,layer4.1.conv1,2048,512,1,1,0,1.2341600000858306,0.027304434322050975,0.5670744312006337,l40s
resnet152,gemm,407,layer4.1.conv2,512,512,3,1,1,1.8456575930118562,0.02859334925458012,0.8480466306439527,l40s
resnet152,gemm,407,layer4.1.conv3,512,2048,1,1,0,1.239868801832199,0.03204113158113393,0.569697523427682,l40s
resnet152,gemm,407,layer4.2.conv1,2048,512,1,1,0,1.2244911968708039,0.02381618216068963,0.5626317891743399,l40s
resnet152,gemm,407,layer4.2.conv2,512,512,3,1,1,1.8404512047767638,0.0304968386313742,0.8456543884332026,l40s
resnet152,gemm,407,layer4.2.conv3,512,2048,1,1,0,1.2189200043678283,0.03374242864515992,0.5600719259317178,l40s
resnet152,gemm,410,conv1,3,64,7,2,3,1.7455648183822632,0.08770002218446807,0.792289941332611,l40s
resnet152,gemm,410,layer1.0.conv1,64,64,1,1,0,1.1906319975852966,0.0314475845588483,0.5404129056575682,l40s
resnet152,gemm,410,layer1.0.conv2,64,64,3,1,1,1.3489391922950744,0.020800154120133398,0.6122665525048852,l40s
resnet152,gemm,410,layer1.0.conv3,64,256,1,1,0,2.342996823787689,0.02268736616798795,1.0634568229793009,l40s
resnet152,gemm,410,layer1.0.downsample.0,64,256,1,1,0,2.195361614227295,0.34815485426510456,0.9964470561179153,l40s
resnet152,gemm,410,layer1.1.conv1,256,64,1,1,0,2.0405712008476256,0.026600232331993226,0.9261896321346071,l40s
resnet152,gemm,410,layer1.1.conv2,64,64,3,1,1,1.3574240028858184,0.028118569540281385,0.6161177014363748,l40s
resnet152,gemm,410,layer1.1.conv3,64,256,1,1,0,2.0479584097862245,0.15145076129844162,0.9295425934654837,l40s
resnet152,gemm,410,layer1.2.conv1,256,64,1,1,0,1.9968063950538635,0.02550413418277638,0.9063253366070954,l40s
resnet152,gemm,410,layer1.2.conv2,64,64,3,1,1,1.3375504076480866,0.01825767482307621,0.6070973262322256,l40s
resnet152,gemm,410,layer1.2.conv3,64,256,1,1,0,2.001782405376434,0.05631648855618008,0.9085838851783216,l40s
resnet152,gemm,410,layer2.0.conv1,256,128,1,1,0,2.3710896253585814,0.03221095956084302,1.0762077926792395,l40s
resnet152,gemm,410,layer2.0.conv2,128,128,3,2,1,1.347679990530014,0.10682199903367313,0.6116950166432205,l40s
resnet152,gemm,410,layer2.0.conv3,128,512,1,1,0,1.5633823871612549,0.02676328148462603,0.7095996245801822,l40s
resnet152,gemm,410,layer2.0.downsample.0,256,512,1,2,0,2.4109087944030763,0.0556414653966092,1.094281213255746,l40s
resnet152,gemm,410,layer2.1.conv1,512,128,1,1,0,1.2680336117744446,0.026597770660870716,0.5755445259326624,l40s
resnet152,gemm,410,layer2.1.conv2,128,128,3,1,1,1.1242895901203156,0.039704732102096775,0.5103009203764903,l40s
resnet152,gemm,410,layer2.1.conv3,128,512,1,1,0,1.3304511964321137,0.03267372046642121,0.6038750834495005,l40s
resnet152,gemm,410,layer2.2.conv1,512,128,1,1,0,1.2895839989185334,0.02926452705673416,0.5853259759173779,l40s
resnet152,gemm,410,layer2.2.conv2,128,128,3,1,1,1.1099871933460235,0.030293124000861888,0.5038092421632908,l40s
resnet152,gemm,410,layer2.2.conv3,128,512,1,1,0,1.3092688024044037,0.01936626940221794,0.5942606609171697,l40s
resnet152,gemm,410,layer2.3.conv1,512,128,1,1,0,1.2811727941036224,0.031411624371211234,0.581508235722821,l40s
resnet152,gemm,410,layer2.3.conv2,128,128,3,1,1,1.1163087844848634,0.035173981819874196,0.5066785329623354,l40s
resnet152,gemm,410,layer2.3.conv3,128,512,1,1,0,1.3173279941082001,0.022814098608708984,0.5979186267829727,l40s
resnet152,gemm,410,layer2.4.conv1,512,128,1,1,0,1.2819760024547577,0.030610117101935435,0.5818728019026026,l40s
resnet152,gemm,410,layer2.4.conv2,128,128,3,1,1,1.1135407984256744,0.03561398893914449,0.5054221788645961,l40s
resnet152,gemm,410,layer2.4.conv3,128,512,1,1,0,1.3144848108291627,0.026282116222096856,0.5966281416118554,l40s
resnet152,gemm,410,layer2.5.conv1,512,128,1,1,0,1.2800623953342438,0.026548228687651776,0.5810042396714671,l40s
resnet152,gemm,410,layer2.5.conv2,128,128,3,1,1,1.123224002122879,0.03558559997967164,0.5098172633715582,l40s
resnet152,gemm,410,layer2.5.conv3,128,512,1,1,0,1.3191071927547455,0.03620582285857086,0.5987261826963629,l40s
resnet152,gemm,410,layer2.6.conv1,512,128,1,1,0,1.2753776013851166,0.030501447235151587,0.5788778705535622,l40s
resnet152,gemm,410,layer2.6.conv2,128,128,3,1,1,1.1122928023338319,0.03525112264056303,0.5048557291172268,l40s
resnet152,gemm,410,layer2.6.conv3,128,512,1,1,0,1.3096943974494935,0.02469096180621409,0.5944538331613365,l40s
resnet152,gemm,410,layer2.7.conv1,512,128,1,1,0,1.2742960095405578,0.03375574089981022,0.5783869496034795,l40s
resnet152,gemm,410,layer2.7.conv2,128,128,3,1,1,1.1221807956695558,0.037934567727238085,0.509343765068317,l40s
resnet152,gemm,410,layer2.7.conv3,128,512,1,1,0,1.32182879447937,0.03309107248740346,0.5999614835273752,l40s
resnet152,gemm,410,layer3.0.conv1,512,256,1,1,0,1.6589536011219024,0.053987574590793834,0.7529781979247934,l40s
resnet152,gemm,410,layer3.0.conv2,256,256,3,2,1,1.5192959904670715,0.06702395129357794,0.6895893629831524,l40s
resnet152,gemm,410,layer3.0.conv3,256,1024,1,1,0,1.0697280168533325,0.04798866194463943,0.48553610773391204,l40s
resnet152,gemm,410,layer3.0.downsample.0,512,1024,1,2,0,1.8475824058055879,0.08529357591589103,0.8385944426054017,l40s
resnet152,gemm,410,layer3.1.conv1,1024,256,1,1,0,1.1020096004009248,0.060652959834267335,0.5001883129489261,l40s
resnet152,gemm,410,layer3.1.conv2,256,256,3,1,1,1.1999983966350556,0.02276481563315719,0.5446641965151078,l40s
resnet152,gemm,410,layer3.1.conv3,256,1024,1,1,0,1.1309872090816497,0.038169087434587766,0.5133408854800844,l40s
resnet152,gemm,410,layer3.2.conv1,1024,256,1,1,0,1.0931567966938018,0.05074723194326606,0.49617013656505166,l40s
resnet152,gemm,410,layer3.2.conv2,256,256,3,1,1,1.1938383996486663,0.04586757309207549,0.5418682512717347,l40s
resnet152,gemm,410,layer3.2.conv3,256,1024,1,1,0,1.115776002407074,0.05239913871320737,0.5064367098706293,l40s
resnet152,gemm,410,layer3.3.conv1,1024,256,1,1,0,1.0951792120933532,0.060856939681127334,0.49708808550707134,l40s
resnet152,gemm,410,layer3.3.conv2,256,256,3,1,1,1.1963824093341828,0.032194316630966044,0.543022945307305,l40s
resnet152,gemm,410,layer3.3.conv3,256,1024,1,1,0,1.110267198085785,0.033194621680290755,0.503936332796937,l40s
resnet152,gemm,410,layer3.4.conv1,1024,256,1,1,0,1.0913056075572967,0.04778690299681898,0.49532990507269353,l40s
resnet152,gemm,410,layer3.4.conv2,256,256,3,1,1,1.1945631802082062,0.03635786710359894,0.5421972200622085,l40s
resnet152,gemm,410,layer3.4.conv3,256,1024,1,1,0,1.1178143918514252,0.03686704240711079,0.5073619092308997,l40s
resnet152,gemm,410,layer3.5.conv1,1024,256,1,1,0,1.0781199991703034,0.05120579194240071,0.4893451230781483,l40s
resnet152,gemm,410,layer3.5.conv2,256,256,3,1,1,1.1767679929733277,0.02694415945019002,0.5341202081392761,l40s
resnet152,gemm,410,layer3.5.conv3,256,1024,1,1,0,1.115035206079483,0.030834274132504693,0.506100471724245,l40s
resnet152,gemm,410,layer3.6.conv1,1024,256,1,1,0,1.0778704226016997,0.053967438404754896,0.4892318434091182,l40s
resnet152,gemm,410,layer3.6.conv2,256,256,3,1,1,1.183465588092804,0.02947186008356745,0.5371601624213505,l40s
resnet152,gemm,410,layer3.6.conv3,256,1024,1,1,0,1.1051536083221436,0.03091660726494308,0.5016153386458351,l40s
resnet152,gemm,410,layer3.7.conv1,1024,256,1,1,0,1.0851199984550477,0.044480934556152645,0.49252233481169955,l40s
resnet152,gemm,410,layer3.7.conv2,256,256,3,1,1,1.194984006881714,0.03962326758100054,0.5423882280024198,l40s
resnet152,gemm,410,layer3.7.conv3,256,1024,1,1,0,1.122959989309311,0.0384235572943282,0.5096974312723028,l40s
resnet152,gemm,410,layer3.8.conv1,1024,256,1,1,0,1.0982447922229768,0.05678791966346559,0.4984795138146726,l40s
resnet152,gemm,410,layer3.8.conv2,256,256,3,1,1,1.180783987045288,0.02973271474523059,0.5359430173951446,l40s
resnet152,gemm,410,layer3.8.conv3,256,1024,1,1,0,1.1233840048313142,0.03327895968523569,0.5098898865907845,l40s
resnet152,gemm,410,layer3.9.conv1,1024,256,1,1,0,1.097372794151306,0.06473793711671186,0.4980837248449531,l40s
resnet152,gemm,410,layer3.9.conv2,256,256,3,1,1,1.1775920033454894,0.023709446624970428,0.5344942160950635,l40s
resnet152,gemm,410,layer3.9.conv3,256,1024,1,1,0,1.125580793619156,0.04225768348154223,0.5108869814230763,l40s
resnet152,gemm,410,layer3.10.conv1,1024,256,1,1,0,1.0842015981674193,0.05876520080362401,0.49210548445911323,l40s
resnet152,gemm,410,layer3.10.conv2,256,256,3,1,1,1.1758975982666016,0.023532573296575127,0.5337251469167618,l40s
resnet152,gemm,410,layer3.10.conv3,256,1024,1,1,0,1.1034560084342957,0.031058688340047175,0.500844819383883,l40s
resnet152,gemm,410,layer3.11.conv1,1024,256,1,1,0,1.0841840088367463,0.05981533612440153,0.4920975008828975,l40s
resnet152,gemm,410,layer3.11.conv2,256,256,3,1,1,1.1777071893215179,0.02644541474754444,0.5345464975624882,l40s
resnet152,gemm,410,layer3.11.conv3,256,1024,1,1,0,1.1079311966896057,0.0435502069760929,0.5028760511106647,l40s
resnet152,gemm,410,layer3.12.conv1,1024,256,1,1,0,1.0742960035800935,0.056489338804725425,0.4876094595210474,l40s
resnet152,gemm,410,layer3.12.conv2,256,256,3,1,1,1.1795279920101165,0.02909522571743849,0.5353729370278899,l40s
resnet152,gemm,410,layer3.12.conv3,256,1024,1,1,0,1.1210784137248992,0.04502208041339738,0.5088434077529884,l40s
resnet152,gemm,410,layer3.13.conv1,1024,256,1,1,0,1.0874192059040069,0.061907664866005456,0.49356591618757517,l40s
resnet152,gemm,410,layer3.13.conv2,256,256,3,1,1,1.1724320113658906,0.02599427037198329,0.5321521605610948,l40s
resnet152,gemm,410,layer3.13.conv3,256,1024,1,1,0,1.111443191766739,0.031646113733807525,0.5044701015545784,l40s
resnet152,gemm,410,layer3.14.conv1,1024,256,1,1,0,1.0941967964172363,0.05443861910069965,0.4966421793738828,l40s
resnet152,gemm,410,layer3.14.conv2,256,256,3,1,1,1.1716544091701508,0.015015219806301069,0.5317992166935542,l40s
resnet152,gemm,410,layer3.14.conv3,256,1024,1,1,0,1.1159376084804535,0.04341207620703473,0.5065100608370606,l40s
resnet152,gemm,410,layer3.15.conv1,1024,256,1,1,0,1.0824896156787873,0.04259416267227794,0.4913284371153556,l40s
resnet152,gemm,410,layer3.15.conv2,256,256,3,1,1,1.1911167979240418,0.026949269948631203,0.5406329504407223,l40s
resnet152,gemm,410,layer3.15.conv3,256,1024,1,1,0,1.1222320079803467,0.04072851460175242,0.509367009692799,l40s
resnet152,gemm,410,layer3.16.conv1,1024,256,1,1,0,1.0823855996131897,0.05243810042359887,0.49128122552994663,l40s
resnet152,gemm,410,layer3.16.conv2,256,256,3,1,1,1.1808079957962037,0.024518706551585577,0.5359539146655605,l40s
resnet152,gemm,410,layer3.16.conv3,256,1024,1,1,0,1.1095216035842896,0.03287235266392771,0.5035979168196975,l40s
resnet152,gemm,410,layer3.17.conv1,1024,256,1,1,0,1.0837951958179475,0.05249766733377629,0.49192102353836736,l40s
resnet152,gemm,410,layer3.17.conv2,256,256,3,1,1,1.1783519983291626,0.022432510572793152,0.5348391682702486,l40s
resnet152,gemm,410,layer3.17.conv3,256,1024,1,1,0,1.1179152131080627,0.0373883030845641,0.5074076707326586,l40s
resnet152,gemm,410,layer3.18.conv1,1024,256,1,1,0,1.090612804889679,0.05292088082814505,0.4950154506456213,l40s
resnet152,gemm,410,layer3.18.conv2,256,256,3,1,1,1.1924687922000885,0.028820440241021143,0.5412466036573607,l40s
resnet152,gemm,410,layer3.18.conv3,256,1024,1,1,0,1.1147344052791595,0.03576298702308105,0.5059639420199731,l40s
resnet152,gemm,410,layer3.19.conv1,1024,256,1,1,0,1.0826575994491576,0.05467872483249083,0.49140468283832733,l40s
resnet152,gemm,410,layer3.19.conv2,256,256,3,1,1,1.1833807945251464,0.026469237048922394,0.537121675686262,l40s
resnet152,gemm,410,layer3.19.conv3,256,1024,1,1,0,1.122811198234558,0.041580479254026775,0.509629896872752,l40s
resnet152,gemm,410,layer3.20.conv1,1024,256,1,1,0,1.085259199142456,0.044728038178554745,0.49258551625492003,l40s
resnet152,gemm,410,layer3.20.conv2,256,256,3,1,1,1.1746767938137055,0.02441520843501249,0.5331710391126986,l40s
resnet152,gemm,410,layer3.20.conv3,256,1024,1,1,0,1.1121424078941344,0.04317827269833296,0.5047874669704707,l40s
resnet152,gemm,410,layer3.21.conv1,1024,256,1,1,0,1.091488003730774,0.06982468300904572,0.49541269240437075,l40s
resnet152,gemm,410,layer3.21.conv2,256,256,3,1,1,1.1772704124450684,0.02708005068788111,0.5343482500255458,l40s
resnet152,gemm,410,layer3.21.conv3,256,1024,1,1,0,1.1006207942962647,0.028303500864257532,0.4995579513057513,l40s
resnet152,gemm,410,layer3.22.conv1,1024,256,1,1,0,1.0819519996643066,0.045413630931043183,0.4910844199605145,l40s
resnet152,gemm,410,layer3.22.conv2,256,256,3,1,1,1.1794272065162659,0.023069469618769656,0.5353271917584109,l40s
resnet152,gemm,410,layer3.22.conv3,256,1024,1,1,0,1.1143727958202363,0.036868647368603104,0.505799812029509,l40s
resnet152,gemm,410,layer3.23.conv1,1024,256,1,1,0,1.0879535973072052,0.05354553577286286,0.4938084697318663,l40s
resnet152,gemm,410,layer3.23.conv2,256,256,3,1,1,1.1816400051116944,0.026449534691558314,0.5363315532412333,l40s
resnet152,gemm,410,layer3.23.conv3,256,1024,1,1,0,1.1130815982818603,0.0357397454906197,0.5052137536883029,l40s
resnet152,gemm,410,layer3.24.conv1,1024,256,1,1,0,1.0884128034114837,0.056320321379195216,0.4940168976135394,l40s
resnet152,gemm,410,layer3.24.conv2,256,256,3,1,1,1.197953599691391,0.03923355638987601,0.5437360888713971,l40s
resnet152,gemm,410,layer3.24.conv3,256,1024,1,1,0,1.116380786895752,0.0387523297627538,0.5067112139520632,l40s
resnet152,gemm,410,layer3.25.conv1,1024,256,1,1,0,1.08713760972023,0.0519617250397599,0.49343810321748405,l40s
resnet152,gemm,410,layer3.25.conv2,256,256,3,1,1,1.1819679915905,0.02751545106157684,0.5364804221834313,l40s
resnet152,gemm,410,layer3.25.conv3,256,1024,1,1,0,1.1153984189033508,0.03716576151662828,0.5062653294619142,l40s
resnet152,gemm,410,layer3.26.conv1,1024,256,1,1,0,1.0918832063674926,0.055711009428055555,0.4955920699162013,l40s
resnet152,gemm,410,layer3.26.conv2,256,256,3,1,1,1.1843919992446899,0.027104732238505517,0.5375806488045819,l40s
resnet152,gemm,410,layer3.26.conv3,256,1024,1,1,0,1.1104687869548797,0.031159768222354858,0.504027831452035,l40s
resnet152,gemm,410,layer3.27.conv1,1024,256,1,1,0,1.0940319895744324,0.055363117822235956,0.4965673756184213,l40s
resnet152,gemm,410,layer3.27.conv2,256,256,3,1,1,1.1884095966815948,0.023404170617209532,0.5394041858076555,l40s
resnet152,gemm,410,layer3.27.conv3,256,1024,1,1,0,1.119185596704483,0.026513268386406375,0.5079842818870989,l40s
resnet152,gemm,410,layer3.28.conv1,1024,256,1,1,0,1.0931184113025665,0.048893251000877075,0.49615271391821003,l40s
resnet152,gemm,410,layer3.28.conv2,256,256,3,1,1,1.1809951961040497,0.021477480385364938,0.5360388825334729,l40s
resnet152,gemm,410,layer3.28.conv3,256,1024,1,1,0,1.111764794588089,0.03774036772104617,0.504616073034856,l40s
resnet152,gemm,410,layer3.29.conv1,1024,256,1,1,0,1.0766352117061615,0.04750297475433252,0.48867119670172965,l40s
resnet152,gemm,410,layer3.29.conv2,256,256,3,1,1,1.1856256067752837,0.02653290354978856,0.5381405677647655,l40s
resnet152,gemm,410,layer3.29.conv3,256,1024,1,1,0,1.1153759956359863,0.03775721405918571,0.5062551518225635,l40s
resnet152,gemm,410,layer3.30.conv1,1024,256,1,1,0,1.0886943995952607,0.05552631883125636,0.49414471058363063,l40s
resnet152,gemm,410,layer3.30.conv2,256,256,3,1,1,1.1850736021995545,0.0375124246544873,0.5378900198227388,l40s
resnet152,gemm,410,layer3.30.conv3,256,1024,1,1,0,1.1116175949573517,0.030817133304122803,0.5045492609717501,l40s
resnet152,gemm,410,layer3.31.conv1,1024,256,1,1,0,1.0864720106124879,0.05168766280936577,0.49313599614447784,l40s
resnet152,gemm,410,layer3.31.conv2,256,256,3,1,1,1.1797119915485381,0.023316420514353488,0.5354564521067723,l40s
resnet152,gemm,410,layer3.31.conv3,256,1024,1,1,0,1.114619207382202,0.039156185079740634,0.5059116551417885,l40s
resnet152,gemm,410,layer3.32.conv1,1024,256,1,1,0,1.08918240070343,0.055987082071567794,0.4943662081558148,l40s
resnet152,gemm,410,layer3.32.conv2,256,256,3,1,1,1.1845568060874938,0.035248337130315104,0.5376554525600432,l40s
resnet152,gemm,410,layer3.32.conv3,256,1024,1,1,0,1.112227189540863,0.03526991085142102,0.5048259482947993,l40s
resnet152,gemm,410,layer3.33.conv1,1024,256,1,1,0,1.092657595872879,0.048390193855426665,0.49594355558395203,l40s
resnet152,gemm,410,layer3.33.conv2,256,256,3,1,1,1.1877904057502746,0.033973374733672505,0.5391231428228959,l40s
resnet152,gemm,410,layer3.33.conv3,256,1024,1,1,0,1.114000004529953,0.03844356115841655,0.505630606746269,l40s
resnet152,gemm,410,layer3.34.conv1,1024,256,1,1,0,1.084825599193573,0.05531081827547785,0.4923887106854879,l40s
resnet152,gemm,410,layer3.34.conv2,256,256,3,1,1,1.1926976084709167,0.037103663009226136,0.5413504604880445,l40s
resnet152,gemm,410,layer3.34.conv3,256,1024,1,1,0,1.1048735976219177,0.02973227449159329,0.5014882453068091,l40s
resnet152,gemm,410,layer3.35.conv1,1024,256,1,1,0,1.0795967996120452,0.04555538956787661,0.49001542424544153,l40s
resnet152,gemm,410,layer3.35.conv2,256,256,3,1,1,1.181472009420395,0.025696951048288747,0.5362553021075016,l40s
resnet152,gemm,410,layer3.35.conv3,256,1024,1,1,0,1.1026959896087647,0.028207071731001516,0.5004998563871782,l40s
resnet152,gemm,410,layer4.0.conv1,1024,512,1,1,0,1.3774991929531097,0.04057312187088424,0.6252295780010021,l40s
resnet152,gemm,410,layer4.0.conv2,512,512,3,2,1,1.9262607991695404,0.03374843835376575,0.8743055769076166,l40s
resnet152,gemm,410,layer4.0.conv3,512,2048,1,1,0,1.1949471950531005,0.03388414589537135,0.5423715195758835,l40s
resnet152,gemm,410,layer4.0.downsample.0,1024,2048,1,2,0,1.9829584121704102,0.03713862967368765,0.9000399111500937,l40s
resnet152,gemm,410,layer4.1.conv1,2048,512,1,1,0,1.2585552036762238,0.03183405572452051,0.5712423955752084,l40s
resnet152,gemm,410,layer4.1.conv2,512,512,3,1,1,1.848940795660019,0.029898503205444387,0.8392109986947205,l40s
resnet152,gemm,410,layer4.1.conv3,512,2048,1,1,0,1.241918396949768,0.025318700725760993,0.563691158012182,l40s
resnet152,gemm,410,layer4.2.conv1,2048,512,1,1,0,1.23504478931427,0.028184525995237,0.5605713138603508,l40s
resnet152,gemm,410,layer4.2.conv2,512,512,3,1,1,1.835345596075058,0.020484382266692743,0.833040308401159,l40s
resnet152,gemm,410,layer4.2.conv3,512,2048,1,1,0,1.2220928013324737,0.030725788750928146,0.5546925692327245,l40s
resnet152,gemm,413,conv1,3,64,7,2,3,1.9297855973243714,0.10777531023444346,0.8766034393281023,l40s
resnet152,gemm,413,layer1.0.conv1,64,64,1,1,0,1.1932335913181304,0.03408446056880628,0.5420253273325052,l40s
resnet152,gemm,413,layer1.0.conv2,64,64,3,1,1,1.359807986021042,0.03303665406566258,0.6176916021264636,l40s
resnet152,gemm,413,layer1.0.conv3,64,256,1,1,0,2.3346448063850405,0.05281082442452903,1.0605103850521789,l40s
resnet152,gemm,413,layer1.0.downsample.0,64,256,1,1,0,2.283360004425049,0.03418688749081539,1.037214308096417,l40s
resnet152,gemm,413,layer1.1.conv1,256,64,1,1,0,2.080521595478058,0.05468719224631646,0.945075136181515,l40s
resnet152,gemm,413,layer1.1.conv2,64,64,3,1,1,1.3615632057189941,0.02779616478032796,0.6184889091569101,l40s
resnet152,gemm,413,layer1.1.conv3,64,256,1,1,0,2.030966413021088,0.037956108439996875,0.9225647373897833,l40s
resnet152,gemm,413,layer1.2.conv1,256,64,1,1,0,2.0102832198143004,0.05331449844457479,0.913169414755758,l40s
resnet152,gemm,413,layer1.2.conv2,64,64,3,1,1,1.3640079975128174,0.03977289449110165,0.6195994537157866,l40s
resnet152,gemm,413,layer1.2.conv3,64,256,1,1,0,2.1396351933479307,0.04097442014145912,0.9719274369115213,l40s
resnet152,gemm,413,layer2.0.conv1,256,128,1,1,0,2.4075663924217223,0.03312029411362096,1.093634952470261,l40s
resnet152,gemm,413,layer2.0.conv2,128,128,3,2,1,1.3162688076496125,0.02550016812049479,0.5979139679898877,l40s
resnet152,gemm,413,layer2.0.conv3,128,512,1,1,0,1.484497606754303,0.020480426262923818,0.6743317545531586,l40s
resnet152,gemm,413,layer2.0.downsample.0,256,512,1,2,0,2.701972818374634,0.2144929418102046,1.2273688169515997,l40s
resnet152,gemm,413,layer2.1.conv1,512,128,1,1,0,1.2703823924064637,0.03723944213336171,0.5770701035334672,l40s
resnet152,gemm,413,layer2.1.conv2,128,128,3,1,1,1.1359728038311006,0.028747011142482754,0.5160146641171921,l40s
resnet152,gemm,413,layer2.1.conv3,128,512,1,1,0,1.5386591911315919,0.023190895676390755,0.6989346074350636,l40s
resnet152,gemm,413,layer2.2.conv1,512,128,1,1,0,1.2873247981071472,0.03536517816406243,0.5847661766766719,l40s
resnet152,gemm,413,layer2.2.conv2,128,128,3,1,1,1.1199952125549317,0.023720634943223486,0.5087568570922627,l40s
resnet152,gemm,413,layer2.2.conv3,128,512,1,1,0,1.3159168004989623,0.021777249506894684,0.5977540690460071,l40s
resnet152,gemm,413,layer2.3.conv1,512,128,1,1,0,1.274347198009491,0.03188986235696219,0.5788711130511566,l40s
resnet152,gemm,413,layer2.3.conv2,128,128,3,1,1,1.1041631996631622,0.01926347335816516,0.5015651789225976,l40s
resnet152,gemm,413,layer2.3.conv3,128,512,1,1,0,1.4826031923294067,0.019695405096207243,0.6734712184383285,l40s
resnet152,gemm,413,layer2.4.conv1,512,128,1,1,0,1.2959568083286286,0.029174257996057665,0.5886872598576,l40s
resnet152,gemm,413,layer2.4.conv2,128,128,3,1,1,1.10695840716362,0.026098753347760375,0.5028348995132861,l40s
resnet152,gemm,413,layer2.4.conv3,128,512,1,1,0,1.4776383936405182,0.025422721158354922,0.6712159629258583,l40s
resnet152,gemm,413,layer2.5.conv1,512,128,1,1,0,1.295089602470398,0.028955298578550216,0.5882933323461788,l40s
resnet152,gemm,413,layer2.5.conv2,128,128,3,1,1,1.1058912098407745,0.022797137050523185,0.5023501260519518,l40s
resnet152,gemm,413,layer2.5.conv3,128,512,1,1,0,1.2991792023181916,0.018295658959274846,0.5901510295416715,l40s
resnet152,gemm,413,layer2.6.conv1,512,128,1,1,0,1.2785840034484863,0.03012041765896204,0.5807956782591966,l40s
resnet152,gemm,413,layer2.6.conv2,128,128,3,1,1,1.1086863934993745,0.026006707823933745,0.503619835812497,l40s
resnet152,gemm,413,layer2.6.conv3,128,512,1,1,0,1.4789935946464539,0.020015144933547283,0.6718315618112636,l40s
resnet152,gemm,413,layer2.7.conv1,512,128,1,1,0,1.2840880036354065,0.021556108767944695,0.5832958655860201,l40s
resnet152,gemm,413,layer2.7.conv2,128,128,3,1,1,1.10589919090271,0.019464880294296147,0.5023537514424365,l40s
resnet152,gemm,413,layer2.7.conv3,128,512,1,1,0,1.4776767909526825,0.021303848133674717,0.6712334048717152,l40s
resnet152,gemm,413,layer3.0.conv1,512,256,1,1,0,1.647700810432434,0.038688530378665834,0.7484666687384298,l40s
resnet152,gemm,413,layer3.0.conv2,256,256,3,2,1,1.5250352144241333,0.02906612525948749,0.6927459277933238,l40s
resnet152,gemm,413,layer3.0.conv3,256,1024,1,1,0,1.0298192113637925,0.02319201874592173,0.4677944865063242,l40s
resnet152,gemm,413,layer3.0.downsample.0,512,1024,1,2,0,1.7219632029533387,0.043457196841276136,0.782200296342873,l40s
resnet152,gemm,413,layer3.1.conv1,1024,256,1,1,0,1.0982720017433167,0.02169922010675072,0.49888910736031655,l40s
resnet152,gemm,413,layer3.1.conv2,256,256,3,1,1,1.198003202676773,0.030404343205178326,0.5441919191689462,l40s
resnet152,gemm,413,layer3.1.conv3,256,1024,1,1,0,0.9866927981376648,0.025036866874244237,0.44820435058017544,l40s
resnet152,gemm,413,layer3.2.conv1,1024,256,1,1,0,1.066246396303177,0.026062772594491756,0.4843415037745528,l40s
resnet152,gemm,413,layer3.2.conv2,256,256,3,1,1,1.1950991988182067,0.02530291794495636,0.5428727779266388,l40s
resnet152,gemm,413,layer3.2.conv3,256,1024,1,1,0,0.9942255914211273,0.02338774340804616,0.451626115417257,l40s
resnet152,gemm,413,layer3.3.conv1,1024,256,1,1,0,1.0869632124900819,0.03726561716548437,0.4937520996182301,l40s
resnet152,gemm,413,layer3.3.conv2,256,256,3,1,1,1.1892608046531676,0.024650334609545715,0.540220692424331,l40s
resnet152,gemm,413,layer3.3.conv3,256,1024,1,1,0,0.98749760389328,0.028049963749520842,0.4485699328989271,l40s
resnet152,gemm,413,layer3.4.conv1,1024,256,1,1,0,1.0686159908771515,0.029815906236295816,0.48541789006131925,l40s
resnet152,gemm,413,layer3.4.conv2,256,256,3,1,1,1.1877920031547546,0.026938949895640864,0.539553490613423,l40s
resnet152,gemm,413,layer3.4.conv3,256,1024,1,1,0,0.9913823992013931,0.025239003888906486,0.45033459780931884,l40s
resnet152,gemm,413,layer3.5.conv1,1024,256,1,1,0,1.0854383945465087,0.03437541604459339,0.49305945238553295,l40s
resnet152,gemm,413,layer3.5.conv2,256,256,3,1,1,1.2004800021648407,0.032165139262898816,0.5453170031952632,l40s
resnet152,gemm,413,layer3.5.conv3,256,1024,1,1,0,0.9893199980258942,0.02705170344363759,0.44939775385824815,l40s
resnet152,gemm,413,layer3.6.conv1,1024,256,1,1,0,1.0658543884754181,0.0229525939027684,0.4841634345576754,l40s
resnet152,gemm,413,layer3.6.conv2,256,256,3,1,1,1.1869871973991395,0.028741403307665597,0.5391879082946713,l40s
resnet152,gemm,413,layer3.6.conv3,256,1024,1,1,0,0.9963328003883362,0.02798762320718025,0.4525833132689766,l40s
resnet152,gemm,413,layer3.7.conv1,1024,256,1,1,0,1.0760288059711456,0.03144761334592019,0.48878515490955315,l40s
resnet152,gemm,413,layer3.7.conv2,256,256,3,1,1,1.1841055929660798,0.032654267524535874,0.5378789419720366,l40s
resnet152,gemm,413,layer3.7.conv3,256,1024,1,1,0,0.9942064136266708,0.03203516066443844,0.45161740392070393,l40s
resnet152,gemm,413,layer3.8.conv1,1024,256,1,1,0,1.0746336042881013,0.03150247077160384,0.4881513857511509,l40s
resnet152,gemm,413,layer3.8.conv2,256,256,3,1,1,1.1791216015815735,0.03193536283458923,0.5356149681941736,l40s
resnet152,gemm,413,layer3.8.conv3,256,1024,1,1,0,0.9902720004320145,0.02664151620039981,0.4498302001282435,l40s
resnet152,gemm,413,layer3.9.conv1,1024,256,1,1,0,1.0793280005455017,0.032890752163103394,0.49028381119287456,l40s
resnet152,gemm,413,layer3.9.conv2,256,256,3,1,1,1.1752655982971192,0.02489504635891824,0.5338633820356389,l40s
resnet152,gemm,413,layer3.9.conv3,256,1024,1,1,0,0.9866320043802261,0.024098612680251118,0.4481767350684138,l40s
resnet152,gemm,413,layer3.10.conv1,1024,256,1,1,0,1.0734080016613006,0.02722779869291051,0.4875946568174328,l40s
resnet152,gemm,413,layer3.10.conv2,256,256,3,1,1,1.1928815960884094,0.030081847116145644,0.5418654338036963,l40s
resnet152,gemm,413,layer3.10.conv3,256,1024,1,1,0,0.9883264034986496,0.024289649097153376,0.4489464144031875,l40s
resnet152,gemm,413,layer3.11.conv1,1024,256,1,1,0,1.083371204137802,0.03482628580356904,0.4921204329294179,l40s
resnet152,gemm,413,layer3.11.conv2,256,256,3,1,1,1.1891168057918549,0.03210582996300565,0.5401552810660635,l40s
resnet152,gemm,413,layer3.11.conv3,256,1024,1,1,0,0.9852736055850982,0.024467480770267086,0.4475596835900324,l40s
resnet152,gemm,413,layer3.12.conv1,1024,256,1,1,0,1.0719599902629853,0.03250284282494277,0.48693689889152153,l40s
resnet152,gemm,413,layer3.12.conv2,256,256,3,1,1,1.1941903948783874,0.026727591910744704,0.5424599545226166,l40s
resnet152,gemm,413,layer3.12.conv3,256,1024,1,1,0,0.995457598567009,0.030153203143591278,0.4521857535982311,l40s
resnet152,gemm,413,layer3.13.conv1,1024,256,1,1,0,1.0818511903285981,0.03129817676336985,0.4914299679706049,l40s
resnet152,gemm,413,layer3.13.conv2,256,256,3,1,1,1.1685391902923583,0.02122882616198924,0.5308079170143056,l40s
resnet152,gemm,413,layer3.13.conv3,256,1024,1,1,0,0.9957535982131958,0.02755360212052746,0.4523202111816264,l40s
resnet152,gemm,413,layer3.14.conv1,1024,256,1,1,0,1.0645632028579712,0.027826590186767565,0.4835769146071512,l40s
resnet152,gemm,413,layer3.14.conv2,256,256,3,1,1,1.1870608031749725,0.036842285307678274,0.539221343654713,l40s
resnet152,gemm,413,layer3.14.conv3,256,1024,1,1,0,0.9912960022687912,0.026370327911136648,0.4502953520773726,l40s
resnet152,gemm,413,layer3.15.conv1,1024,256,1,1,0,1.0740079998970031,0.02549438520871949,0.4878672054973156,l40s
resnet152,gemm,413,layer3.15.conv2,256,256,3,1,1,1.1776895940303802,0.0235071644726753,0.5349644800019826,l40s
resnet152,gemm,413,layer3.15.conv3,256,1024,1,1,0,0.9815343946218491,0.02036840662260314,0.4458611502424407,l40s
resnet152,gemm,413,layer3.16.conv1,1024,256,1,1,0,1.0749264061450958,0.03809641228196144,0.48828439074157004,l40s
resnet152,gemm,413,layer3.16.conv2,256,256,3,1,1,1.1918799877166748,0.0340552648747477,0.541410454066704,l40s
resnet152,gemm,413,layer3.16.conv3,256,1024,1,1,0,0.9900863975286484,0.032278796533953255,0.44974589016983896,l40s
resnet152,gemm,413,layer3.17.conv1,1024,256,1,1,0,1.0822383999824523,0.02550144327669712,0.49160585762113407,l40s
resnet152,gemm,413,layer3.17.conv2,256,256,3,1,1,1.1982943832874298,0.036037444903591585,0.5443241877096179,l40s
resnet152,gemm,413,layer3.17.conv3,256,1024,1,1,0,0.9896096050739288,0.02905988013051224,0.4495293076094591,l40s
resnet152,gemm,413,layer3.18.conv1,1024,256,1,1,0,1.0709744036197661,0.030714893085649307,0.48648919701085686,l40s
resnet152,gemm,413,layer3.18.conv2,256,256,3,1,1,1.1878527998924255,0.026673884973948587,0.5395811074789526,l40s
resnet152,gemm,413,layer3.18.conv3,256,1024,1,1,0,0.9868832051753997,0.027313516969298252,0.44829084281246395,l40s
resnet152,gemm,413,layer3.19.conv1,1024,256,1,1,0,1.074811202287674,0.03271834161909249,0.48823205948892734,l40s
resnet152,gemm,413,layer3.19.conv2,256,256,3,1,1,1.1799280107021333,0.03033890048535735,0.5359812788400653,l40s
resnet152,gemm,413,layer3.19.conv3,256,1024,1,1,0,0.9873055905103684,0.026960054803392038,0.4484827109857308,l40s
resnet152,gemm,413,layer3.20.conv1,1024,256,1,1,0,1.0660704135894776,0.025913827224185188,0.484261563778988,l40s
resnet152,gemm,413,layer3.20.conv2,256,256,3,1,1,1.180545598268509,0.03300377429989425,0.5362618174582008,l40s
resnet152,gemm,413,layer3.20.conv3,256,1024,1,1,0,0.9987904042005539,0.022955286796986732,0.45369967767613295,l40s
resnet152,gemm,413,layer3.21.conv1,1024,256,1,1,0,1.0822991907596589,0.023801327980260658,0.4916334717791279,l40s
resnet152,gemm,413,layer3.21.conv2,256,256,3,1,1,1.172054398059845,0.018253079173398787,0.5324046971038678,l40s
resnet152,gemm,413,layer3.21.conv3,256,1024,1,1,0,0.9828592002391815,0.027287310191401046,0.44646294204884907,l40s
resnet152,gemm,413,layer3.22.conv1,1024,256,1,1,0,1.0711791872978211,0.030110982549067276,0.4865822198195824,l40s
resnet152,gemm,413,layer3.22.conv2,256,256,3,1,1,1.173624002933502,0.02460203076532388,0.5331176887608383,l40s
resnet152,gemm,413,layer3.22.conv3,256,1024,1,1,0,0.9832176029682159,0.02349629390201458,0.44662574617868184,l40s
resnet152,gemm,413,layer3.23.conv1,1024,256,1,1,0,1.0787712156772613,0.030155608260577536,0.4900308921478044,l40s
resnet152,gemm,413,layer3.23.conv2,256,256,3,1,1,1.1708592057228089,0.021437190428285374,0.5318617820179863,l40s
resnet152,gemm,413,layer3.23.conv3,256,1024,1,1,0,1.0029023975133895,0.02354202299290526,0.4555675470837623,l40s
resnet152,gemm,413,layer3.24.conv1,1024,256,1,1,0,1.0655263900756835,0.0254103550453731,0.4840144415681432,l40s
resnet152,gemm,413,layer3.24.conv2,256,256,3,1,1,1.177403199672699,0.02373336312301154,0.5348343856125874,l40s
resnet152,gemm,413,layer3.24.conv3,256,1024,1,1,0,0.9754463970661164,0.022907616973257695,0.4430956826156868,l40s
resnet152,gemm,413,layer3.25.conv1,1024,256,1,1,0,1.0802784025669099,0.037807407768338214,0.4907155304894979,l40s
resnet152,gemm,413,layer3.25.conv2,256,256,3,1,1,1.1854144096374513,0.029900045838855863,0.5384734708135643,l40s
resnet152,gemm,413,layer3.25.conv3,256,1024,1,1,0,0.98228320479393,0.020012251109619798,0.4462012966157788,l40s
resnet152,gemm,413,layer3.26.conv1,1024,256,1,1,0,1.0704047977924347,0.02943573510666441,0.486230454056203,l40s
resnet152,gemm,413,layer3.26.conv2,256,256,3,1,1,1.1833360016345977,0.024434634247038577,0.5375293557750054,l40s
resnet152,gemm,413,layer3.26.conv3,256,1024,1,1,0,0.9961583942174912,0.02993079707753636,0.4525040894166405,l40s
resnet152,gemm,413,layer3.27.conv1,1024,256,1,1,0,1.0808095991611482,0.024968146096441438,0.49095682608322305,l40s
resnet152,gemm,413,layer3.27.conv2,256,256,3,1,1,1.1634352087974549,0.018126014287506795,0.5284894378325236,l40s
resnet152,gemm,413,layer3.27.conv3,256,1024,1,1,0,0.9889920055866241,0.02684364684031258,0.4492487635762518,l40s
resnet152,gemm,413,layer3.28.conv1,1024,256,1,1,0,1.0833023965358735,0.03464091493314643,0.49208917713572436,l40s
resnet152,gemm,413,layer3.28.conv2,256,256,3,1,1,1.1946096062660216,0.03507734737645321,0.5426503809330505,l40s
resnet152,gemm,413,layer3.28.conv3,256,1024,1,1,0,0.9915679842233658,0.02888497821986558,0.4504188996451158,l40s
resnet152,gemm,413,layer3.29.conv1,1024,256,1,1,0,1.0676335990428925,0.027471405789865223,0.4849716394198628,l40s
resnet152,gemm,413,layer3.29.conv2,256,256,3,1,1,1.1837296068668366,0.028351408083460507,0.5377081506114869,l40s
resnet152,gemm,413,layer3.29.conv3,256,1024,1,1,0,0.9924848109483719,0.02143242952485139,0.4508353673923737,l40s
resnet152,gemm,413,layer3.30.conv1,1024,256,1,1,0,1.0788064002990723,0.04170542674287705,0.4900468747318457,l40s
resnet152,gemm,413,layer3.30.conv2,256,256,3,1,1,1.1891664028167725,0.027718253647628796,0.5401778104717568,l40s
resnet152,gemm,413,layer3.30.conv3,256,1024,1,1,0,0.9738591909408569,0.02220678322608491,0.44237469560539194,l40s
resnet152,gemm,413,layer3.31.conv1,1024,256,1,1,0,1.0750256061553956,0.02499918130582007,0.4883294522604925,l40s
resnet152,gemm,413,layer3.31.conv2,256,256,3,1,1,1.1846175909042358,0.02823909186627576,0.5381115165928332,l40s
resnet152,gemm,413,layer3.31.conv3,256,1024,1,1,0,0.9863168060779571,0.02683453414026683,0.44803355651209,l40s
resnet152,gemm,413,layer3.32.conv1,1024,256,1,1,0,1.0685199975967408,0.033469350645908204,0.48537428519667664,l40s
resnet152,gemm,413,layer3.32.conv2,256,256,3,1,1,1.1744768023490906,0.02528347549544426,0.5335050721581434,l40s
resnet152,gemm,413,layer3.32.conv3,256,1024,1,1,0,1.0000848025083542,0.022466492783404714,0.45428765698847284,l40s
resnet152,gemm,413,layer3.33.conv1,1024,256,1,1,0,1.0762431919574738,0.026487588128673287,0.48888253955851085,l40s
resnet152,gemm,413,layer3.33.conv2,256,256,3,1,1,1.190089601278305,0.03953094628964304,0.5405971725748235,l40s
resnet152,gemm,413,layer3.33.conv3,256,1024,1,1,0,0.9887792050838471,0.028257801027921064,0.4491520991318267,l40s
resnet152,gemm,413,layer3.34.conv1,1024,256,1,1,0,1.0671791970729827,0.025352297930147556,0.48476522771785163,l40s
resnet152,gemm,413,layer3.34.conv2,256,256,3,1,1,1.1816416025161742,0.021596434063261293,0.5367596764402316,l40s
resnet152,gemm,413,layer3.34.conv3,256,1024,1,1,0,0.9794368028640748,0.024150428128260192,0.44490832099979283,l40s
resnet152,gemm,413,layer3.35.conv1,1024,256,1,1,0,1.0751631915569306,0.03310082261368746,0.48839195031020033,l40s
resnet152,gemm,413,layer3.35.conv2,256,256,3,1,1,1.191377592086792,0.04006526398915932,0.5411822412861395,l40s
resnet152,gemm,413,layer3.35.conv3,256,1024,1,1,0,0.9959583967924118,0.03133128206587821,0.45241324075919154,l40s
resnet152,gemm,413,layer4.0.conv1,1024,512,1,1,0,1.3836144030094146,0.025607189627349317,0.6285056464633166,l40s
resnet152,gemm,413,layer4.0.conv2,512,512,3,2,1,1.9067343890666961,0.022123715943428615,0.8661324479043074,l40s
resnet152,gemm,413,layer4.0.conv3,512,2048,1,1,0,1.1888432025909423,0.025750051433760794,0.5400309970485728,l40s
resnet152,gemm,413,layer4.0.downsample.0,1024,2048,1,2,0,1.9925696074962616,0.03225474573390235,0.9051230216733106,l40s
resnet152,gemm,413,layer4.1.conv1,2048,512,1,1,0,1.2506031930446624,0.02695216406025203,0.5680854193220445,l40s
resnet152,gemm,413,layer4.1.conv2,512,512,3,1,1,1.8647791981697082,0.03307108234655554,0.8470743387086749,l40s
resnet152,gemm,413,layer4.1.conv3,512,2048,1,1,0,1.2399071991443633,0.03382544291946365,0.5632267733392813,l40s
resnet152,gemm,413,layer4.2.conv1,2048,512,1,1,0,1.2357919991016388,0.028968680969038676,0.561357447277372,l40s
resnet152,gemm,413,layer4.2.conv2,512,512,3,1,1,1.8505631983280182,0.024134193556503453,0.8406167330700012,l40s
resnet152,gemm,413,layer4.2.conv3,512,2048,1,1,0,1.230382400751114,0.029254129316764518,0.5589001419031229,l40s
resnet152,gemm,416,conv1,3,64,7,2,3,1.9527520060539245,0.09683383490814733,0.8908964769090468,l40s
resnet152,gemm,416,layer1.0.conv1,64,64,1,1,0,1.1960576057434082,0.03296995955622877,0.5456727243570154,l40s
resnet152,gemm,416,layer1.0.conv2,64,64,3,1,1,1.4891615986824036,0.03200849883246376,0.6793944226923821,l40s
resnet152,gemm,416,layer1.0.conv3,64,256,1,1,0,2.0648256063461305,0.03571061561593013,0.9420273810613898,l40s
resnet152,gemm,416,layer1.0.downsample.0,64,256,1,1,0,2.0919375896453856,0.025851516827072527,0.9543965760889414,l40s
resnet152,gemm,416,layer1.1.conv1,256,64,1,1,0,2.088324797153473,0.03404171643206563,0.9527483257771405,l40s
resnet152,gemm,416,layer1.1.conv2,64,64,3,1,1,1.4891535997390748,0.030713430761895175,0.6793907733654792,l40s
resnet152,gemm,416,layer1.1.conv3,64,256,1,1,0,2.023454427719116,0.027604377797267505,0.9231527686323071,l40s
resnet152,gemm,416,layer1.2.conv1,256,64,1,1,0,2.0627311944961546,0.045570198857319014,0.9410718556631031,l40s
resnet152,gemm,416,layer1.2.conv2,64,64,3,1,1,1.4645295858383178,0.031603974494883245,0.6681566549707555,l40s
resnet152,gemm,416,layer1.2.conv3,64,256,1,1,0,2.015593582391739,0.031175716109996674,0.9195664456450685,l40s
resnet152,gemm,416,layer2.0.conv1,256,128,1,1,0,2.4243584275245667,0.05065252320206919,1.1060556461600939,l40s
resnet152,gemm,416,layer2.0.conv2,128,128,3,2,1,1.32744802236557,0.04666415599409415,0.6056164647323425,l40s
resnet152,gemm,416,layer2.0.conv3,128,512,1,1,0,1.3367744028568267,0.024644028071239322,0.609871403145523,l40s
resnet152,gemm,416,layer2.0.downsample.0,256,512,1,2,0,2.3981712102890014,0.06331750608078517,1.0941083535684648,l40s
resnet152,gemm,416,layer2.1.conv1,512,128,1,1,0,1.2692015886306762,0.03008863345656948,0.5790429200906989,l40s
resnet152,gemm,416,layer2.1.conv2,128,128,3,1,1,1.1313696086406708,0.04087654770889897,0.5161603702339799,l40s
resnet152,gemm,416,layer2.1.conv3,128,512,1,1,0,1.3132992029190063,0.03344925384833199,0.5991614036911621,l40s
resnet152,gemm,416,layer2.2.conv1,512,128,1,1,0,1.2881615936756134,0.032217161133620255,0.5876929696844752,l40s
resnet152,gemm,416,layer2.2.conv2,128,128,3,1,1,1.1160000026226045,0.03363675100937313,0.5091483544682682,l40s
resnet152,gemm,416,layer2.2.conv3,128,512,1,1,0,1.3045808017253875,0.0204984125947281,0.5951838413158094,l40s
resnet152,gemm,416,layer2.3.conv1,512,128,1,1,0,1.2829472124576569,0.02791947575391249,0.5853140327575451,l40s
resnet152,gemm,416,layer2.3.conv2,128,128,3,1,1,1.1214959979057313,0.03540683416215311,0.511655771088334,l40s
resnet152,gemm,416,layer2.3.conv3,128,512,1,1,0,1.3027327954769135,0.02556996217931354,0.594340732589782,l40s
resnet152,gemm,416,layer2.4.conv1,512,128,1,1,0,1.2809103965759276,0.03448343885761328,0.5843847841445522,l40s
resnet152,gemm,416,layer2.4.conv2,128,128,3,1,1,1.1081295967102052,0.0304029925495656,0.5055576696923914,l40s
resnet152,gemm,416,layer2.4.conv3,128,512,1,1,0,1.307582402229309,0.022664919355854355,0.5965532498765185,l40s
resnet152,gemm,416,layer2.5.conv1,512,128,1,1,0,1.281803196668625,0.03548447379554651,0.5847921028694605,l40s
resnet152,gemm,416,layer2.5.conv2,128,128,3,1,1,1.1169328033924102,0.039864469222333554,0.5095739225470112,l40s
resnet152,gemm,416,layer2.5.conv3,128,512,1,1,0,1.3177887976169587,0.03721078433443716,0.6012096740740654,l40s
resnet152,gemm,416,layer2.6.conv1,512,128,1,1,0,1.282720011472702,0.044483529669067566,0.5852103777330366,l40s
resnet152,gemm,416,layer2.6.conv2,128,128,3,1,1,1.1152143955230713,0.03249337324935021,0.5087899399870442,l40s
resnet152,gemm,416,layer2.6.conv3,128,512,1,1,0,1.31486719250679,0.02862510352479629,0.5998767615017063,l40s
resnet152,gemm,416,layer2.7.conv1,512,128,1,1,0,1.284091192483902,0.038041139575576186,0.5858359463297124,l40s
resnet152,gemm,416,layer2.7.conv2,128,128,3,1,1,1.111651200056076,0.03823000545312946,0.5071643171336339,l40s
resnet152,gemm,416,layer2.7.conv3,128,512,1,1,0,1.306849592924118,0.02983802852934037,0.5962189231283104,l40s
resnet152,gemm,416,layer3.0.conv1,512,256,1,1,0,1.6342576086521148,0.04452567363221272,0.7455910127841227,l40s
resnet152,gemm,416,layer3.0.conv2,256,256,3,2,1,1.5203951954841615,0.0336850437579871,0.6936440054686988,l40s
resnet152,gemm,416,layer3.0.conv3,256,1024,1,1,0,1.0839280009269714,0.04903220373538612,0.4945162694777118,l40s
resnet152,gemm,416,layer3.0.downsample.0,512,1024,1,2,0,1.8643616020679474,0.09303757619898997,0.8505704655878222,l40s
resnet152,gemm,416,layer3.1.conv1,1024,256,1,1,0,1.0914799988269805,0.05066891635394779,0.4979616882005626,l40s
resnet152,gemm,416,layer3.1.conv2,256,256,3,1,1,1.1946560144424438,0.026014597752481102,0.5450332817917413,l40s
resnet152,gemm,416,layer3.1.conv3,256,1024,1,1,0,1.1271695971488953,0.05162238125618734,0.5142442152745176,l40s
resnet152,gemm,416,layer3.2.conv1,1024,256,1,1,0,1.0831200003623962,0.0444681103963092,0.49414763851275106,l40s
resnet152,gemm,416,layer3.2.conv2,256,256,3,1,1,1.1810703992843627,0.02336904938937479,0.538835169259554,l40s
resnet152,gemm,416,layer3.2.conv3,256,1024,1,1,0,1.1134143948554993,0.05585629183202985,0.5079687326610743,l40s
resnet152,gemm,416,layer3.3.conv1,1024,256,1,1,0,1.089321607351303,0.05394264644982962,0.49697697362569065,l40s
resnet152,gemm,416,layer3.3.conv2,256,256,3,1,1,1.1851871848106383,0.02584060284300234,0.540713354359443,l40s
resnet152,gemm,416,layer3.3.conv3,256,1024,1,1,0,1.1131216049194337,0.04037510737331247,0.5078351542436887,l40s
resnet152,gemm,416,layer3.4.conv1,1024,256,1,1,0,1.0803712129592895,0.05776338248918128,0.49289356989287125,l40s
resnet152,gemm,416,layer3.4.conv2,256,256,3,1,1,1.182008010149002,0.030032557706708016,0.5392629318292143,l40s
resnet152,gemm,416,layer3.4.conv3,256,1024,1,1,0,1.1179967999458313,0.050879240645035115,0.5100593455694675,l40s
resnet152,gemm,416,layer3.5.conv1,1024,256,1,1,0,1.0795376002788544,0.06007259284452284,0.49251325401158985,l40s
resnet152,gemm,416,layer3.5.conv2,256,256,3,1,1,1.1844720005989076,0.0277258027441793,0.5403870686392919,l40s
resnet152,gemm,416,layer3.5.conv3,256,1024,1,1,0,1.120300793647766,0.04857208891806092,0.5111104876835254,l40s
resnet152,gemm,416,layer3.6.conv1,1024,256,1,1,0,1.0847631990909576,0.060606176040272436,0.4948973086980068,l40s
resnet152,gemm,416,layer3.6.conv2,256,256,3,1,1,1.1890064001083374,0.03682186719828421,0.5424557801476275,l40s
resnet152,gemm,416,layer3.6.conv3,256,1024,1,1,0,1.1182799935340881,0.06681848200192445,0.5101885458822973,l40s
resnet152,gemm,416,layer3.7.conv1,1024,256,1,1,0,1.095993596315384,0.048498208291821554,0.5000209092834946,l40s
resnet152,gemm,416,layer3.7.conv2,256,256,3,1,1,1.1894208014011383,0.03439272077139127,0.5426448408428096,l40s
resnet152,gemm,416,layer3.7.conv3,256,1024,1,1,0,1.1082447946071625,0.05296201376529805,0.5056102259822984,l40s
resnet152,gemm,416,layer3.8.conv1,1024,256,1,1,0,1.0853775918483735,0.0514071538207416,0.49517761072372396,l40s
resnet152,gemm,416,layer3.8.conv2,256,256,3,1,1,1.1798863887786866,0.025720313124973797,0.538294992736954,l40s
resnet152,gemm,416,layer3.8.conv3,256,1024,1,1,0,1.12878560423851,0.045455894516425406,0.5149814799237585,l40s
resnet152,gemm,416,layer3.9.conv1,1024,256,1,1,0,1.086927992105484,0.053564970065629235,0.4958849438221289,l40s
resnet152,gemm,416,layer3.9.conv2,256,256,3,1,1,1.2041216015815734,0.15368659726638678,0.5493517299141769,l40s
resnet152,gemm,416,layer3.9.conv3,256,1024,1,1,0,1.1212447941303254,0.060653531185198964,0.5115411653637967,l40s
resnet152,gemm,416,layer3.10.conv1,1024,256,1,1,0,1.0775312066078186,0.05924225540320587,0.4915978848058347,l40s
resnet152,gemm,416,layer3.10.conv2,256,256,3,1,1,1.1688991963863373,0.02296771632670728,0.5332823485491004,l40s
resnet152,gemm,416,layer3.10.conv3,256,1024,1,1,0,1.120063990354538,0.04470126708545304,0.5110024518351414,l40s
resnet152,gemm,416,layer3.11.conv1,1024,256,1,1,0,1.090166401863098,0.057895162647337045,0.4973623909505415,l40s
resnet152,gemm,416,layer3.11.conv2,256,256,3,1,1,1.1814496099948884,0.026888961789113413,0.5390081750918184,l40s
resnet152,gemm,416,layer3.11.conv3,256,1024,1,1,0,1.1095487952232361,0.052608444886959004,0.5062051451277636,l40s
resnet152,gemm,416,layer3.12.conv1,1024,256,1,1,0,1.0725456178188324,0.05149384262601086,0.4893233289617464,l40s
resnet152,gemm,416,layer3.12.conv2,256,256,3,1,1,1.1970768094062805,0.03567001634243094,0.5461377116926786,l40s
resnet152,gemm,416,layer3.12.conv3,256,1024,1,1,0,1.1250176012516022,0.03914736284716918,0.5132624185295763,l40s
resnet152,gemm,416,layer3.13.conv1,1024,256,1,1,0,1.0954415917396545,0.05030277892587407,0.49976907037602947,l40s
resnet152,gemm,416,layer3.13.conv2,256,256,3,1,1,1.1820559918880462,0.025168413521057878,0.5392848223519933,l40s
resnet152,gemm,416,layer3.13.conv3,256,1024,1,1,0,1.1220272064208985,0.06550733482207756,0.511898122289715,l40s
resnet152,gemm,416,layer3.14.conv1,1024,256,1,1,0,1.0864543914794922,0.05982681417312347,0.4956688748446807,l40s
resnet152,gemm,416,layer3.14.conv2,256,256,3,1,1,1.177126395702362,0.032860395429363476,0.5370358117962264,l40s
resnet152,gemm,416,layer3.14.conv3,256,1024,1,1,0,1.1179200112819672,0.052925170740607354,0.5100243125750621,l40s
resnet152,gemm,416,layer3.15.conv1,1024,256,1,1,0,1.091654407978058,0.05107756909346022,0.49804125821137496,l40s
resnet152,gemm,416,layer3.15.conv2,256,256,3,1,1,1.1802047967910767,0.026321534248682627,0.53844025878998,l40s
resnet152,gemm,416,layer3.15.conv3,256,1024,1,1,0,1.1253040075302123,0.055487548975282144,0.5133930845556705,l40s
resnet152,gemm,416,layer3.16.conv1,1024,256,1,1,0,1.0917439877986908,0.05997862394329912,0.4980821268656416,l40s
resnet152,gemm,416,layer3.16.conv2,256,256,3,1,1,1.1731279969215394,0.025039984703095337,0.5352116378222302,l40s
resnet152,gemm,416,layer3.16.conv3,256,1024,1,1,0,1.119766402244568,0.05304783746126774,0.5108666843654779,l40s
resnet152,gemm,416,layer3.17.conv1,1024,256,1,1,0,1.092108803987503,0.04581507655095906,0.49824856554107233,l40s
resnet152,gemm,416,layer3.17.conv2,256,256,3,1,1,1.186055999994278,0.02888172323838398,0.5411097305422814,l40s
resnet152,gemm,416,layer3.17.conv3,256,1024,1,1,0,1.113020795583725,0.05589054817159122,0.5077891623912958,l40s
resnet152,gemm,416,layer3.18.conv1,1024,256,1,1,0,1.0845200061798095,0.0665788077102434,0.49478635773901175,l40s
resnet152,gemm,416,layer3.18.conv2,256,256,3,1,1,1.1688335955142974,0.019170790359642975,0.533252419717584,l40s
resnet152,gemm,416,layer3.18.conv3,256,1024,1,1,0,1.1241104006767273,0.05640652949422772,0.5128485299285147,l40s
resnet152,gemm,416,layer3.19.conv1,1024,256,1,1,0,1.0787935853004456,0.04596462996570095,0.4921738149425339,l40s
resnet152,gemm,416,layer3.19.conv2,256,256,3,1,1,1.1899568021297455,0.021941719001289224,0.5428893783771491,l40s
resnet152,gemm,416,layer3.19.conv3,256,1024,1,1,0,1.124102395772934,0.04865174934528276,0.512844877882292,l40s
resnet152,gemm,416,layer3.20.conv1,1024,256,1,1,0,1.0901359915733337,0.052362012030731195,0.49734851698194293,l40s
resnet152,gemm,416,layer3.20.conv2,256,256,3,1,1,1.1935056030750275,0.023621195887794603,0.5445084340737258,l40s
resnet152,gemm,416,layer3.20.conv3,256,1024,1,1,0,1.1084047973155975,0.04790155103962381,0.5056832233976377,l40s
resnet152,gemm,416,layer3.21.conv1,1024,256,1,1,0,1.085532796382904,0.052610829958737886,0.49524841908678535,l40s
resnet152,gemm,416,layer3.21.conv2,256,256,3,1,1,1.1876447916030883,0.030614434727717257,0.5418345787782293,l40s
resnet152,gemm,416,layer3.21.conv3,256,1024,1,1,0,1.1157360017299651,0.050531637859075794,0.5090279103645499,l40s
resnet152,gemm,416,layer3.22.conv1,1024,256,1,1,0,1.0814095973968505,0.05972606411176022,0.4933673079990067,l40s
resnet152,gemm,416,layer3.22.conv2,256,256,3,1,1,1.188774400949478,0.024779356304564744,0.5423499360708411,l40s
resnet152,gemm,416,layer3.22.conv3,256,1024,1,1,0,1.128827202320099,0.054927500178589606,0.5150004580552462,l40s
resnet152,gemm,416,layer3.23.conv1,1024,256,1,1,0,1.0906527996063233,0.047194466296601706,0.49758429830717077,l40s
resnet152,gemm,416,layer3.23.conv2,256,256,3,1,1,1.179233592748642,0.027930705942448626,0.5379971701350548,l40s
resnet152,gemm,416,layer3.23.conv3,256,1024,1,1,0,1.1164208054542542,0.06010019810669493,0.5093403357127005,l40s
resnet152,gemm,416,layer3.24.conv1,1024,256,1,1,0,1.0770832002162933,0.05852328586483016,0.4913934925867484,l40s
resnet152,gemm,416,layer3.24.conv2,256,256,3,1,1,1.1864015936851502,0.02201924785308881,0.5412673994120025,l40s
resnet152,gemm,416,layer3.24.conv3,256,1024,1,1,0,1.1216943979263305,0.06610022458054372,0.5117462863605358,l40s
resnet152,gemm,416,layer3.25.conv1,1024,256,1,1,0,1.079016000032425,0.0642700218780289,0.49227528635340373,l40s
resnet152,gemm,416,layer3.25.conv2,256,256,3,1,1,1.1727007985115052,0.023475985949140563,0.5350167387478671,l40s
resnet152,gemm,416,layer3.25.conv3,256,1024,1,1,0,1.1288592040538787,0.050323028813650805,0.5150150580821778,l40s
resnet152,gemm,416,layer3.26.conv1,1024,256,1,1,0,1.0970912039279939,0.06514892382558463,0.5005216665491746,l40s
resnet152,gemm,416,layer3.26.conv2,256,256,3,1,1,1.1764127969741822,0.026611690420488523,0.5367102494150887,l40s
resnet152,gemm,416,layer3.26.conv3,256,1024,1,1,0,1.120961594581604,0.05054330904935037,0.5114119623316472,l40s
resnet152,gemm,416,layer3.27.conv1,1024,256,1,1,0,1.0938719928264617,0.052047418652824855,0.49905297834919327,l40s
resnet152,gemm,416,layer3.27.conv2,256,256,3,1,1,1.1838560044765472,0.02910524708989713,0.5401060351166024,l40s
resnet152,gemm,416,layer3.27.conv3,256,1024,1,1,0,1.1155423998832703,0.05206375429851663,0.508939584144626,l40s
resnet152,gemm,416,layer3.28.conv1,1024,256,1,1,0,1.0826799988746643,0.054120937982864,0.4939468983398874,l40s
resnet152,gemm,416,layer3.28.conv2,256,256,3,1,1,1.1801887989044189,0.02783208434058502,0.5384329601361738,l40s
resnet152,gemm,416,layer3.28.conv3,256,1024,1,1,0,1.1199071943759917,0.05510184210155761,0.5109309174137467,l40s
resnet152,gemm,416,layer3.29.conv1,1024,256,1,1,0,1.088736003637314,0.04789838391672384,0.49670980591364106,l40s
resnet152,gemm,416,layer3.29.conv2,256,256,3,1,1,1.1834544003009797,0.02920856365076478,0.5399228128006012,l40s
resnet152,gemm,416,layer3.29.conv3,256,1024,1,1,0,1.1177871942520141,0.05013647602479034,0.5099637179764178,l40s
resnet152,gemm,416,layer3.30.conv1,1024,256,1,1,0,1.0924271941184998,0.049974364128092516,0.4983938234361394,l40s
resnet152,gemm,416,layer3.30.conv2,256,256,3,1,1,1.176089596748352,0.024116439123493573,0.5365627970291044,l40s
resnet152,gemm,416,layer3.30.conv3,256,1024,1,1,0,1.1220767974853516,0.06828331276756319,0.5119207470287861,l40s
resnet152,gemm,416,layer3.31.conv1,1024,256,1,1,0,1.0858704090118407,0.05472166625121545,0.4954024467875622,l40s
resnet152,gemm,416,layer3.31.conv2,256,256,3,1,1,1.1754288077354431,0.020278625885320898,0.5362613278196218,l40s
resnet152,gemm,416,layer3.31.conv3,256,1024,1,1,0,1.1229088008403778,0.05443160593291328,0.5123003286937755,l40s
resnet152,gemm,416,layer3.32.conv1,1024,256,1,1,0,1.0787231981754304,0.059163458940001044,0.49214170249737893,l40s
resnet152,gemm,416,layer3.32.conv2,256,256,3,1,1,1.1840927958488465,0.03168984217040862,0.5402140655263471,l40s
resnet152,gemm,416,layer3.32.conv3,256,1024,1,1,0,1.1222815930843353,0.05406412926530731,0.5120141801309186,l40s
resnet152,gemm,416,layer3.33.conv1,1024,256,1,1,0,1.087774395942688,0.05699343770430813,0.49627109536327163,l40s
resnet152,gemm,416,layer3.33.conv2,256,256,3,1,1,1.1725568056106568,0.03088901186719053,0.534951045424973,l40s
resnet152,gemm,416,layer3.33.conv3,256,1024,1,1,0,1.1308720111846924,0.05601830106772247,0.5159333532758225,l40s
resnet152,gemm,416,layer3.34.conv1,1024,256,1,1,0,1.0839792013168335,0.04515423222308732,0.49453962843307486,l40s
resnet152,gemm,416,layer3.34.conv2,256,256,3,1,1,1.1833728015422822,0.025277025765439467,0.5398855853152787,l40s
resnet152,gemm,416,layer3.34.conv3,256,1024,1,1,0,1.1240175902843474,0.054740566773497326,0.5128061874030249,l40s
resnet152,gemm,416,layer3.35.conv1,1024,256,1,1,0,1.0759631991386414,0.050006497856598886,0.49088251883733164,l40s
resnet152,gemm,416,layer3.35.conv2,256,256,3,1,1,1.1705312073230743,0.02640551354666421,0.5340269145714669,l40s
resnet152,gemm,416,layer3.35.conv3,256,1024,1,1,0,1.129263997077942,0.05499060189254573,0.515199735234165,l40s
resnet152,gemm,416,layer4.0.conv1,1024,512,1,1,0,1.4062960028648377,0.09072776696620845,0.6415889731821692,l40s
resnet152,gemm,416,layer4.0.conv2,512,512,3,2,1,1.9261120080947876,0.0333614522490852,0.8787426139233319,l40s
resnet152,gemm,416,layer4.0.conv3,512,2048,1,1,0,1.1901184022426605,0.02806374801596441,0.5429631045701412,l40s
resnet152,gemm,416,layer4.0.downsample.0,1024,2048,1,2,0,1.977487999200821,0.044467259709346015,0.9021816831610935,l40s
resnet152,gemm,416,layer4.1.conv1,2048,512,1,1,0,1.2448927879333496,0.0259789425252001,0.5679526101936959,l40s
resnet152,gemm,416,layer4.1.conv2,512,512,3,1,1,1.8602207958698274,0.027691290174178592,0.8486813216299457,l40s
resnet152,gemm,416,layer4.1.conv3,512,2048,1,1,0,1.239843201637268,0.02346089348962408,0.5656488570150636,l40s
resnet152,gemm,416,layer4.2.conv1,2048,512,1,1,0,1.2323759973049164,0.021987498573717967,0.5622421233328408,l40s
resnet152,gemm,416,layer4.2.conv2,512,512,3,1,1,1.8434927880764007,0.018813462492485878,0.8410495674887805,l40s
resnet152,gemm,416,layer4.2.conv3,512,2048,1,1,0,1.2183296084403992,0.02750702086843998,0.5558337937989843,l40s
resnet152,gemm,418,conv1,3,64,7,2,3,1.9911455988883973,0.033372485100975645,0.8813633153310036,l40s
resnet152,gemm,418,layer1.0.conv1,64,64,1,1,0,1.247380793094635,0.034312183357528135,0.5521422802510609,l40s
resnet152,gemm,418,layer1.0.conv2,64,64,3,1,1,1.384820783138275,0.04256743164463967,0.6129788988044952,l40s
resnet152,gemm,418,layer1.0.conv3,64,256,1,1,0,2.207417607307434,0.07116200157419438,0.9770942425218186,l40s
resnet152,gemm,418,layer1.0.downsample.0,64,256,1,1,0,2.1372511982917786,0.03456818296084392,0.946035690646238,l40s
resnet152,gemm,418,layer1.1.conv1,256,64,1,1,0,2.11341598033905,0.05518156660315522,0.9354852383196067,l40s
resnet152,gemm,418,layer1.1.conv2,64,64,3,1,1,1.3773231983184815,0.03728011411987175,0.6096601579663377,l40s
resnet152,gemm,418,layer1.1.conv3,64,256,1,1,0,2.088206374645233,0.06603507968833852,0.9243264251896708,l40s
resnet152,gemm,418,layer1.2.conv1,256,64,1,1,0,2.0640336096286775,0.04067935984114302,0.913626560585293,l40s
resnet152,gemm,418,layer1.2.conv2,64,64,3,1,1,1.3598272025585174,0.041497164661317636,0.601915707316105,l40s
resnet152,gemm,418,layer1.2.conv3,64,256,1,1,0,2.0476288080215452,0.03939964601445909,0.9063651175547676,l40s
resnet152,gemm,418,layer2.0.conv1,256,128,1,1,0,2.425217604637146,0.053013815497872645,1.0735015207403302,l40s
resnet152,gemm,418,layer2.0.conv2,128,128,3,2,1,1.3494512021541596,0.026022854073811556,0.5973228608053496,l40s
resnet152,gemm,418,layer2.0.conv3,128,512,1,1,0,1.5118863999843597,0.027222192372154546,0.6692233911161403,l40s
resnet152,gemm,418,layer2.0.downsample.0,256,512,1,2,0,2.6966272234916686,0.057158010467796214,1.1936386325717758,l40s
resnet152,gemm,418,layer2.1.conv1,512,128,1,1,0,1.2707664012908935,0.029114379341379257,0.5624937167218008,l40s
resnet152,gemm,418,layer2.1.conv2,128,128,3,1,1,1.137004804611206,0.03173143984262786,0.5032853070608527,l40s
resnet152,gemm,418,layer2.1.conv3,128,512,1,1,0,1.3375999987125398,0.023458204883904578,0.5920770284755593,l40s
resnet152,gemm,418,layer2.2.conv1,512,128,1,1,0,1.2962911963462829,0.030702819169524994,0.5737920456866548,l40s
resnet152,gemm,418,layer2.2.conv2,128,128,3,1,1,1.120681595802307,0.02988578321984757,0.496059980374204,l40s
resnet152,gemm,418,layer2.2.conv3,128,512,1,1,0,1.512655997276306,0.025212372943571013,0.6695640466769782,l40s
resnet152,gemm,418,layer2.3.conv1,512,128,1,1,0,1.2802623987197876,0.027385686326660098,0.5666970375542789,l40s
resnet152,gemm,418,layer2.3.conv2,128,128,3,1,1,1.110756802558899,0.021147671563083763,0.4916668567965669,l40s
resnet152,gemm,418,layer2.3.conv3,128,512,1,1,0,1.5271232008934021,0.02701771837549463,0.6759678287764143,l40s
resnet152,gemm,418,layer2.4.conv1,512,128,1,1,0,1.285755205154419,0.03453210294019601,0.5691283806426,l40s
resnet152,gemm,418,layer2.4.conv2,128,128,3,1,1,1.1025935888290406,0.020393668661086203,0.48805348109932,l40s
resnet152,gemm,418,layer2.4.conv3,128,512,1,1,0,1.5145856142044067,0.0178048837966384,0.6704181748602809,l40s
resnet152,gemm,418,layer2.5.conv1,512,128,1,1,0,1.2807119905948638,0.0246405274245586,0.5668960454951267,l40s
resnet152,gemm,418,layer2.5.conv2,128,128,3,1,1,1.1130575954914093,0.017655931776155067,0.49268528281625107,l40s
resnet152,gemm,418,layer2.5.conv3,128,512,1,1,0,1.514523196220398,0.02602788838436224,0.6703905460814749,l40s
resnet152,gemm,418,layer2.6.conv1,512,128,1,1,0,1.2825152039527894,0.025337925434029605,0.5676942222353298,l40s
resnet152,gemm,418,layer2.6.conv2,128,128,3,1,1,1.1121264040470122,0.020122031243271693,0.49227309900653876,l40s
resnet152,gemm,418,layer2.6.conv3,128,512,1,1,0,1.5152560114860534,0.024503712239001735,0.6707149203976595,l40s
resnet152,gemm,418,layer2.7.conv1,512,128,1,1,0,1.277995193004608,0.025893725918065075,0.5656934786247945,l40s
resnet152,gemm,418,layer2.7.conv2,128,128,3,1,1,1.116683202981949,0.035083527796571104,0.49429012650007553,l40s
resnet152,gemm,418,layer2.7.conv3,128,512,1,1,0,1.5047855913639068,0.021354418277717575,0.6660802798184293,l40s
resnet152,gemm,418,layer3.0.conv1,512,256,1,1,0,1.6520895957946777,0.03233135883539334,0.7312831187163567,l40s
resnet152,gemm,418,layer3.0.conv2,256,256,3,2,1,1.5843744099140167,0.0352324185658236,0.7013095794837896,l40s
resnet152,gemm,418,layer3.0.conv3,256,1024,1,1,0,1.0927792072296143,0.01936502116569196,0.48370923027747,l40s
resnet152,gemm,418,layer3.0.downsample.0,512,1024,1,2,0,1.7397743999958037,0.042336481591522264,0.7700960361534335,l40s
resnet152,gemm,418,layer3.1.conv1,1024,256,1,1,0,1.1064240038394928,0.026867082931832226,0.48974898105401465,l40s
resnet152,gemm,418,layer3.1.conv2,256,256,3,1,1,1.2499343991279601,0.022934715279583157,0.5532726117952922,l40s
resnet152,gemm,418,layer3.1.conv3,256,1024,1,1,0,1.0178447991609574,0.02627574328667868,0.4505401650094009,l40s
resnet152,gemm,418,layer3.2.conv1,1024,256,1,1,0,1.0945839941501618,0.022160936885492553,0.4845081035415084,l40s
resnet152,gemm,418,layer3.2.conv2,256,256,3,1,1,1.2407664060592651,0.031495839529945176,0.5492144792456345,l40s
resnet152,gemm,418,layer3.2.conv3,256,1024,1,1,0,1.0220175951719284,0.03580558965191151,0.452387216941958,l40s
resnet152,gemm,418,layer3.3.conv1,1024,256,1,1,0,1.10939359664917,0.03258148135053939,0.49106344553385045,l40s
resnet152,gemm,418,layer3.3.conv2,256,256,3,1,1,1.239705604314804,0.029183236731324107,0.5487449245616731,l40s
resnet152,gemm,418,layer3.3.conv3,256,1024,1,1,0,1.0160671859979629,0.022989500301517866,0.4497533199732631,l40s
resnet152,gemm,418,layer3.4.conv1,1024,256,1,1,0,1.1009936034679413,0.034100033704704706,0.487345261467804,l40s
resnet152,gemm,418,layer3.4.conv2,256,256,3,1,1,1.2364351868629455,0.028270894461529007,0.5472973026652656,l40s
resnet152,gemm,418,layer3.4.conv3,256,1024,1,1,0,1.0059759885072708,0.028900841203705674,0.4452865390000276,l40s
resnet152,gemm,418,layer3.5.conv1,1024,256,1,1,0,1.089579200744629,0.023103647049560014,0.48229277518435076,l40s
resnet152,gemm,418,layer3.5.conv2,256,256,3,1,1,1.2412303984165192,0.03485394019138772,0.5494198614349158,l40s
resnet152,gemm,418,layer3.5.conv3,256,1024,1,1,0,1.0002992004156113,0.022289466427904164,0.4427737580282646,l40s
resnet152,gemm,418,layer3.6.conv1,1024,256,1,1,0,1.0984528064727783,0.02473227779440754,0.4862205997331272,l40s
resnet152,gemm,418,layer3.6.conv2,256,256,3,1,1,1.2405551970005035,0.027818696998794516,0.549120989389161,l40s
resnet152,gemm,418,layer3.6.conv3,256,1024,1,1,0,1.0054783940315246,0.019524650267503958,0.4450662831246769,l40s
resnet152,gemm,418,layer3.7.conv1,1024,256,1,1,0,1.1011231899261475,0.02923359866353814,0.48740262178866167,l40s
resnet152,gemm,418,layer3.7.conv2,256,256,3,1,1,1.2368304073810577,0.030317278853649807,0.5474722435969205,l40s
resnet152,gemm,418,layer3.7.conv3,256,1024,1,1,0,1.0108960002660752,0.037875916143620805,0.4474643394972029,l40s
resnet152,gemm,418,layer3.8.conv1,1024,256,1,1,0,1.1016000092029572,0.026074452499818546,0.48761368170254105,l40s
resnet152,gemm,418,layer3.8.conv2,256,256,3,1,1,1.2399200081825257,0.02503180474426098,0.5488398285726005,l40s
resnet152,gemm,418,layer3.8.conv3,256,1024,1,1,0,1.0115696132183074,0.027628156085278542,0.4477625084232526,l40s
resnet152,gemm,418,layer3.9.conv1,1024,256,1,1,0,1.1061088025569916,0.029120439335073117,0.4896094599424009,l40s
resnet152,gemm,418,layer3.9.conv2,256,256,3,1,1,1.234355193376541,0.025189886730301366,0.5463766116037643,l40s
resnet152,gemm,418,layer3.9.conv3,256,1024,1,1,0,1.0119984030723572,0.029724990749890386,0.4479523085300638,l40s
resnet152,gemm,418,layer3.10.conv1,1024,256,1,1,0,1.0964991986751556,0.03220488553056415,0.4853558521996818,l40s
resnet152,gemm,418,layer3.10.conv2,256,256,3,1,1,1.242299211025238,0.02629831958872843,0.5498929620584031,l40s
resnet152,gemm,418,layer3.10.conv3,256,1024,1,1,0,1.0075056046247481,0.025397353262122047,0.44596361029669035,l40s
resnet152,gemm,418,layer3.11.conv1,1024,256,1,1,0,1.1100415945053101,0.028893825282865597,0.4913502761599654,l40s
resnet152,gemm,418,layer3.11.conv2,256,256,3,1,1,1.2383439898490907,0.029744466651961017,0.5481422177378358,l40s
resnet152,gemm,418,layer3.11.conv3,256,1024,1,1,0,1.0023552000522613,0.02568304598657285,0.4436838284204493,l40s
resnet152,gemm,418,layer3.12.conv1,1024,256,1,1,0,1.0896575987339019,0.031852262344115166,0.4823274773737735,l40s
resnet152,gemm,418,layer3.12.conv2,256,256,3,1,1,1.2315040051937103,0.026086063018203768,0.5451145579041978,l40s
resnet152,gemm,418,layer3.12.conv3,256,1024,1,1,0,0.9974512040615082,0.026110256577639993,0.44151311716397806,l40s
resnet152,gemm,418,layer3.13.conv1,1024,256,1,1,0,1.1062816023826598,0.03537735067657606,0.4896859482852547,l40s
resnet152,gemm,418,layer3.13.conv2,256,256,3,1,1,1.2302079916000366,0.028277385403295708,0.5445408887369245,l40s
resnet152,gemm,418,layer3.13.conv3,256,1024,1,1,0,0.991267204284668,0.021255945595745798,0.43877582334258963,l40s
resnet152,gemm,418,layer3.14.conv1,1024,256,1,1,0,1.1051519989967347,0.03905029853536529,0.48918593915192765,l40s
resnet152,gemm,418,layer3.14.conv2,256,256,3,1,1,1.2391440093517303,0.021171802889053994,0.548496339426159,l40s
resnet152,gemm,418,layer3.14.conv3,256,1024,1,1,0,1.0041328072547913,0.01939494588523383,0.44447067081823916,l40s
resnet152,gemm,418,layer3.15.conv1,1024,256,1,1,0,1.095987194776535,0.029053664458845788,0.4851292181183757,l40s
resnet152,gemm,418,layer3.15.conv2,256,256,3,1,1,1.2526256084442138,0.02513596427974512,0.5544638522382549,l40s
resnet152,gemm,418,layer3.15.conv3,256,1024,1,1,0,1.0096480041742324,0.028698367135139735,0.44691192486030196,l40s
resnet152,gemm,418,layer3.16.conv1,1024,256,1,1,0,1.0889135956764222,0.026931170675013553,0.48199815087865294,l40s
resnet152,gemm,418,layer3.16.conv2,256,256,3,1,1,1.2422927975654603,0.03496661240806927,0.5498901231961042,l40s
resnet152,gemm,418,layer3.16.conv3,256,1024,1,1,0,1.0032719939947128,0.024940719537068206,0.444089639300902,l40s
resnet152,gemm,418,layer3.17.conv1,1024,256,1,1,0,1.0866320073604583,0.029588676184684238,0.4809882256157786,l40s
resnet152,gemm,418,layer3.17.conv2,256,256,3,1,1,1.2393488109111785,0.027858588036870923,0.5485869930586815,l40s
resnet152,gemm,418,layer3.17.conv3,256,1024,1,1,0,1.016721600294113,0.030877310938381367,0.450042990780851,l40s
resnet152,gemm,418,layer3.18.conv1,1024,256,1,1,0,1.0973919987678529,0.027145551122614384,0.48575104241081796,l40s
resnet152,gemm,418,layer3.18.conv2,256,256,3,1,1,1.2367935836315156,0.027569798233412084,0.547455943883832,l40s
resnet152,gemm,418,layer3.18.conv3,256,1024,1,1,0,1.013121598958969,0.03123146404977371,0.4484494814394397,l40s
resnet152,gemm,418,layer3.19.conv1,1024,256,1,1,0,1.091766393184662,0.029712225134508937,0.48326091693214185,l40s
resnet152,gemm,418,layer3.19.conv2,256,256,3,1,1,1.2284047961235047,0.03333913643412489,0.5437427199117651,l40s
resnet152,gemm,418,layer3.19.conv3,256,1024,1,1,0,1.009268793463707,0.02823958192997359,0.44674407053100323,l40s
resnet152,gemm,418,layer3.20.conv1,1024,256,1,1,0,1.0919376015663147,0.03255532522442713,0.4833367008361167,l40s
resnet152,gemm,418,layer3.20.conv2,256,256,3,1,1,1.2323728024959564,0.02562289231142309,0.5454991234884955,l40s
resnet152,gemm,418,layer3.20.conv3,256,1024,1,1,0,1.0022816002368926,0.019378597156555568,0.443651250101055,l40s
resnet152,gemm,418,layer3.21.conv1,1024,256,1,1,0,1.116379201412201,0.024986589776770853,0.4941555628440935,l40s
resnet152,gemm,418,layer3.21.conv2,256,256,3,1,1,1.2308591961860658,0.024945330036730336,0.5448291387941889,l40s
resnet152,gemm,418,layer3.21.conv3,256,1024,1,1,0,0.9960656017065048,0.025889460726605574,0.44089979230917187,l40s
resnet152,gemm,418,layer3.22.conv1,1024,256,1,1,0,1.103827214241028,0.03477160005113114,0.48859953467952666,l40s
resnet152,gemm,418,layer3.22.conv2,256,256,3,1,1,1.2456800103187562,0.03104060759064351,0.5513894435188585,l40s
resnet152,gemm,418,layer3.22.conv3,256,1024,1,1,0,0.9982512056827545,0.02583813813758299,0.4418672309372579,l40s
resnet152,gemm,418,layer3.23.conv1,1024,256,1,1,0,1.0998863995075225,0.0339493475112915,0.4868551672457405,l40s
resnet152,gemm,418,layer3.23.conv2,256,256,3,1,1,1.2419695913791657,0.03147906147519081,0.5497470587833123,l40s
resnet152,gemm,418,layer3.23.conv3,256,1024,1,1,0,1.0071280002593994,0.02354281463393104,0.4457964670021402,l40s
resnet152,gemm,418,layer3.24.conv1,1024,256,1,1,0,1.1011472046375275,0.0322718764828,0.48741325169219574,l40s
resnet152,gemm,418,layer3.24.conv2,256,256,3,1,1,1.240451204776764,0.023538641250833766,0.5490749581340207,l40s
resnet152,gemm,418,layer3.24.conv3,256,1024,1,1,0,1.0106735974550247,0.02812884894791173,0.4473658948234453,l40s
resnet152,gemm,418,layer3.25.conv1,1024,256,1,1,0,1.1006160020828246,0.027992530173493974,0.4871781194924277,l40s
resnet152,gemm,418,layer3.25.conv2,256,256,3,1,1,1.2447200059890746,0.03310331526679293,0.5509645059355835,l40s
resnet152,gemm,418,layer3.25.conv3,256,1024,1,1,0,1.0054335981607436,0.03118675784237518,0.4450464546213235,l40s
resnet152,gemm,418,layer3.26.conv1,1024,256,1,1,0,1.0923823952674865,0.02281190667441258,0.483533584906936,l40s
resnet152,gemm,418,layer3.26.conv2,256,256,3,1,1,1.2349359929561614,0.028211630207593895,0.546633697496088,l40s
resnet152,gemm,418,layer3.26.conv3,256,1024,1,1,0,1.0101008027791978,0.025703233746454515,0.44711235223229945,l40s
resnet152,gemm,418,layer3.27.conv1,1024,256,1,1,0,1.0882768034934998,0.026725765336966648,0.4817162803465177,l40s
resnet152,gemm,418,layer3.27.conv2,256,256,3,1,1,1.2371183931827545,0.03502301713162839,0.5475997180121985,l40s
resnet152,gemm,418,layer3.27.conv3,256,1024,1,1,0,1.000844806432724,0.022879390384447425,0.44301526579564,l40s
resnet152,gemm,418,layer3.28.conv1,1024,256,1,1,0,1.0907679915428161,0.03122661518017513,0.4828189831119429,l40s
resnet152,gemm,418,layer3.28.conv2,256,256,3,1,1,1.2307280004024506,0.0259312807475322,0.5447710661194086,l40s
resnet152,gemm,418,layer3.28.conv3,256,1024,1,1,0,1.0142560034990311,0.027937546938951143,0.4489516157619693,l40s
resnet152,gemm,418,layer3.29.conv1,1024,256,1,1,0,1.117056006193161,0.03827156213138072,0.49445514460542317,l40s
resnet152,gemm,418,layer3.29.conv2,256,256,3,1,1,1.228379201889038,0.02139067153162673,0.5437313908460476,l40s
resnet152,gemm,418,layer3.29.conv3,256,1024,1,1,0,1.0019039928913116,0.02645259511407647,0.4434841054873309,l40s
resnet152,gemm,418,layer3.30.conv1,1024,256,1,1,0,1.1012351989746094,0.026249867100783857,0.48745220162167563,l40s
resnet152,gemm,418,layer3.30.conv2,256,256,3,1,1,1.23367041349411,0.03151301529775019,0.5460734997329958,l40s
resnet152,gemm,418,layer3.30.conv3,256,1024,1,1,0,1.0001088082790375,0.023925704541286032,0.44268948260169744,l40s
resnet152,gemm,418,layer3.31.conv1,1024,256,1,1,0,1.101803195476532,0.0315850882401184,0.48770362034279297,l40s
resnet152,gemm,418,layer3.31.conv2,256,256,3,1,1,1.2295936048030853,0.02506820208211728,0.5442689357544008,l40s
resnet152,gemm,418,layer3.31.conv3,256,1024,1,1,0,1.0014064013957977,0.03499270058334499,0.4432638509311541,l40s
resnet152,gemm,418,layer3.32.conv1,1024,256,1,1,0,1.0928624033927918,0.02496113308109053,0.4837460563369213,l40s
resnet152,gemm,418,layer3.32.conv2,256,256,3,1,1,1.2378512144088745,0.03026557177540688,0.547924094966731,l40s
resnet152,gemm,418,layer3.32.conv3,256,1024,1,1,0,1.0174863934516907,0.03026681015136804,0.4503815198333127,l40s
resnet152,gemm,418,layer3.33.conv1,1024,256,1,1,0,1.1005423963069916,0.036243461425104796,0.4871455385346856,l40s
resnet152,gemm,418,layer3.33.conv2,256,256,3,1,1,1.2328703939914702,0.02804969675850524,0.5457193780446724,l40s
resnet152,gemm,418,layer3.33.conv3,256,1024,1,1,0,1.01045760512352,0.02399736770096737,0.44727028769281285,l40s
resnet152,gemm,418,layer3.34.conv1,1024,256,1,1,0,1.090532797574997,0.030878090155877825,0.4827148765436745,l40s
resnet152,gemm,418,layer3.34.conv2,256,256,3,1,1,1.2417695939540863,0.030892124693391226,0.5496585316591662,l40s
resnet152,gemm,418,layer3.34.conv3,256,1024,1,1,0,1.0062656074762344,0.02225718017093088,0.44541473632261974,l40s
resnet152,gemm,418,layer3.35.conv1,1024,256,1,1,0,1.0977231979370117,0.032264641983287774,0.4858976448480921,l40s
resnet152,gemm,418,layer3.35.conv2,256,256,3,1,1,1.2401055932044982,0.027794567913701173,0.5489219761716173,l40s
resnet152,gemm,418,layer3.35.conv3,256,1024,1,1,0,1.0050975948572158,0.023463749131491757,0.44489772567567293,l40s
resnet152,gemm,418,layer4.0.conv1,1024,512,1,1,0,1.4237327992916107,0.036002065124362014,0.6302029649814055,l40s
resnet152,gemm,418,layer4.0.conv2,512,512,3,2,1,1.917734408378601,0.029903371843490557,0.8488684890931677,l40s
resnet152,gemm,418,layer4.0.conv3,512,2048,1,1,0,1.261934405565262,0.024778517894984767,0.5585843104794458,l40s
resnet152,gemm,418,layer4.0.downsample.0,1024,2048,1,2,0,1.9457871973514558,0.04244764264158633,0.8612858126214922,l40s
resnet152,gemm,418,layer4.1.conv1,2048,512,1,1,0,1.2736688017845155,0.03729620472670343,0.5637784391061934,l40s
resnet152,gemm,418,layer4.1.conv2,512,512,3,1,1,1.8368608057498932,0.02161306654448123,0.8130704909079054,l40s
resnet152,gemm,418,layer4.1.conv3,512,2048,1,1,0,1.1927551925182343,0.024140114893984585,0.5279627323300844,l40s
resnet152,gemm,418,layer4.2.conv1,2048,512,1,1,0,1.2584559917449951,0.024786951914610108,0.557044620796062,l40s
resnet152,gemm,418,layer4.2.conv2,512,512,3,1,1,1.8407920062541963,0.02805174600546294,0.8148106026865909,l40s
resnet152,gemm,418,layer4.2.conv3,512,2048,1,1,0,1.1996960103511811,0.031305279315880515,0.5310350250944958,l40s
resnet152,gemm,421,conv1,3,64,7,2,3,2.003767991065979,0.028094583349478234,0.8785507305679668,l40s
resnet152,gemm,421,layer1.0.conv1,64,64,1,1,0,1.2363599956035614,0.04423080117039405,0.5420812101128883,l40s
resnet152,gemm,421,layer1.0.conv2,64,64,3,1,1,1.3490847826004029,0.039183382211545464,0.5915053173003221,l40s
resnet152,gemm,421,layer1.0.conv3,64,256,1,1,0,2.409185600280762,0.04902360748521876,1.0563058091742894,l40s
resnet152,gemm,421,layer1.0.downsample.0,64,256,1,1,0,2.211044800281525,0.12622688658311826,0.9694311084251052,l40s
resnet152,gemm,421,layer1.1.conv1,256,64,1,1,0,2.1506720066070555,0.06091900224696908,0.9429606975663523,l40s
resnet152,gemm,421,layer1.1.conv2,64,64,3,1,1,1.3510672092437743,0.038056905849803736,0.5923745109313195,l40s
resnet152,gemm,421,layer1.1.conv3,64,256,1,1,0,2.1470831751823427,0.0834412185187105,0.9413871768373435,l40s
resnet152,gemm,421,layer1.2.conv1,256,64,1,1,0,2.107520008087158,0.04099996370232538,0.9240407327829266,l40s
resnet152,gemm,421,layer1.2.conv2,64,64,3,1,1,1.3350943982601167,0.04179837044025359,0.585371242677967,l40s
resnet152,gemm,421,layer1.2.conv3,64,256,1,1,0,2.086396777629852,0.04270030262550477,0.9147792665687924,l40s
resnet152,gemm,421,layer2.0.conv1,256,128,1,1,0,2.445627224445343,0.032913472655073724,1.0722836148262522,l40s
resnet152,gemm,421,layer2.0.conv2,128,128,3,2,1,1.350271999835968,0.020020572496413633,0.5920258519002852,l40s
resnet152,gemm,421,layer2.0.conv3,128,512,1,1,0,1.363427197933197,0.027971908575084064,0.5977937396750262,l40s
resnet152,gemm,421,layer2.0.downsample.0,256,512,1,2,0,2.4554847836494447,0.03943296495077416,1.0766056550419825,l40s
resnet152,gemm,421,layer2.1.conv1,512,128,1,1,0,1.2862688064575196,0.035102369116990245,0.5639636947283838,l40s
resnet152,gemm,421,layer2.1.conv2,128,128,3,1,1,1.1219296097755431,0.020577408235295302,0.4919092842628814,l40s
resnet152,gemm,421,layer2.1.conv3,128,512,1,1,0,1.34931520819664,0.03141710341722883,0.5916063472483091,l40s
resnet152,gemm,421,layer2.2.conv1,512,128,1,1,0,1.296617603302002,0.02669785576865638,0.5685011177577749,l40s
resnet152,gemm,421,layer2.2.conv2,128,128,3,1,1,1.1180191934108734,0.029224882549585496,0.49019476483282604,l40s
resnet152,gemm,421,layer2.2.conv3,128,512,1,1,0,1.3533087909221648,0.026046719489851777,0.5933573309134523,l40s
resnet152,gemm,421,layer2.3.conv1,512,128,1,1,0,1.288729590177536,0.028571435948997855,0.5650426236985187,l40s
resnet152,gemm,421,layer2.3.conv2,128,128,3,1,1,1.1029183924198152,0.018772053219911867,0.48357382877535465,l40s
resnet152,gemm,421,layer2.3.conv3,128,512,1,1,0,1.342937606573105,0.030944385978348445,0.5888100920977078,l40s
resnet152,gemm,421,layer2.4.conv1,512,128,1,1,0,1.2960783958435058,0.02490046612038856,0.5682647026095633,l40s
resnet152,gemm,421,layer2.4.conv2,128,128,3,1,1,1.1082911968231202,0.029124782412316086,0.4859295312592592,l40s
resnet152,gemm,421,layer2.4.conv3,128,512,1,1,0,1.345064002275467,0.04450508423357309,0.5897424088659745,l40s
resnet152,gemm,421,layer2.5.conv1,512,128,1,1,0,1.2875039935112,0.032721365301335265,0.5645052616628979,l40s
resnet152,gemm,421,layer2.5.conv2,128,128,3,1,1,1.1229168057441712,0.03219519880849931,0.49234211967262886,l40s
resnet152,gemm,421,layer2.5.conv3,128,512,1,1,0,1.3396512031555177,0.022121160339271823,0.5873691707254055,l40s
resnet152,gemm,421,layer2.6.conv1,512,128,1,1,0,1.2858720004558564,0.02351456641521066,0.5637897154033276,l40s
resnet152,gemm,421,layer2.6.conv2,128,128,3,1,1,1.111028790473938,0.017662486873964267,0.48712982735773347,l40s
resnet152,gemm,421,layer2.6.conv3,128,512,1,1,0,1.3329967916011811,0.020040501342297085,0.5844515484464649,l40s
resnet152,gemm,421,layer2.7.conv1,512,128,1,1,0,1.2891135931015014,0.02785224432484001,0.565210989522753,l40s
resnet152,gemm,421,layer2.7.conv2,128,128,3,1,1,1.113838404417038,0.02528230560831985,0.4883617007050122,l40s
resnet152,gemm,421,layer2.7.conv3,128,512,1,1,0,1.3369375884532928,0.026977181495059472,0.5861793881808449,l40s
resnet152,gemm,421,layer3.0.conv1,512,256,1,1,0,1.648604792356491,0.054774026687100304,0.7228296645122698,l40s
resnet152,gemm,421,layer3.0.conv2,256,256,3,2,1,1.5747264087200166,0.03441984652580847,0.6904377368008805,l40s
resnet152,gemm,421,layer3.0.conv3,256,1024,1,1,0,1.1202256083488464,0.026298475350202914,0.49116216598122997,l40s
resnet152,gemm,421,layer3.0.downsample.0,512,1024,1,2,0,1.9052240014076234,0.07041959964234029,0.835344184454126,l40s
resnet152,gemm,421,layer3.1.conv1,1024,256,1,1,0,1.104532790184021,0.025441775452070516,0.48428166039133724,l40s
resnet152,gemm,421,layer3.1.conv2,256,256,3,1,1,1.2448287963867188,0.021822789744543512,0.5457943501312192,l40s
resnet152,gemm,421,layer3.1.conv3,256,1024,1,1,0,1.1486736059188842,0.05175736562953052,0.5036351714188788,l40s
resnet152,gemm,421,layer3.2.conv1,1024,256,1,1,0,1.0957359969615936,0.0278035513983826,0.4804247123081874,l40s
resnet152,gemm,421,layer3.2.conv2,256,256,3,1,1,1.2379200041294098,0.028844527391502207,0.5427651948038242,l40s
resnet152,gemm,421,layer3.2.conv3,256,1024,1,1,0,1.1636047959327698,0.0536762275425762,0.5101817416572674,l40s
resnet152,gemm,421,layer3.3.conv1,1024,256,1,1,0,1.1091904044151306,0.0343018740575487,0.48632378822434463,l40s
resnet152,gemm,421,layer3.3.conv2,256,256,3,1,1,1.2391503989696502,0.022800529535713113,0.5433046605955725,l40s
resnet152,gemm,421,layer3.3.conv3,256,1024,1,1,0,1.117147195339203,0.036307028473298454,0.4898124378636681,l40s
resnet152,gemm,421,layer3.4.conv1,1024,256,1,1,0,1.0978543937206269,0.028557181455356833,0.48135352194512115,l40s
resnet152,gemm,421,layer3.4.conv2,256,256,3,1,1,1.2444463968276978,0.025838509269661383,0.5456266873012685,l40s
resnet152,gemm,421,layer3.4.conv3,256,1024,1,1,0,1.1627728015184402,0.05961269277717529,0.5098169542648164,l40s
resnet152,gemm,421,layer3.5.conv1,1024,256,1,1,0,1.108819192647934,0.03515911993538153,0.48616103067420907,l40s
resnet152,gemm,421,layer3.5.conv2,256,256,3,1,1,1.232918417453766,0.029088254805830053,0.540572252483417,l40s
resnet152,gemm,421,layer3.5.conv3,256,1024,1,1,0,1.1481887996196747,0.042227014395069686,0.5034226084224372,l40s
resnet152,gemm,421,layer3.6.conv1,1024,256,1,1,0,1.093214398622513,0.027630608529907924,0.4793191192091481,l40s
resnet152,gemm,421,layer3.6.conv2,256,256,3,1,1,1.2357312083244323,0.024860719808764083,0.5418055187524545,l40s
resnet152,gemm,421,layer3.6.conv3,256,1024,1,1,0,1.1403167963027954,0.039910298153109716,0.4999711338525702,l40s
resnet152,gemm,421,layer3.7.conv1,1024,256,1,1,0,1.1061791896820068,0.0291498721014261,0.485003523146013,l40s
resnet152,gemm,421,layer3.7.conv2,256,256,3,1,1,1.234960001707077,0.03519874194473637,0.5414673837287806,l40s
resnet152,gemm,421,layer3.7.conv3,256,1024,1,1,0,1.1403488010168075,0.04826527204487399,0.49998516629794426,l40s
resnet152,gemm,421,layer3.8.conv1,1024,256,1,1,0,1.0929920017719268,0.03209558493975125,0.47922160945930203,l40s
resnet152,gemm,421,layer3.8.conv2,256,256,3,1,1,1.233840012550354,0.02233097976483919,0.5409763252348558,l40s
resnet152,gemm,421,layer3.8.conv3,256,1024,1,1,0,1.1524847984313964,0.040965065380422765,0.5053061862175638,l40s
resnet152,gemm,421,layer3.9.conv1,1024,256,1,1,0,1.0950544059276581,0.024053285252784804,0.48012586917690553,l40s
resnet152,gemm,421,layer3.9.conv2,256,256,3,1,1,1.2400288045406342,0.028904715897790922,0.5436897969285032,l40s
resnet152,gemm,421,layer3.9.conv3,256,1024,1,1,0,1.1296384036540985,0.0428968252480884,0.4952891997640766,l40s
resnet152,gemm,421,layer3.10.conv1,1024,256,1,1,0,1.0820575952529907,0.024768179554064875,0.4744274262612622,l40s
resnet152,gemm,421,layer3.10.conv2,256,256,3,1,1,1.2379184126853944,0.025241842587040878,0.542764497036264,l40s
resnet152,gemm,421,layer3.10.conv3,256,1024,1,1,0,1.1556400060653687,0.05376921881410582,0.506689584886611,l40s
resnet152,gemm,421,layer3.11.conv1,1024,256,1,1,0,1.090668797492981,0.031231362664720555,0.4782030021027484,l40s
resnet152,gemm,421,layer3.11.conv2,256,256,3,1,1,1.246620810031891,0.029346573643601274,0.5465800573109793,l40s
resnet152,gemm,421,layer3.11.conv3,256,1024,1,1,0,1.1330607950687408,0.029207900783223977,0.4967897449824,l40s
resnet152,gemm,421,layer3.12.conv1,1024,256,1,1,0,1.0951264083385468,0.03446230894632241,0.48015743858562493,l40s
resnet152,gemm,421,layer3.12.conv2,256,256,3,1,1,1.2333263874053955,0.021870556920356797,0.5407511266348417,l40s
resnet152,gemm,421,layer3.12.conv3,256,1024,1,1,0,1.144463986158371,0.044087965369160924,0.5017894664607688,l40s
resnet152,gemm,421,layer3.13.conv1,1024,256,1,1,0,1.118065595626831,0.03510959014599156,0.4902151098532632,l40s
resnet152,gemm,421,layer3.13.conv2,256,256,3,1,1,1.2341935992240907,0.03059195522847303,0.5411313550745955,l40s
resnet152,gemm,421,layer3.13.conv3,256,1024,1,1,0,1.1342368006706238,0.03790388976387265,0.4973053638491016,l40s
resnet152,gemm,421,layer3.14.conv1,1024,256,1,1,0,1.0861968100070953,0.02973882652532933,0.4762422621915746,l40s
resnet152,gemm,421,layer3.14.conv2,256,256,3,1,1,1.2336192011833191,0.0301639201294024,0.5408795106392086,l40s
resnet152,gemm,421,layer3.14.conv3,256,1024,1,1,0,1.1403376013040543,0.055889481036482315,0.499980255791406,l40s
resnet152,gemm,421,layer3.15.conv1,1024,256,1,1,0,1.1063679993152618,0.03408293120152553,0.48508630660296714,l40s
resnet152,gemm,421,layer3.15.conv2,256,256,3,1,1,1.2484512031078339,0.03077003336299047,0.5473825919263968,l40s
resnet152,gemm,421,layer3.15.conv3,256,1024,1,1,0,1.132916808128357,0.04157702972110394,0.49672661400504603,l40s
resnet152,gemm,421,layer3.16.conv1,1024,256,1,1,0,1.1046256005764008,0.03815829476511994,0.4843223530455732,l40s
resnet152,gemm,421,layer3.16.conv2,256,256,3,1,1,1.2345407962799073,0.02429243692130271,0.5412835833906475,l40s
resnet152,gemm,421,layer3.16.conv3,256,1024,1,1,0,1.1460175931453704,0.053693849459678804,0.5024706444012937,l40s
resnet152,gemm,421,layer3.17.conv1,1024,256,1,1,0,1.0903695940971374,0.02286530324370268,0.47807181657469383,l40s
resnet152,gemm,421,layer3.17.conv2,256,256,3,1,1,1.2293391942977905,0.028558038784471846,0.539002944493386,l40s
resnet152,gemm,421,layer3.17.conv3,256,1024,1,1,0,1.1346159875392914,0.04136656405660065,0.4974716180771234,l40s
resnet152,gemm,421,layer3.18.conv1,1024,256,1,1,0,1.1019327998161317,0.03709470797009644,0.4831416963598908,l40s
resnet152,gemm,421,layer3.18.conv2,256,256,3,1,1,1.2315712034702302,0.024042532502907343,0.5399815674167108,l40s
resnet152,gemm,421,layer3.18.conv3,256,1024,1,1,0,1.1504047989845276,0.04707926911711232,0.5043942118563728,l40s
resnet152,gemm,421,layer3.19.conv1,1024,256,1,1,0,1.0960575938224792,0.02594412847761056,0.48056571623595706,l40s
resnet152,gemm,421,layer3.19.conv2,256,256,3,1,1,1.2346496045589448,0.03144186331546326,0.5413312903075493,l40s
resnet152,gemm,421,layer3.19.conv3,256,1024,1,1,0,1.1241136133670806,0.041871989326235884,0.4928668591714852,l40s
resnet152,gemm,421,layer3.20.conv1,1024,256,1,1,0,1.0937375962734222,0.033295024321481674,0.4795485148679705,l40s
resnet152,gemm,421,layer3.20.conv2,256,256,3,1,1,1.2398880004882813,0.022862375230191863,0.5436280614862697,l40s
resnet152,gemm,421,layer3.20.conv3,256,1024,1,1,0,1.1467040061950684,0.04280720220885193,0.5027716017421497,l40s
resnet152,gemm,421,layer3.21.conv1,1024,256,1,1,0,1.100438392162323,0.035331512834010856,0.48248647432726344,l40s
resnet152,gemm,421,layer3.21.conv2,256,256,3,1,1,1.2297327995300293,0.030147024208552135,0.5391755204432368,l40s
resnet152,gemm,421,layer3.21.conv3,256,1024,1,1,0,1.1358160078525543,0.04832114878604667,0.49799776617790864,l40s
resnet152,gemm,421,layer3.22.conv1,1024,256,1,1,0,1.0847567975521089,0.027275487862436776,0.4756108896973557,l40s
resnet152,gemm,421,layer3.22.conv2,256,256,3,1,1,1.224463987350464,0.02538015511659467,0.5368654132800218,l40s
resnet152,gemm,421,layer3.22.conv3,256,1024,1,1,0,1.1542735934257506,0.046236861617508396,0.5060904821820333,l40s
resnet152,gemm,421,layer3.23.conv1,1024,256,1,1,0,1.103963202238083,0.03197676250307692,0.48403192493880093,l40s
resnet152,gemm,421,layer3.23.conv2,256,256,3,1,1,1.2224448084831239,0.02092323800725,0.5359801056610967,l40s
resnet152,gemm,421,layer3.23.conv3,256,1024,1,1,0,1.1332592159509658,0.04343123453539176,0.49687674248501307,l40s
resnet152,gemm,421,layer3.24.conv1,1024,256,1,1,0,1.0945936024188996,0.023159312785343163,0.47992383018782436,l40s
resnet152,gemm,421,layer3.24.conv2,256,256,3,1,1,1.2382719933986663,0.03017666133092116,0.5429195242626419,l40s
resnet152,gemm,421,layer3.24.conv3,256,1024,1,1,0,1.1614671975374222,0.04876786641509129,0.5092445130757816,l40s
resnet152,gemm,421,layer3.25.conv1,1024,256,1,1,0,1.1179199934005737,0.04853522726848854,0.4901512706549023,l40s
resnet152,gemm,421,layer3.25.conv2,256,256,3,1,1,1.232407993078232,0.026677108445100378,0.5403484572586083,l40s
resnet152,gemm,421,layer3.25.conv3,256,1024,1,1,0,1.1217648029327392,0.03304537581452068,0.4918370248132876,l40s
resnet152,gemm,421,layer3.26.conv1,1024,256,1,1,0,1.0948128163814546,0.03255106574412478,0.48001994440254986,l40s
resnet152,gemm,421,layer3.26.conv2,256,256,3,1,1,1.2450496137142182,0.024308430719053364,0.5458911673402282,l40s
resnet152,gemm,421,layer3.26.conv3,256,1024,1,1,0,1.150380790233612,0.04268561666363916,0.5043836852356507,l40s
resnet152,gemm,421,layer3.27.conv1,1024,256,1,1,0,1.090457594394684,0.020580710113612483,0.47811040024607915,l40s
resnet152,gemm,421,layer3.27.conv2,256,256,3,1,1,1.2327407956123353,0.02858900032219518,0.5404943743062779,l40s
resnet152,gemm,421,layer3.27.conv3,256,1024,1,1,0,1.135369598865509,0.0344988985228318,0.4978020384572098,l40s
resnet152,gemm,421,layer3.28.conv1,1024,256,1,1,0,1.0845040082931519,0.02511091581484184,0.4755000544164616,l40s
resnet152,gemm,421,layer3.28.conv2,256,256,3,1,1,1.236059194803238,0.0266063498765921,0.541949324203912,l40s
resnet152,gemm,421,layer3.28.conv3,256,1024,1,1,0,1.154300794005394,0.04912263202471715,0.5061024082579184,l40s
resnet152,gemm,421,layer3.29.conv1,1024,256,1,1,0,1.0954911887645722,0.019699971571315353,0.4803173763185413,l40s
resnet152,gemm,421,layer3.29.conv2,256,256,3,1,1,1.2308255970478057,0.01809247644507781,0.5396546567813189,l40s
resnet152,gemm,421,layer3.29.conv3,256,1024,1,1,0,1.1389615952968597,0.04624431616873141,0.4993769468812543,l40s
resnet152,gemm,421,layer3.30.conv1,1024,256,1,1,0,1.098527991771698,0.02495216006464635,0.48164886055843176,l40s
resnet152,gemm,421,layer3.30.conv2,256,256,3,1,1,1.2283167958259582,0.020014577262599354,0.5385546745697398,l40s
resnet152,gemm,421,layer3.30.conv3,256,1024,1,1,0,1.154855990409851,0.05262248662980737,0.5063458337487533,l40s
resnet152,gemm,421,layer3.31.conv1,1024,256,1,1,0,1.1071984052658081,0.02828605190275634,0.4854503975345387,l40s
resnet152,gemm,421,layer3.31.conv2,256,256,3,1,1,1.2393808007240295,0.02624246661016061,0.543405680090113,l40s
resnet152,gemm,421,layer3.31.conv3,256,1024,1,1,0,1.1304832011461259,0.045104762068876446,0.4956596006573496,l40s
resnet152,gemm,421,layer3.32.conv1,1024,256,1,1,0,1.0952383875846863,0.033923900996313955,0.480206535810924,l40s
resnet152,gemm,421,layer3.32.conv2,256,256,3,1,1,1.231521612405777,0.020664746169800713,0.5399598242477914,l40s
resnet152,gemm,421,layer3.32.conv3,256,1024,1,1,0,1.1633424043655396,0.05155158287268201,0.5100666962507568,l40s
resnet152,gemm,421,layer3.33.conv1,1024,256,1,1,0,1.095767992734909,0.029674673677088308,0.48043874083351906,l40s
resnet152,gemm,421,layer3.33.conv2,256,256,3,1,1,1.2391840040683746,0.032940360939908805,0.5433193947285493,l40s
resnet152,gemm,421,layer3.33.conv3,256,1024,1,1,0,1.136550396680832,0.04384626926161474,0.4983197584666771,l40s
resnet152,gemm,421,layer3.34.conv1,1024,256,1,1,0,1.0981887936592103,0.0305638253004181,0.48150013937371283,l40s
resnet152,gemm,421,layer3.34.conv2,256,256,3,1,1,1.2501535892486573,0.031570981503423814,0.5481290019870413,l40s
resnet152,gemm,421,layer3.34.conv3,256,1024,1,1,0,1.1591663867235185,0.05029820839209423,0.508235724118943,l40s
resnet152,gemm,421,layer3.35.conv1,1024,256,1,1,0,1.1046400010585784,0.036947571899086394,0.484328666927317,l40s
resnet152,gemm,421,layer3.35.conv2,256,256,3,1,1,1.2380367994308472,0.023818516071955606,0.5428164036253356,l40s
resnet152,gemm,421,layer3.35.conv3,256,1024,1,1,0,1.124214380979538,0.03432097128805123,0.4929110406635226,l40s
resnet152,gemm,421,layer4.0.conv1,1024,512,1,1,0,1.4116447985172271,0.02855133281215937,0.6189347142829689,l40s
resnet152,gemm,421,layer4.0.conv2,512,512,3,2,1,1.9257712066173553,0.027646710207392785,0.8443530927851433,l40s
resnet152,gemm,421,layer4.0.conv3,512,2048,1,1,0,1.2642863988876343,0.03778446028608959,0.5543255228859982,l40s
resnet152,gemm,421,layer4.0.downsample.0,1024,2048,1,2,0,2.047108793258667,0.03205853368117216,0.8975534761949849,l40s
resnet152,gemm,421,layer4.1.conv1,2048,512,1,1,0,1.2706351935863496,0.031490033525734616,0.5571091476597502,l40s
resnet152,gemm,421,layer4.1.conv2,512,512,3,1,1,1.841439998149872,0.025057234551340284,0.8073781310435034,l40s
resnet152,gemm,421,layer4.1.conv3,512,2048,1,1,0,1.2825535774230956,0.03409993978616551,0.5623347550522468,l40s
resnet152,gemm,421,layer4.2.conv1,2048,512,1,1,0,1.2649904131889342,0.03215736501834151,0.5546341974838036,l40s
resnet152,gemm,421,layer4.2.conv2,512,512,3,1,1,1.8229232013225556,0.01907338231044491,0.7992594539047579,l40s
resnet152,gemm,421,layer4.2.conv3,512,2048,1,1,0,1.2562832057476043,0.022708050418168518,0.5508165282262376,l40s
resnet152,gemm,424,conv1,3,64,7,2,3,2.053380811214447,0.04403423332385748,0.8952058420783942,l40s
resnet152,gemm,424,layer1.0.conv1,64,64,1,1,0,1.260233610868454,0.07376241635670333,0.5494200026958216,l40s
resnet152,gemm,424,layer1.0.conv2,64,64,3,1,1,1.4065183997154236,0.06774522321845222,0.6131953125983037,l40s
resnet152,gemm,424,layer1.0.conv3,64,256,1,1,0,2.165291202068329,0.08712987485647605,0.9439950560101342,l40s
resnet152,gemm,424,layer1.0.downsample.0,64,256,1,1,0,2.542187201976776,0.125217339811934,1.1083091954680113,l40s
resnet152,gemm,424,layer1.1.conv1,256,64,1,1,0,2.2161792039871218,0.3222091760198529,0.9661805348850716,l40s
resnet152,gemm,424,layer1.1.conv2,64,64,3,1,1,1.48229438662529,0.320957979407873,0.6462311264134957,l40s
resnet152,gemm,424,layer1.1.conv3,64,256,1,1,0,2.189851188659668,0.16273322310590474,0.9547023945407452,l40s
resnet152,gemm,424,layer1.2.conv1,256,64,1,1,0,2.0728591680526733,0.044781105164078155,0.9036977587946875,l40s
resnet152,gemm,424,layer1.2.conv2,64,64,3,1,1,1.3929391860961915,0.0747734969855212,0.6072752264182943,l40s
resnet152,gemm,424,layer1.2.conv3,64,256,1,1,0,2.294644796848297,0.0907139266197225,1.0003889275747473,l40s
resnet152,gemm,424,layer2.0.conv1,256,128,1,1,0,2.4594048142433165,0.03724664790591084,1.072218823572327,l40s
resnet152,gemm,424,layer2.0.conv2,128,128,3,2,1,1.3495647966861726,0.02587835421735833,0.5883654330743762,l40s
resnet152,gemm,424,layer2.0.conv3,128,512,1,1,0,1.388518399000168,0.056654797080150573,0.605347910056258,l40s
resnet152,gemm,424,layer2.0.downsample.0,256,512,1,2,0,2.496710419654846,0.11407345894654528,1.0884828286337753,l40s
resnet152,gemm,424,layer2.1.conv1,512,128,1,1,0,1.2873759984970092,0.029037699413024965,0.5612531823185862,l40s
resnet152,gemm,424,layer2.1.conv2,128,128,3,1,1,1.1303856134414674,0.029387625142468624,0.4928105879959396,l40s
resnet152,gemm,424,layer2.1.conv3,128,512,1,1,0,1.3619679927825927,0.07615299019369456,0.5937728146693139,l40s
resnet152,gemm,424,layer2.2.conv1,512,128,1,1,0,1.284228789806366,0.024520690350664082,0.5598811038464799,l40s
resnet152,gemm,424,layer2.2.conv2,128,128,3,1,1,1.1074976086616517,0.0186184817227106,0.48283217800958594,l40s
resnet152,gemm,424,layer2.2.conv3,128,512,1,1,0,1.4613407909870149,0.44233645146912065,0.6370960545722242,l40s
resnet152,gemm,424,layer2.3.conv1,512,128,1,1,0,1.339364802837372,0.1716292758411595,0.5839185744923047,l40s
resnet152,gemm,424,layer2.3.conv2,128,128,3,1,1,1.1186224102973938,0.028881411180215602,0.48768222207442236,l40s
resnet152,gemm,424,layer2.3.conv3,128,512,1,1,0,1.4327088057994843,0.269226168628837,0.6246134598824356,l40s
resnet152,gemm,424,layer2.4.conv1,512,128,1,1,0,1.2904640018939972,0.0344151331404182,0.5625994492488333,l40s
resnet152,gemm,424,layer2.4.conv2,128,128,3,1,1,1.1117552161216735,0.018931902047330293,0.4846883534694286,l40s
resnet152,gemm,424,layer2.4.conv3,128,512,1,1,0,1.365915209054947,0.0652489707060746,0.5954936698792486,l40s
resnet152,gemm,424,layer2.5.conv1,512,128,1,1,0,1.2995728075504303,0.02717100673121556,0.566570586016773,l40s
resnet152,gemm,424,layer2.5.conv2,128,128,3,1,1,1.1059888064861298,0.025524701841117485,0.48217439036752213,l40s
resnet152,gemm,424,layer2.5.conv3,128,512,1,1,0,1.358430403470993,0.06523593810723384,0.5922305432107893,l40s
resnet152,gemm,424,layer2.6.conv1,512,128,1,1,0,1.2929184019565583,0.03266194469719444,0.5636694861668771,l40s
resnet152,gemm,424,layer2.6.conv2,128,128,3,1,1,1.109468799829483,0.022606310180814233,0.48369155189662066,l40s
resnet152,gemm,424,layer2.6.conv3,128,512,1,1,0,1.3676607847213744,0.06926894271268914,0.5962546829002341,l40s
resnet152,gemm,424,layer2.7.conv1,512,128,1,1,0,1.3010351955890656,0.031922111974869244,0.5672081386365413,l40s
resnet152,gemm,424,layer2.7.conv2,128,128,3,1,1,1.1143071949481964,0.032544932569479816,0.48580093148802445,l40s
resnet152,gemm,424,layer2.7.conv3,128,512,1,1,0,1.3550719976425172,0.07238674535443922,0.5907663898003249,l40s
resnet152,gemm,424,layer3.0.conv1,512,256,1,1,0,1.6485599815845489,0.03167669702932602,0.7187174042297074,l40s
resnet152,gemm,424,layer3.0.conv2,256,256,3,2,1,1.5783871829509735,0.03457426136744267,0.6881243944242763,l40s
resnet152,gemm,424,layer3.0.conv3,256,1024,1,1,0,1.1441600024700165,0.03668318614164797,0.49881576417274665,l40s
resnet152,gemm,424,layer3.0.downsample.0,512,1024,1,2,0,1.757755196094513,0.0660462157535186,0.7663228914449643,l40s
resnet152,gemm,424,layer3.1.conv1,1024,256,1,1,0,1.111459195613861,0.025504545961780378,0.48455929835869543,l40s
resnet152,gemm,424,layer3.1.conv2,256,256,3,1,1,1.2646207928657531,0.029084558249942768,0.5513326683508203,l40s
resnet152,gemm,424,layer3.1.conv3,256,1024,1,1,0,1.0351312011480331,0.048021641344274224,0.4512828275809617,l40s
resnet152,gemm,424,layer3.2.conv1,1024,256,1,1,0,1.09653599858284,0.03192820123693925,0.4780532800440722,l40s
resnet152,gemm,424,layer3.2.conv2,256,256,3,1,1,1.2423744022846221,0.02513416290408097,0.5416339808474498,l40s
resnet152,gemm,424,layer3.2.conv3,256,1024,1,1,0,1.0315039932727814,0.05624522334020166,0.4497014854048665,l40s
resnet152,gemm,424,layer3.3.conv1,1024,256,1,1,0,1.1008224070072175,0.02738301457727046,0.4799220117679103,l40s
resnet152,gemm,424,layer3.3.conv2,256,256,3,1,1,1.253329610824585,0.026064632744354558,0.546410087954617,l40s
resnet152,gemm,424,layer3.3.conv3,256,1024,1,1,0,1.0259855955839157,0.051084604067920335,0.44729564727537563,l40s
resnet152,gemm,424,layer3.4.conv1,1024,256,1,1,0,1.0982879996299744,0.03309728804151242,0.47881709431766256,l40s
resnet152,gemm,424,layer3.4.conv2,256,256,3,1,1,1.2342384040355683,0.01784263728456837,0.5380869558027457,l40s
resnet152,gemm,424,layer3.4.conv3,256,1024,1,1,0,1.018878385424614,0.04827768567056917,0.444197139672335,l40s
resnet152,gemm,424,layer3.5.conv1,1024,256,1,1,0,1.0975375950336457,0.03753185668180016,0.4784899428341739,l40s
resnet152,gemm,424,layer3.5.conv2,256,256,3,1,1,1.2452703952789306,0.027448540943079497,0.542896537618685,l40s
resnet152,gemm,424,layer3.5.conv3,256,1024,1,1,0,1.0177983969449997,0.04742748348024288,0.4437263005610276,l40s
resnet152,gemm,424,layer3.6.conv1,1024,256,1,1,0,1.099865597486496,0.0326965353848892,0.47950487459197666,l40s
resnet152,gemm,424,layer3.6.conv2,256,256,3,1,1,1.2421679973602295,0.029866717409501847,0.5415439951550051,l40s
resnet152,gemm,424,layer3.6.conv3,256,1024,1,1,0,1.107491210103035,0.3197006012410263,0.48282938845052153,l40s
resnet152,gemm,424,layer3.7.conv1,1024,256,1,1,0,1.1118047952651977,0.035787393829817576,0.4847099683295099,l40s
resnet152,gemm,424,layer3.7.conv2,256,256,3,1,1,1.2439167857170106,0.02908701575670275,0.542306408802293,l40s
resnet152,gemm,424,layer3.7.conv3,256,1024,1,1,0,1.0218687921762466,0.050106032715002004,0.44550085770633613,l40s
resnet152,gemm,424,layer3.8.conv1,1024,256,1,1,0,1.0972639858722686,0.02704141381703384,0.47837065832621845,l40s
resnet152,gemm,424,layer3.8.conv2,256,256,3,1,1,1.2420816004276276,0.028609177899710948,0.5415063289615837,l40s
resnet152,gemm,424,layer3.8.conv3,256,1024,1,1,0,1.0212415903806686,0.056054919978257706,0.44522741855247977,l40s
resnet152,gemm,424,layer3.9.conv1,1024,256,1,1,0,1.0806848108768463,0.022852810260249105,0.47114268861320446,l40s
resnet152,gemm,424,layer3.9.conv2,256,256,3,1,1,1.2355264008045197,0.021190617446429857,0.538648479620367,l40s
resnet152,gemm,424,layer3.9.conv3,256,1024,1,1,0,1.0285375982522964,0.04953830553160264,0.44840823568822974,l40s
resnet152,gemm,424,layer3.10.conv1,1024,256,1,1,0,1.0950304031372071,0.032389892308188825,0.4773968904297463,l40s
resnet152,gemm,424,layer3.10.conv2,256,256,3,1,1,1.2390736043453217,0.02458932041768155,0.5401949425635407,l40s
resnet152,gemm,424,layer3.10.conv3,256,1024,1,1,0,1.0262303918600082,0.0497722686884585,0.44740237032220664,l40s
resnet152,gemm,424,layer3.11.conv1,1024,256,1,1,0,1.1087168097496032,0.030069356370226515,0.4833637091949567,l40s
resnet152,gemm,424,layer3.11.conv2,256,256,3,1,1,1.2379232048988342,0.02699166118505671,0.5396934066089847,l40s
resnet152,gemm,424,layer3.11.conv3,256,1024,1,1,0,1.0177791863679886,0.04518000582222546,0.443717925387423,l40s
resnet152,gemm,424,layer3.12.conv1,1024,256,1,1,0,1.1057056069374085,0.03507647294392176,0.48205092476917594,l40s
resnet152,gemm,424,layer3.12.conv2,256,256,3,1,1,1.236030387878418,0.023548546664853915,0.538868201247462,l40s
resnet152,gemm,424,layer3.12.conv3,256,1024,1,1,0,1.0196592032909393,0.06286895100736271,0.44453755033153475,l40s
resnet152,gemm,424,layer3.13.conv1,1024,256,1,1,0,1.1069695949554443,0.03061151689956518,0.482601981568715,l40s
resnet152,gemm,424,layer3.13.conv2,256,256,3,1,1,1.2339664101600647,0.031034201698102955,0.5379683755057884,l40s
resnet152,gemm,424,layer3.13.conv3,256,1024,1,1,0,1.0108127921819687,0.04584160041570169,0.4406808088723147,l40s
resnet152,gemm,424,layer3.14.conv1,1024,256,1,1,0,1.0918623983860016,0.02261713990440171,0.4760157455658601,l40s
resnet152,gemm,424,layer3.14.conv2,256,256,3,1,1,1.23958078622818,0.025346989339241233,0.5404160570212445,l40s
resnet152,gemm,424,layer3.14.conv3,256,1024,1,1,0,1.026619201898575,0.06734350994430617,0.4475718785868611,l40s
resnet152,gemm,424,layer3.15.conv1,1024,256,1,1,0,1.1069519877433778,0.03194476512456679,0.4825943054089794,l40s
resnet152,gemm,424,layer3.15.conv2,256,256,3,1,1,1.245494395494461,0.03373572376547961,0.5429941942737363,l40s
resnet152,gemm,424,layer3.15.conv3,256,1024,1,1,0,1.0315695971250534,0.05350816620566474,0.4497300865057904,l40s
resnet152,gemm,424,layer3.16.conv1,1024,256,1,1,0,1.1053664088249207,0.03538356322539028,0.48190304565670794,l40s
resnet152,gemm,424,layer3.16.conv2,256,256,3,1,1,1.2377103924751283,0.02586005978211073,0.5396006274596287,l40s
resnet152,gemm,424,layer3.16.conv3,256,1024,1,1,0,1.019071999192238,0.05240410509076926,0.44428154884521576,l40s
resnet152,gemm,424,layer3.17.conv1,1024,256,1,1,0,1.09964479804039,0.03075932077148474,0.4794086133660988,l40s
resnet152,gemm,424,layer3.17.conv2,256,256,3,1,1,1.2317599833011628,0.029823069207875825,0.5370064466694906,l40s
resnet152,gemm,424,layer3.17.conv3,256,1024,1,1,0,1.0303104043006897,0.04582713729019833,0.4491811202514467,l40s
resnet152,gemm,424,layer3.18.conv1,1024,256,1,1,0,1.1007776081562042,0.037830256982403,0.4799024809566128,l40s
resnet152,gemm,424,layer3.18.conv2,256,256,3,1,1,1.2249247968196868,0.02003599085602416,0.53402653235623,l40s
resnet152,gemm,424,layer3.18.conv3,256,1024,1,1,0,1.0375728011131287,0.0704784029760617,0.45234728408159464,l40s
resnet152,gemm,424,layer3.19.conv1,1024,256,1,1,0,1.0957104027271272,0.029942409308981486,0.4776933476685511,l40s
resnet152,gemm,424,layer3.19.conv2,256,256,3,1,1,1.2318992018699646,0.029478764395716953,0.5370671413421185,l40s
resnet152,gemm,424,layer3.19.conv3,256,1024,1,1,0,1.0093376100063325,0.04465780740824705,0.4400376784336999,l40s
resnet152,gemm,424,layer3.20.conv1,1024,256,1,1,0,1.1059151947498322,0.04065801305991577,0.48214229809510034,l40s
resnet152,gemm,424,layer3.20.conv2,256,256,3,1,1,1.2354287922382354,0.025994252308836795,0.538605925526992,l40s
resnet152,gemm,424,layer3.20.conv3,256,1024,1,1,0,1.0178319931030273,0.04388411441932872,0.44374094737021824,l40s
resnet152,gemm,424,layer3.21.conv1,1024,256,1,1,0,1.0985311985015869,0.028788969392918234,0.47892312094918915,l40s
resnet152,gemm,424,layer3.21.conv2,256,256,3,1,1,1.2402720034122467,0.0324057828387162,0.5407174047585673,l40s
resnet152,gemm,424,layer3.21.conv3,256,1024,1,1,0,1.015689593553543,0.054148677906100756,0.44280693231451596,l40s
resnet152,gemm,424,layer3.22.conv1,1024,256,1,1,0,1.0962639987468719,0.025672194966204438,0.47793469714855025,l40s
resnet152,gemm,424,layer3.22.conv2,256,256,3,1,1,1.2352511882781982,0.03170674057423785,0.5385284960985426,l40s
resnet152,gemm,424,layer3.22.conv3,256,1024,1,1,0,1.0266047954559325,0.0689657087805601,0.4475655978562988,l40s
resnet152,gemm,424,layer3.23.conv1,1024,256,1,1,0,1.1155567944049836,0.03361809590013291,0.486345715352695,l40s
resnet152,gemm,424,layer3.23.conv2,256,256,3,1,1,1.2309311985969544,0.02131355866309744,0.5366451240619253,l40s
resnet152,gemm,424,layer3.23.conv3,256,1024,1,1,0,1.0219247847795487,0.04332180492036873,0.4455252686218933,l40s
resnet152,gemm,424,layer3.24.conv1,1024,256,1,1,0,1.1049904108047486,0.02960769061944083,0.4817391230065938,l40s
resnet152,gemm,424,layer3.24.conv2,256,256,3,1,1,1.2436495900154114,0.031040159135733585,0.5421899203498133,l40s
resnet152,gemm,424,layer3.24.conv3,256,1024,1,1,0,1.027496001124382,0.05999519432411421,0.44795413393130845,l40s
resnet152,gemm,424,layer3.25.conv1,1024,256,1,1,0,1.0856592059135437,0.025730075597011286,0.47331135965236915,l40s
resnet152,gemm,424,layer3.25.conv2,256,256,3,1,1,1.2384992003440858,0.021593950391627093,0.5399445214946327,l40s
resnet152,gemm,424,layer3.25.conv3,256,1024,1,1,0,1.0203888058662414,0.05028921693904704,0.4448556328246791,l40s
resnet152,gemm,424,layer3.26.conv1,1024,256,1,1,0,1.1038399934768677,0.029386172743715373,0.4812375792563441,l40s
resnet152,gemm,424,layer3.26.conv2,256,256,3,1,1,1.2306944012641907,0.02058499633599842,0.5365418882887453,l40s
resnet152,gemm,424,layer3.26.conv3,256,1024,1,1,0,1.0274000018835068,0.061096412487291474,0.44791228145036704,l40s
resnet152,gemm,424,layer3.27.conv1,1024,256,1,1,0,1.0935103952884675,0.030138358289574,0.47673421748629363,l40s
resnet152,gemm,424,layer3.27.conv2,256,256,3,1,1,1.243345594406128,0.027714507366895905,0.5420573883596874,l40s
resnet152,gemm,424,layer3.27.conv3,256,1024,1,1,0,1.0312703937292098,0.052589556861169125,0.44959964376157746,l40s
resnet152,gemm,424,layer3.28.conv1,1024,256,1,1,0,1.093636804819107,0.030784631295170218,0.4767893278436637,l40s
resnet152,gemm,424,layer3.28.conv2,256,256,3,1,1,1.231665599346161,0.0307249680854114,0.5369652983995473,l40s
resnet152,gemm,424,layer3.28.conv3,256,1024,1,1,0,1.013887992501259,0.04654132527110877,0.4420214940858683,l40s
resnet152,gemm,424,layer3.29.conv1,1024,256,1,1,0,1.101249599456787,0.030636907057064684,0.48010825348910385,l40s
resnet152,gemm,424,layer3.29.conv2,256,256,3,1,1,1.2472256004810334,0.03148833586462464,0.5437489421555469,l40s
resnet152,gemm,424,layer3.29.conv3,256,1024,1,1,0,1.0147983968257903,0.04410815722036354,0.4424184001373532,l40s
resnet152,gemm,424,layer3.30.conv1,1024,256,1,1,0,1.0892991900444031,0.018968001578447434,0.47489827185161715,l40s
resnet152,gemm,424,layer3.30.conv2,256,256,3,1,1,1.24129279255867,0.029958834920312344,0.5411624349265798,l40s
resnet152,gemm,424,layer3.30.conv3,256,1024,1,1,0,1.0370431989431381,0.06297985490654406,0.4521163951232661,l40s
resnet152,gemm,424,layer3.31.conv1,1024,256,1,1,0,1.101724809408188,0.019895886104246113,0.48031542924646187,l40s
resnet152,gemm,424,layer3.31.conv2,256,256,3,1,1,1.230158394575119,0.026194048677103444,0.5363082071727879,l40s
resnet152,gemm,424,layer3.31.conv3,256,1024,1,1,0,1.0135487973690034,0.054322765723553164,0.4418736162726826,l40s
resnet152,gemm,424,layer3.32.conv1,1024,256,1,1,0,1.105651193857193,0.03683290189567707,0.4820272024732294,l40s
resnet152,gemm,424,layer3.32.conv2,256,256,3,1,1,1.2325407981872558,0.03378571557918837,0.537346856029408,l40s
resnet152,gemm,424,layer3.32.conv3,256,1024,1,1,0,1.0162496000528336,0.04889666817433577,0.4430510765507087,l40s
resnet152,gemm,424,layer3.33.conv1,1024,256,1,1,0,1.087447988986969,0.021719205272861516,0.4740912096679122,l40s
resnet152,gemm,424,layer3.33.conv2,256,256,3,1,1,1.2402703940868378,0.03038622775144623,0.5407167031461337,l40s
resnet152,gemm,424,layer3.33.conv3,256,1024,1,1,0,1.0299423962831498,0.05934942839606619,0.44902068097713665,l40s
resnet152,gemm,424,layer3.34.conv1,1024,256,1,1,0,1.0973775923252105,0.028317165881366204,0.47842018696689526,l40s
resnet152,gemm,424,layer3.34.conv2,256,256,3,1,1,1.2466191947460175,0.03634623931955012,0.5434845693934702,l40s
resnet152,gemm,424,layer3.34.conv3,256,1024,1,1,0,1.0245712101459503,0.06560832532301007,0.4466790221953603,l40s
resnet152,gemm,424,layer3.35.conv1,1024,256,1,1,0,1.0990927875041963,0.03201109178003288,0.4791679551042749,l40s
resnet152,gemm,424,layer3.35.conv2,256,256,3,1,1,1.240175998210907,0.02303136528072362,0.5406755496790614,l40s
resnet152,gemm,424,layer3.35.conv3,256,1024,1,1,0,1.0158831924200058,0.05460493480003296,0.44289133499098526,l40s
resnet152,gemm,424,layer4.0.conv1,1024,512,1,1,0,1.424020802974701,0.037199408098540346,0.6208257791744719,l40s
resnet152,gemm,424,layer4.0.conv2,512,512,3,2,1,1.9234416007995605,0.028249877077487492,0.8385566615449194,l40s
resnet152,gemm,424,layer4.0.conv3,512,2048,1,1,0,1.25625279545784,0.03077526305127588,0.5476844993774138,l40s
resnet152,gemm,424,layer4.0.downsample.0,1024,2048,1,2,0,2.0389967978000643,0.036136770860605565,0.8889348899146434,l40s
resnet152,gemm,424,layer4.1.conv1,2048,512,1,1,0,1.2618335962295533,0.02534191725664686,0.5501175431786552,l40s
resnet152,gemm,424,layer4.1.conv2,512,512,3,1,1,1.8380864024162293,0.020634373450693706,0.801344629647472,l40s
resnet152,gemm,424,layer4.1.conv3,512,2048,1,1,0,1.2651408076286317,0.024237531764947605,0.5515593775180403,l40s
resnet152,gemm,424,layer4.2.conv1,2048,512,1,1,0,1.2532880008220673,0.027922179033299733,0.5463919473753638,l40s
resnet152,gemm,424,layer4.2.conv2,512,512,3,1,1,1.8407631993293763,0.02531504669152931,0.8025116242066982,l40s
resnet152,gemm,424,layer4.2.conv3,512,2048,1,1,0,1.249806398153305,0.02920627647817074,0.5448740842338317,l40s
resnet152,gemm,427,conv1,3,64,7,2,3,2.059830403327942,0.040418173034091176,0.895017720092483,l40s
resnet152,gemm,427,layer1.0.conv1,64,64,1,1,0,1.2598224043846131,0.048984156463571384,0.5474059292803969,l40s
resnet152,gemm,427,layer1.0.conv2,64,64,3,1,1,1.4067968010902405,0.02493290430343525,0.6112678322986793,l40s
resnet152,gemm,427,layer1.0.conv3,64,256,1,1,0,2.1728528141975403,0.06635555403783518,0.9441271323685765,l40s
resnet152,gemm,427,layer1.0.downsample.0,64,256,1,1,0,2.1876927733421327,0.02913349164095587,0.950575248863216,l40s
resnet152,gemm,427,layer1.1.conv1,256,64,1,1,0,2.170943999290466,0.04119726597211369,0.9432977324512593,l40s
resnet152,gemm,427,layer1.1.conv2,64,64,3,1,1,1.4241952061653138,0.024716497329133388,0.6188276201425617,l40s
resnet152,gemm,427,layer1.1.conv3,64,256,1,1,0,2.1392560243606566,0.02808745587902528,0.9295289779799182,l40s
resnet152,gemm,427,layer1.2.conv1,256,64,1,1,0,2.1342175960540772,0.0299042846707061,0.9273397285113607,l40s
resnet152,gemm,427,layer1.2.conv2,64,64,3,1,1,1.41628640294075,0.03134970978655251,0.6153911629375058,l40s
resnet152,gemm,427,layer1.2.conv3,64,256,1,1,0,2.1067744135856628,0.05078248707124539,0.9154153804848053,l40s
resnet152,gemm,427,layer2.0.conv1,256,128,1,1,0,2.4862735986709597,0.029229784668909305,1.080311720913237,l40s
resnet152,gemm,427,layer2.0.conv2,128,128,3,2,1,1.570963191986084,0.03408579570638119,0.682599835485942,l40s
resnet152,gemm,427,layer2.0.conv3,128,512,1,1,0,1.5904368042945862,0.022258472775682398,0.6910613224424221,l40s
resnet152,gemm,427,layer2.0.downsample.0,256,512,1,2,0,2.5180272340774534,0.04350191226653551,1.0941090055441713,l40s
resnet152,gemm,427,layer2.1.conv1,512,128,1,1,0,1.2986479997634888,0.03565195848129048,0.5642760540251777,l40s
resnet152,gemm,427,layer2.1.conv2,128,128,3,1,1,1.141377592086792,0.021495037354223707,0.495940427223381,l40s
resnet152,gemm,427,layer2.1.conv3,128,512,1,1,0,1.3852575957775115,0.02070193971215868,0.6019088237121198,l40s
resnet152,gemm,427,layer2.2.conv1,512,128,1,1,0,1.300993597507477,0.03170839735521773,0.5652952406250484,l40s
resnet152,gemm,427,layer2.2.conv2,128,128,3,1,1,1.1319728016853332,0.02727928678514125,0.49185394804069604,l40s
resnet152,gemm,427,layer2.2.conv3,128,512,1,1,0,1.3748624086380006,0.014969771270879687,0.5973920068525822,l40s
resnet152,gemm,427,layer2.3.conv1,512,128,1,1,0,1.30796959400177,0.032305087484981766,0.5683263836102224,l40s
resnet152,gemm,427,layer2.3.conv2,128,128,3,1,1,1.1189008057117462,0.02162559641634679,0.4861740299200413,l40s
resnet152,gemm,427,layer2.3.conv3,128,512,1,1,0,1.3794303953647613,0.028784232792533455,0.5993768445649457,l40s
resnet152,gemm,427,layer2.4.conv1,512,128,1,1,0,1.3137424051761628,0.026159819654298682,0.5708347300680092,l40s
resnet152,gemm,427,layer2.4.conv2,128,128,3,1,1,1.1207488179206848,0.017783481011551153,0.48697701043303643,l40s
resnet152,gemm,427,layer2.4.conv3,128,512,1,1,0,1.3736223936080934,0.021624140788100293,0.5968532074333898,l40s
resnet152,gemm,427,layer2.5.conv1,512,128,1,1,0,1.3088527977466584,0.027692767797671124,0.5687101448173829,l40s
resnet152,gemm,427,layer2.5.conv2,128,128,3,1,1,1.115692800283432,0.01793328524085865,0.4847801182174782,l40s
resnet152,gemm,427,layer2.5.conv3,128,512,1,1,0,1.3737855970859527,0.022921343385379187,0.5969241210408542,l40s
resnet152,gemm,427,layer2.6.conv1,512,128,1,1,0,1.3080207884311676,0.025926822183703412,0.5683486281219097,l40s
resnet152,gemm,427,layer2.6.conv2,128,128,3,1,1,1.1136431872844696,0.016527063098706364,0.48388954006578205,l40s
resnet152,gemm,427,layer2.6.conv3,128,512,1,1,0,1.3673263907432556,0.019231788997722578,0.5941175287480579,l40s
resnet152,gemm,427,layer2.7.conv1,512,128,1,1,0,1.2997999966144562,0.024383910431636874,0.5647766086307611,l40s
resnet152,gemm,427,layer2.7.conv2,128,128,3,1,1,1.1169888019561767,0.01348633440452909,0.4853432444149077,l40s
resnet152,gemm,427,layer2.7.conv3,128,512,1,1,0,1.379308807849884,0.024492466772133063,0.5993240135259527,l40s
resnet152,gemm,427,layer3.0.conv1,512,256,1,1,0,1.6757856130599975,0.03622145669317227,0.7281462669652388,l40s
resnet152,gemm,427,layer3.0.conv2,256,256,3,2,1,1.570062416791916,0.029352895775295488,0.682208439301432,l40s
resnet152,gemm,427,layer3.0.conv3,256,1024,1,1,0,1.0475520014762878,0.029973448622261326,0.45517223288132747,l40s
resnet152,gemm,427,layer3.0.downsample.0,512,1024,1,2,0,1.771227204799652,0.04835138068468722,0.7696166305945997,l40s
resnet152,gemm,427,layer3.1.conv1,1024,256,1,1,0,1.1188288033008575,0.03129456982059426,0.4861427441241181,l40s
resnet152,gemm,427,layer3.1.conv2,256,256,3,1,1,1.2396768093109132,0.030537593411611833,0.5386524588278594,l40s
resnet152,gemm,427,layer3.1.conv3,256,1024,1,1,0,1.0256815969944,0.04719154294904104,0.44566931481328914,l40s
resnet152,gemm,427,layer3.2.conv1,1024,256,1,1,0,1.101801598072052,0.03760894736449519,0.47874424647168484,l40s
resnet152,gemm,427,layer3.2.conv2,256,256,3,1,1,1.237166404724121,0.030569724080725964,0.5375616619417904,l40s
resnet152,gemm,427,layer3.2.conv3,256,1024,1,1,0,1.006585595011711,0.03823673239373635,0.437371903468251,l40s
resnet152,gemm,427,layer3.3.conv1,1024,256,1,1,0,1.101199984550476,0.029613012258595882,0.47848283914339823,l40s
resnet152,gemm,427,layer3.3.conv2,256,256,3,1,1,1.2504512131214143,0.023706562865507718,0.5433340492725147,l40s
resnet152,gemm,427,layer3.3.conv3,256,1024,1,1,0,1.0183648109436034,0.03969101421046847,0.442490095223653,l40s
resnet152,gemm,427,layer3.4.conv1,1024,256,1,1,0,1.1056400001049043,0.029183085371368524,0.48041207205125275,l40s
resnet152,gemm,427,layer3.4.conv2,256,256,3,1,1,1.2442047953605653,0.03174757246684923,0.5406199158302528,l40s
resnet152,gemm,427,layer3.4.conv3,256,1024,1,1,0,1.017913606762886,0.038227392532184844,0.4422940423173217,l40s
resnet152,gemm,427,layer3.5.conv1,1024,256,1,1,0,1.114302396774292,0.03315261287308061,0.4841759734409235,l40s
resnet152,gemm,427,layer3.5.conv2,256,256,3,1,1,1.2410304129123688,0.03514880610020346,0.5392406136620276,l40s
resnet152,gemm,427,layer3.5.conv3,256,1024,1,1,0,1.0077808052301407,0.03906674769124347,0.4378912347311558,l40s
resnet152,gemm,427,layer3.6.conv1,1024,256,1,1,0,1.0919551968574523,0.02671054837045404,0.47446588280059404,l40s
resnet152,gemm,427,layer3.6.conv2,256,256,3,1,1,1.2391759932041169,0.033941092877819476,0.5384348490239814,l40s
resnet152,gemm,427,layer3.6.conv3,256,1024,1,1,0,1.012958401441574,0.0398264929736461,0.44014095410088144,l40s
resnet152,gemm,427,layer3.7.conv1,1024,256,1,1,0,1.0963823914527893,0.02958221647969071,0.47638954486846247,l40s
resnet152,gemm,427,layer3.7.conv2,256,256,3,1,1,1.2506847977638245,0.034239283276243516,0.5434355442275173,l40s
resnet152,gemm,427,layer3.7.conv3,256,1024,1,1,0,1.017129611968994,0.0363593577256189,0.4419533884305455,l40s
resnet152,gemm,427,layer3.8.conv1,1024,256,1,1,0,1.0930927991867065,0.02381675476228204,0.4749601828368766,l40s
resnet152,gemm,427,layer3.8.conv2,256,256,3,1,1,1.2311328172683715,0.022329181423806882,0.5349400054792492,l40s
resnet152,gemm,427,layer3.8.conv3,256,1024,1,1,0,1.0077808052301407,0.030638816875130846,0.4378912347311558,l40s
resnet152,gemm,427,layer3.9.conv1,1024,256,1,1,0,1.1135232090950011,0.031922894633571224,0.4838374082954065,l40s
resnet152,gemm,427,layer3.9.conv2,256,256,3,1,1,1.2392223954200745,0.032869470175308974,0.5384550112691189,l40s
resnet152,gemm,427,layer3.9.conv3,256,1024,1,1,0,1.0201119869947433,0.03285793700758544,0.44324926137799503,l40s
resnet152,gemm,427,layer3.10.conv1,1024,256,1,1,0,1.097142404317856,0.02861143409960888,0.4767197783578963,l40s
resnet152,gemm,427,layer3.10.conv2,256,256,3,1,1,1.2407056033611297,0.03449730665860146,0.5390994805359486,l40s
resnet152,gemm,427,layer3.10.conv3,256,1024,1,1,0,1.0136976093053818,0.0277231775651952,0.44046214760102137,l40s
resnet152,gemm,427,layer3.11.conv1,1024,256,1,1,0,1.087849599123001,0.029063246643179916,0.47268195791145323,l40s
resnet152,gemm,427,layer3.11.conv2,256,256,3,1,1,1.2372416138648987,0.03245591964223533,0.537594341095181,l40s
resnet152,gemm,427,layer3.11.conv3,256,1024,1,1,0,1.0121375888586044,0.04913073199676748,0.4397843025020674,l40s
resnet152,gemm,427,layer3.12.conv1,1024,256,1,1,0,1.089387184381485,0.021586065481657885,0.4733500546879028,l40s
resnet152,gemm,427,layer3.12.conv2,256,256,3,1,1,1.2187103986740113,0.02204489580472652,0.5295423354815662,l40s
resnet152,gemm,427,layer3.12.conv3,256,1024,1,1,0,1.0222080111503602,0.03389528555820913,0.4441600056596544,l40s
resnet152,gemm,427,layer3.13.conv1,1024,256,1,1,0,1.1015839993953704,0.029939889262229687,0.47864969758494935,l40s
resnet152,gemm,427,layer3.13.conv2,256,256,3,1,1,1.2310607969760894,0.02750735801739266,0.5349087119136748,l40s
resnet152,gemm,427,layer3.13.conv3,256,1024,1,1,0,1.0064784049987794,0.04067365766654225,0.43732532829350074,l40s
resnet152,gemm,427,layer3.14.conv1,1024,256,1,1,0,1.0853791892528535,0.02539105782040331,0.4716085391454708,l40s
resnet152,gemm,427,layer3.14.conv2,256,256,3,1,1,1.2405888140201569,0.02690722075697773,0.5390487343533892,l40s
resnet152,gemm,427,layer3.14.conv3,256,1024,1,1,0,1.0094255983829499,0.030581586510894817,0.438605914452007,l40s
resnet152,gemm,427,layer3.15.conv1,1024,256,1,1,0,1.0956831991672515,0.02229702336261164,0.4760857385530021,l40s
resnet152,gemm,427,layer3.15.conv2,256,256,3,1,1,1.2303119957447053,0.026967413629292048,0.5345833499956096,l40s
resnet152,gemm,427,layer3.15.conv3,256,1024,1,1,0,1.018918412923813,0.027219083446034444,0.4427306410381847,l40s
resnet152,gemm,427,layer3.16.conv1,1024,256,1,1,0,1.099945616722107,0.025367883062910247,0.4779378032840913,l40s
resnet152,gemm,427,layer3.16.conv2,256,256,3,1,1,1.2476544082164764,0.028273622751662498,0.5421188084713707,l40s
resnet152,gemm,427,layer3.16.conv3,256,1024,1,1,0,1.0192671954631805,0.042379594712757596,0.4428821906767804,l40s
resnet152,gemm,427,layer3.17.conv1,1024,256,1,1,0,1.1041376113891601,0.029513855290123413,0.47975926853845596,l40s
resnet152,gemm,427,layer3.17.conv2,256,256,3,1,1,1.2340384066104888,0.03714768280977477,0.5362025142490515,l40s
resnet152,gemm,427,layer3.17.conv3,256,1024,1,1,0,1.00868159532547,0.03612186608750697,0.43828263739037526,l40s
resnet152,gemm,427,layer3.18.conv1,1024,256,1,1,0,1.0957519948482513,0.023650860651306845,0.4761156309914578,l40s
resnet152,gemm,427,layer3.18.conv2,256,256,3,1,1,1.2260736048221588,0.02272628385811816,0.5327417250859912,l40s
resnet152,gemm,427,layer3.18.conv3,256,1024,1,1,0,1.0108832001686097,0.042648601824389926,0.43923925757816734,l40s
resnet152,gemm,427,layer3.19.conv1,1024,256,1,1,0,1.1092559933662414,0.028175312127625116,0.4819832587078837,l40s
resnet152,gemm,427,layer3.19.conv2,256,256,3,1,1,1.2358815968036652,0.034716807978913376,0.537003399546078,l40s
resnet152,gemm,427,layer3.19.conv3,256,1024,1,1,0,1.0164144068956376,0.03570962488760711,0.4416426243923412,l40s
resnet152,gemm,427,layer3.20.conv1,1024,256,1,1,0,1.0918223977088928,0.029660450356004547,0.47440818019023245,l40s
resnet152,gemm,427,layer3.20.conv2,256,256,3,1,1,1.2413711965084075,0.03111364520575752,0.5393886876766061,l40s
resnet152,gemm,427,layer3.20.conv3,256,1024,1,1,0,1.0056559979915618,0.03327812643359919,0.43696798390077857,l40s
resnet152,gemm,427,layer3.21.conv1,1024,256,1,1,0,1.1070800006389618,0.02812501879504721,0.48103776725064484,l40s
resnet152,gemm,427,layer3.21.conv2,256,256,3,1,1,1.2500320017337798,0.03294643249912033,0.5431518975673106,l40s
resnet152,gemm,427,layer3.21.conv3,256,1024,1,1,0,1.0119983941316604,0.03448216901482106,0.4397238209464223,l40s
resnet152,gemm,427,layer3.22.conv1,1024,256,1,1,0,1.0959600150585174,0.033785269395814034,0.4762060179349774,l40s
resnet152,gemm,427,layer3.22.conv2,256,256,3,1,1,1.233414399623871,0.024635999885572194,0.5359313767274467,l40s
resnet152,gemm,427,layer3.22.conv3,256,1024,1,1,0,1.01560640335083,0.036181355475344595,0.4412915384537456,l40s
resnet152,gemm,427,layer3.23.conv1,1024,256,1,1,0,1.0936720073223114,0.02779236376718067,0.4752118547920776,l40s
resnet152,gemm,427,layer3.23.conv2,256,256,3,1,1,1.2313712000846864,0.03462253271717419,0.5350435852906855,l40s
resnet152,gemm,427,layer3.23.conv3,256,1024,1,1,0,1.008518397808075,0.04226471269272775,0.43821172637279454,l40s
resnet152,gemm,427,layer3.24.conv1,1024,256,1,1,0,1.0846976041793823,0.03377937067775332,0.47131238334666253,l40s
resnet152,gemm,427,layer3.24.conv2,256,256,3,1,1,1.2394591987133026,0.03569593446868967,0.5385579047613563,l40s
resnet152,gemm,427,layer3.24.conv3,256,1024,1,1,0,1.0172176092863083,0.03911599111174692,0.44199162417956134,l40s
resnet152,gemm,427,layer3.25.conv1,1024,256,1,1,0,1.102038413286209,0.02475540889447943,0.47884714514369,l40s
resnet152,gemm,427,layer3.25.conv2,256,256,3,1,1,1.2498335897922517,0.03150292408302901,0.5430656855164259,l40s
resnet152,gemm,427,layer3.25.conv3,256,1024,1,1,0,1.027729594707489,0.0367317554133345,0.44655919110648395,l40s
resnet152,gemm,427,layer3.26.conv1,1024,256,1,1,0,1.0934928059577942,0.02621845840623832,0.4751339899365786,l40s
resnet152,gemm,427,layer3.26.conv2,256,256,3,1,1,1.2465632021427155,0.02778717647584866,0.541644668090342,l40s
resnet152,gemm,427,layer3.26.conv3,256,1024,1,1,0,1.0086688071489334,0.0357592569948223,0.43827708079475,l40s
resnet152,gemm,427,layer3.27.conv1,1024,256,1,1,0,1.1007535874843597,0.024575774599897942,0.47828887497832623,l40s
resnet152,gemm,427,layer3.27.conv2,256,256,3,1,1,1.2358463943004607,0.018903375019832143,0.5369881036925415,l40s
resnet152,gemm,427,layer3.27.conv3,256,1024,1,1,0,1.020168000459671,0.03285341224658875,0.4432735998107092,l40s
resnet152,gemm,427,layer3.28.conv1,1024,256,1,1,0,1.0938735961914063,0.02529591536224157,0.4752994472510111,l40s
resnet152,gemm,427,layer3.28.conv2,256,256,3,1,1,1.2389488101005555,0.024447334733752987,0.5383361356041461,l40s
resnet152,gemm,427,layer3.28.conv3,256,1024,1,1,0,1.0061760067939758,0.045486466559424336,0.43719393313039123,l40s
resnet152,gemm,427,layer3.29.conv1,1024,256,1,1,0,1.091783994436264,0.03191610616965058,0.4743914935691122,l40s
resnet152,gemm,427,layer3.29.conv2,256,256,3,1,1,1.2349855840206145,0.02885729165261767,0.536614072678699,l40s
resnet152,gemm,427,layer3.29.conv3,256,1024,1,1,0,1.0083855986595154,0.03476869403874157,0.43815402376243306,l40s
resnet152,gemm,427,layer3.30.conv1,1024,256,1,1,0,1.0842431902885437,0.013981678930326834,0.4711149357879219,l40s
resnet152,gemm,427,layer3.30.conv2,256,256,3,1,1,1.230305588245392,0.024883706128530976,0.5345805658705585,l40s
resnet152,gemm,427,layer3.30.conv3,256,1024,1,1,0,1.0135760098695754,0.040087502915569784,0.4404093113822609,l40s
resnet152,gemm,427,layer3.31.conv1,1024,256,1,1,0,1.0920191943645476,0.03230430088257382,0.4744936903826161,l40s
resnet152,gemm,427,layer3.31.conv2,256,256,3,1,1,1.2385583996772767,0.02591341022532992,0.5381664982173113,l40s
resnet152,gemm,427,layer3.31.conv3,256,1024,1,1,0,1.0169664025306702,0.03209764885811536,0.44188247223319727,l40s
resnet152,gemm,427,layer3.32.conv1,1024,256,1,1,0,1.1021247863769532,0.03704995679598858,0.47888467514937894,l40s
resnet152,gemm,427,layer3.32.conv2,256,256,3,1,1,1.2387648046016693,0.026751884195385864,0.5382561833023296,l40s
resnet152,gemm,427,layer3.32.conv3,256,1024,1,1,0,1.0063728123903275,0.03503427082467008,0.4372794472076004,l40s
resnet152,gemm,427,layer3.33.conv1,1024,256,1,1,0,1.0899471938610077,0.028785112069358618,0.4735933846274856,l40s
resnet152,gemm,427,layer3.33.conv2,256,256,3,1,1,1.2304159998893738,0.02533467794207238,0.5346285408774856,l40s
resnet152,gemm,427,layer3.33.conv3,256,1024,1,1,0,1.0192288041114808,0.049362682475723216,0.4428655092354278,l40s
resnet152,gemm,427,layer3.34.conv1,1024,256,1,1,0,1.0809791922569274,0.030273977642303305,0.4696966947172378,l40s
resnet152,gemm,427,layer3.34.conv2,256,256,3,1,1,1.2363968014717102,0.037772223304222606,0.5372272613293732,l40s
resnet152,gemm,427,layer3.34.conv3,256,1024,1,1,0,1.0044895946979522,0.028758454332812117,0.43646116954612674,l40s
resnet152,gemm,427,layer3.35.conv1,1024,256,1,1,0,1.0915823936462403,0.03182430630883055,0.47430389593041133,l40s
resnet152,gemm,427,layer3.35.conv2,256,256,3,1,1,1.2366544008255005,0.02548387734197911,0.537339190926079,l40s
resnet152,gemm,427,layer3.35.conv3,256,1024,1,1,0,1.0195807933807373,0.0439107223665524,0.44301845223149094,l40s
resnet152,gemm,427,layer4.0.conv1,1024,512,1,1,0,1.4191119849681855,0.0341560432574867,0.6166189076974841,l40s
resnet152,gemm,427,layer4.0.conv2,512,512,3,2,1,1.9255807936191558,0.025614623685780057,0.8366848692855743,l40s
resnet152,gemm,427,layer4.0.conv3,512,2048,1,1,0,1.2822879910469056,0.02596578878300563,0.5571674601921357,l40s
resnet152,gemm,427,layer4.0.downsample.0,1024,2048,1,2,0,2.0144735872745514,0.0358483287852458,0.8753097120792154,l40s
resnet152,gemm,427,layer4.1.conv1,2048,512,1,1,0,1.2657888054847717,0.0269553462085497,0.5499983925730998,l40s
resnet152,gemm,427,layer4.1.conv2,512,512,3,1,1,1.8499567985534668,0.0206985831791565,0.8038254573948557,l40s
resnet152,gemm,427,layer4.1.conv3,512,2048,1,1,0,1.2745231986045837,0.027514219007980106,0.55379357716881,l40s
resnet152,gemm,427,layer4.2.conv1,2048,512,1,1,0,1.2584272027015686,0.02839461256139737,0.5467996996474086,l40s
resnet152,gemm,427,layer4.2.conv2,512,512,3,1,1,1.843177592754364,0.03342579707513345,0.8008798220121816,l40s
resnet152,gemm,427,layer4.2.conv3,512,2048,1,1,0,1.2457168042659759,0.02190626114390223,0.5412768994154517,l40s
resnet152,gemm,430,conv1,3,64,7,2,3,2.089782381057739,0.04461062108932233,0.9175530652478442,l40s
resnet152,gemm,430,layer1.0.conv1,64,64,1,1,0,1.2835983872413634,0.05110025384434265,0.5635848236811991,l40s
resnet152,gemm,430,layer1.0.conv2,64,64,3,1,1,1.4449776113033295,0.03942164379593293,0.6344410061466805,l40s
resnet152,gemm,430,layer1.0.conv3,64,256,1,1,0,2.417473614215851,0.11043390043279804,1.0614312499643244,l40s
resnet152,gemm,430,layer1.0.downsample.0,64,256,1,1,0,2.425483191013336,0.39649986274328286,1.0649479853950017,l40s
resnet152,gemm,430,layer1.1.conv1,256,64,1,1,0,2.2307583928108214,0.042702187647803605,0.97945088431405,l40s
resnet152,gemm,430,layer1.1.conv2,64,64,3,1,1,1.4673695981502533,0.04011088462783693,0.6442725734690087,l40s
resnet152,gemm,430,layer1.1.conv3,64,256,1,1,0,2.2370672106742857,0.1576061903899256,0.9822208737738052,l40s
resnet152,gemm,430,layer1.2.conv1,256,64,1,1,0,2.276964843273163,0.5034172775131929,0.9997385806025435,l40s
resnet152,gemm,430,layer1.2.conv2,64,64,3,1,1,1.4410319983959199,0.051390431871724346,0.6327086203967143,l40s
resnet152,gemm,430,layer1.2.conv3,64,256,1,1,0,2.210478413105011,0.06322982925746323,0.9705466282006396,l40s
resnet152,gemm,430,layer2.0.conv1,256,128,1,1,0,2.495568001270294,0.04855518563777157,1.0957198653100944,l40s
resnet152,gemm,430,layer2.0.conv2,128,128,3,2,1,1.5714640080928803,0.03103935326858669,0.6899769232538316,l40s
resnet152,gemm,430,layer2.0.conv3,128,512,1,1,0,1.4081215918064118,0.026499234703744486,0.6182587691976282,l40s
resnet152,gemm,430,layer2.0.downsample.0,256,512,1,2,0,2.517577576637268,0.08453059163932178,1.1053835286301712,l40s
resnet152,gemm,430,layer2.1.conv1,512,128,1,1,0,1.290483194589615,0.025925306534363615,0.5666077107259408,l40s
resnet152,gemm,430,layer2.1.conv2,128,128,3,1,1,1.1330095946788787,0.021476373607736004,0.4974663562943013,l40s
resnet152,gemm,430,layer2.1.conv3,128,512,1,1,0,1.3829711973667145,0.018997103088773407,0.6072160779970945,l40s
resnet152,gemm,430,layer2.2.conv1,512,128,1,1,0,1.3018255949020385,0.03377098754989477,0.571587776721456,l40s
resnet152,gemm,430,layer2.2.conv2,128,128,3,1,1,1.130161601305008,0.026444309888055108,0.49621589831662527,l40s
resnet152,gemm,430,layer2.2.conv3,128,512,1,1,0,1.3912240147590638,0.029211946290058233,0.6108396121812847,l40s
resnet152,gemm,430,layer2.3.conv1,512,128,1,1,0,1.3125664055347444,0.0183395664511903,0.5763037049485366,l40s
resnet152,gemm,430,layer2.3.conv2,128,128,3,1,1,1.132369601726532,0.026963984812311253,0.49718535694217475,l40s
resnet152,gemm,430,layer2.3.conv3,128,512,1,1,0,1.3984175860881805,0.04643622471259978,0.6139980670916803,l40s
resnet152,gemm,430,layer2.4.conv1,512,128,1,1,0,1.3068607985973357,0.03880617729924436,0.5737985650918838,l40s
resnet152,gemm,430,layer2.4.conv2,128,128,3,1,1,1.1122736096382142,0.01877463212767057,0.4883618835953953,l40s
resnet152,gemm,430,layer2.4.conv3,128,512,1,1,0,1.370912003517151,0.021720273304937407,0.6019212920991082,l40s
resnet152,gemm,430,layer2.5.conv1,512,128,1,1,0,1.2995440006256103,0.02982450742217784,0.5705860055126619,l40s
resnet152,gemm,430,layer2.5.conv2,128,128,3,1,1,1.1159376084804535,0.019158200911643462,0.48997062209335296,l40s
resnet152,gemm,430,layer2.5.conv3,128,512,1,1,0,1.3858671963214875,0.02471792837170389,0.6084876136086455,l40s
resnet152,gemm,430,layer2.6.conv1,512,128,1,1,0,1.3063280045986176,0.028281433785857516,0.5735646331901217,l40s
resnet152,gemm,430,layer2.6.conv2,128,128,3,1,1,1.1140095949172975,0.020225194813726744,0.4891240962681051,l40s
resnet152,gemm,430,layer2.6.conv3,128,512,1,1,0,1.369977593421936,0.026082836394658693,0.6015110240947291,l40s
resnet152,gemm,430,layer2.7.conv1,512,128,1,1,0,1.3060880064964295,0.03003189971256392,0.5734592581059444,l40s
resnet152,gemm,430,layer2.7.conv2,128,128,3,1,1,1.1193023920059204,0.022796422267909365,0.49144798522248645,l40s
resnet152,gemm,430,layer2.7.conv3,128,512,1,1,0,1.3768688082695006,0.027080983989794066,0.6045367244566319,l40s
resnet152,gemm,430,layer3.0.conv1,512,256,1,1,0,1.6812319993972777,0.038243738956964965,0.7381723515435804,l40s
resnet152,gemm,430,layer3.0.conv2,256,256,3,2,1,1.585598385334015,0.04276079638896725,0.6961828522924373,l40s
resnet152,gemm,430,layer3.0.conv3,256,1024,1,1,0,1.0479167878627778,0.02746158374781707,0.4601049705192249,l40s
resnet152,gemm,430,layer3.0.downsample.0,512,1024,1,2,0,1.7830815970897675,0.049640690313939764,0.7828910798686336,l40s
resnet152,gemm,430,layer3.1.conv1,1024,256,1,1,0,1.1135359823703765,0.024914308528619204,0.48891614894875446,l40s
resnet152,gemm,430,layer3.1.conv2,256,256,3,1,1,1.2542912006378173,0.027974228147403565,0.5507170250311485,l40s
resnet152,gemm,430,layer3.1.conv3,256,1024,1,1,0,1.0164256036281585,0.043199252003368716,0.44627825206056193,l40s
resnet152,gemm,430,layer3.2.conv1,1024,256,1,1,0,1.0999632000923156,0.02970793515845151,0.4829567973454201,l40s
resnet152,gemm,430,layer3.2.conv2,256,256,3,1,1,1.2443456053733826,0.03037676789294119,0.5463502490915515,l40s
resnet152,gemm,430,layer3.2.conv3,256,1024,1,1,0,1.0153791964054109,0.03547451325807144,0.4458188098892467,l40s
resnet152,gemm,430,layer3.3.conv1,1024,256,1,1,0,1.0977151989936829,0.025893985170481745,0.48196977576966776,l40s
resnet152,gemm,430,layer3.3.conv2,256,256,3,1,1,1.2326608002185822,0.027117077018278368,0.5412198446610269,l40s
resnet152,gemm,430,layer3.3.conv3,256,1024,1,1,0,1.0248047977685928,0.027807393163292234,0.4499572740188057,l40s
resnet152,gemm,430,layer3.4.conv1,1024,256,1,1,0,1.10938880443573,0.04170743384500507,0.48709526278349885,l40s
resnet152,gemm,430,layer3.4.conv2,256,256,3,1,1,1.2433087885379792,0.04022845682724482,0.5458950177363406,l40s
resnet152,gemm,430,layer3.4.conv3,256,1024,1,1,0,1.0109967947006226,0.035648196345927696,0.4438946448882285,l40s
resnet152,gemm,430,layer3.5.conv1,1024,256,1,1,0,1.09374880194664,0.027681944927156282,0.4802282644039427,l40s
resnet152,gemm,430,layer3.5.conv2,256,256,3,1,1,1.2407759964466094,0.027338986982649305,0.5447829540266754,l40s
resnet152,gemm,430,layer3.5.conv3,256,1024,1,1,0,1.015943992137909,0.028308256731784796,0.44606679267457877,l40s
resnet152,gemm,430,layer3.6.conv1,1024,256,1,1,0,1.0933823883533478,0.030472483100378055,0.4800673845349567,l40s
resnet152,gemm,430,layer3.6.conv2,256,256,3,1,1,1.2474640011787415,0.03573115332269346,0.5477194316704643,l40s
resnet152,gemm,430,layer3.6.conv3,256,1024,1,1,0,1.005459201335907,0.03239222886297927,0.44146327413309794,l40s
resnet152,gemm,430,layer3.7.conv1,1024,256,1,1,0,1.107012802362442,0.028778193583696536,0.4860520402905054,l40s
resnet152,gemm,430,layer3.7.conv2,256,256,3,1,1,1.2387327969074249,0.026162477785830827,0.5438858539185087,l40s
resnet152,gemm,430,layer3.7.conv3,256,1024,1,1,0,1.0189999997615815,0.04548900118240914,0.44740858270397993,l40s
resnet152,gemm,430,layer3.8.conv1,1024,256,1,1,0,1.0934271931648254,0.02631238257976708,0.4800870568187704,l40s
resnet152,gemm,430,layer3.8.conv2,256,256,3,1,1,1.2317088007926942,0.03420334753409575,0.5408018537739109,l40s
resnet152,gemm,430,layer3.8.conv3,256,1024,1,1,0,1.0177168041467666,0.04710304412501615,0.44684517472410684,l40s
resnet152,gemm,430,layer3.9.conv1,1024,256,1,1,0,1.1160496056079865,0.029044490621451813,0.49001979626028935,l40s
resnet152,gemm,430,layer3.9.conv2,256,256,3,1,1,1.2425935983657836,0.03149398768818245,0.5455810018174194,l40s
resnet152,gemm,430,layer3.9.conv3,256,1024,1,1,0,1.0109519958496094,0.037052062424842866,0.4438749752214539,l40s
resnet152,gemm,430,layer3.10.conv1,1024,256,1,1,0,1.0906528055667877,0.030966626098420432,0.47886891665841713,l40s
resnet152,gemm,430,layer3.10.conv2,256,256,3,1,1,1.24090878367424,0.02269884197590244,0.5448412564264099,l40s
resnet152,gemm,430,layer3.10.conv3,256,1024,1,1,0,1.0063391983509065,0.0372581099461896,0.4418496511864411,l40s
resnet152,gemm,430,layer3.11.conv1,1024,256,1,1,0,1.0952944040298462,0.023195384140815987,0.4809068862269391,l40s
resnet152,gemm,430,layer3.11.conv2,256,256,3,1,1,1.236649602651596,0.0240339962495281,0.5429711934771786,l40s
resnet152,gemm,430,layer3.11.conv3,256,1024,1,1,0,1.012065601348877,0.03657030319189017,0.44436392189293106,l40s
resnet152,gemm,430,layer3.12.conv1,1024,256,1,1,0,1.0880528151988984,0.03588920398027751,0.4777273484485904,l40s
resnet152,gemm,430,layer3.12.conv2,256,256,3,1,1,1.2264367997646333,0.023698635486195024,0.5384870956693667,l40s
resnet152,gemm,430,layer3.12.conv3,256,1024,1,1,0,1.014278393983841,0.04218938261240889,0.44533548461801314,l40s
resnet152,gemm,430,layer3.13.conv1,1024,256,1,1,0,1.1055311918258668,0.030549820332516017,0.4854015150005707,l40s
resnet152,gemm,430,layer3.13.conv2,256,256,3,1,1,1.2530511975288392,0.036258947715430666,0.5501725814259805,l40s
resnet152,gemm,430,layer3.13.conv3,256,1024,1,1,0,1.0229392111301423,0.03552550885668431,0.4491381577538245,l40s
resnet152,gemm,430,layer3.14.conv1,1024,256,1,1,0,1.0958911955356598,0.03313809008457685,0.481168917278802,l40s
resnet152,gemm,430,layer3.14.conv2,256,256,3,1,1,1.2329903960227966,0.025884747491844426,0.5413645590787534,l40s
resnet152,gemm,430,layer3.14.conv3,256,1024,1,1,0,1.0237152069807052,0.03742350166832873,0.4494788713983443,l40s
resnet152,gemm,430,layer3.15.conv1,1024,256,1,1,0,1.1042288064956665,0.025620041813972178,0.48482968146293015,l40s
resnet152,gemm,430,layer3.15.conv2,256,256,3,1,1,1.2300496041774749,0.030181417137792058,0.5400733564174672,l40s
resnet152,gemm,430,layer3.15.conv3,256,1024,1,1,0,1.0113360077142715,0.03085767446015792,0.4440435818987358,l40s
resnet152,gemm,430,layer3.16.conv1,1024,256,1,1,0,1.08163680434227,0.02836755307752571,0.4749102941555098,l40s
resnet152,gemm,430,layer3.16.conv2,256,256,3,1,1,1.2246576070785522,0.03130325757074992,0.5377059120793539,l40s
resnet152,gemm,430,layer3.16.conv3,256,1024,1,1,0,1.018841603398323,0.03891961690016437,0.44733903619523846,l40s
resnet152,gemm,430,layer3.17.conv1,1024,256,1,1,0,1.093566393852234,0.01959738726591825,0.48014817515270514,l40s
resnet152,gemm,430,layer3.17.conv2,256,256,3,1,1,1.2356319904327393,0.034608350401269916,0.5425243942223331,l40s
resnet152,gemm,430,layer3.17.conv3,256,1024,1,1,0,1.0204735934734344,0.042985167476905554,0.4480555880761643,l40s
resnet152,gemm,430,layer3.18.conv1,1024,256,1,1,0,1.1067823827266694,0.046608895109574444,0.48595087078835403,l40s
resnet152,gemm,430,layer3.18.conv2,256,256,3,1,1,1.2447360038757325,0.04451179849416708,0.5465216599263573,l40s
resnet152,gemm,430,layer3.18.conv3,256,1024,1,1,0,1.0175152003765107,0.05430694981607708,0.44675665729806263,l40s
resnet152,gemm,430,layer3.19.conv1,1024,256,1,1,0,1.100318396091461,0.0437549731351518,0.4831127519465948,l40s
resnet152,gemm,430,layer3.19.conv2,256,256,3,1,1,1.237992000579834,0.04198344954748028,0.5435605951991002,l40s
resnet152,gemm,430,layer3.19.conv3,256,1024,1,1,0,1.016395205259323,0.05728963478517098,0.44626490516054207,l40s
resnet152,gemm,430,layer3.20.conv1,1024,256,1,1,0,1.1128992140293121,0.05998394556849979,0.4886365654148457,l40s
resnet152,gemm,430,layer3.20.conv2,256,256,3,1,1,1.2468240022659303,0.05328861316464224,0.5474384297012985,l40s
resnet152,gemm,430,layer3.20.conv3,256,1024,1,1,0,1.0268576055765153,0.06113669492534074,0.45085859279419443,l40s
resnet152,gemm,430,layer3.21.conv1,1024,256,1,1,0,1.103825604915619,0.04923033694275971,0.4846526492278808,l40s
resnet152,gemm,430,layer3.21.conv2,256,256,3,1,1,1.254393595457077,0.04742547765664175,0.5507619831479021,l40s
resnet152,gemm,430,layer3.21.conv3,256,1024,1,1,0,1.033787202835083,0.05541621866653677,0.4539011455801519,l40s
resnet152,gemm,430,layer3.22.conv1,1024,256,1,1,0,1.0962767899036407,0.059594409336085445,0.4813382187799967,l40s
resnet152,gemm,430,layer3.22.conv2,256,256,3,1,1,1.2364895939826965,0.03196940633731546,0.5429009390593282,l40s
resnet152,gemm,430,layer3.22.conv3,256,1024,1,1,0,1.033244815468788,0.05316252818289311,0.4536630015537659,l40s
resnet152,gemm,430,layer3.23.conv1,1024,256,1,1,0,1.111327987909317,0.04857341326790125,0.4879466929402441,l40s
resnet152,gemm,430,layer3.23.conv2,256,256,3,1,1,1.2341360032558442,0.03543863592223199,0.5418675566338006,l40s
resnet152,gemm,430,layer3.23.conv3,256,1024,1,1,0,1.0120416104793548,0.03839171110800135,0.44435338831007215,l40s
resnet152,gemm,430,layer3.24.conv1,1024,256,1,1,0,1.1035072028636932,0.030793248381864445,0.48451284960980867,l40s
resnet152,gemm,430,layer3.24.conv2,256,256,3,1,1,1.2496800065040587,0.037962032371865836,0.5486924049796857,l40s
resnet152,gemm,430,layer3.24.conv3,256,1024,1,1,0,1.010320007801056,0.05224196875722569,0.44359749055299924,l40s
resnet152,gemm,430,layer3.25.conv1,1024,256,1,1,0,1.1087967991828918,0.04390340274992715,0.48683533321412914,l40s
resnet152,gemm,430,layer3.25.conv2,256,256,3,1,1,1.242335993051529,0.028599648842298958,0.5454678959993874,l40s
resnet152,gemm,430,layer3.25.conv3,256,1024,1,1,0,1.0129119962453843,0.04402449163900132,0.44473554538767385,l40s
resnet152,gemm,430,layer3.26.conv1,1024,256,1,1,0,1.0921999990940094,0.02742619108334117,0.4795482372308853,l40s
resnet152,gemm,430,layer3.26.conv2,256,256,3,1,1,1.2443408071994781,0.036740642770973164,0.5463481423749798,l40s
resnet152,gemm,430,layer3.26.conv3,256,1024,1,1,0,1.036900794506073,0.05342130281905482,0.45526821882545365,l40s
resnet152,gemm,430,layer3.27.conv1,1024,256,1,1,0,1.110939198732376,0.05217558752012643,0.48777598870602773,l40s
resnet152,gemm,430,layer3.27.conv2,256,256,3,1,1,1.2339407920837402,0.04397369185753673,0.5417818459823193,l40s
resnet152,gemm,430,layer3.27.conv3,256,1024,1,1,0,1.023310399055481,0.05426408572027382,0.44930113387122533,l40s
resnet152,gemm,430,layer3.28.conv1,1024,256,1,1,0,1.112455999851227,0.048495034367151316,0.4884419649955151,l40s
resnet152,gemm,430,layer3.28.conv2,256,256,3,1,1,1.2486447930335998,0.04270170551619947,0.5482378776080248,l40s
resnet152,gemm,430,layer3.28.conv3,256,1024,1,1,0,1.0253664046525954,0.03637182153824358,0.45020385668815527,l40s
resnet152,gemm,430,layer3.29.conv1,1024,256,1,1,0,1.0909200012683868,0.031671425068806075,0.4789862332925536,l40s
resnet152,gemm,430,layer3.29.conv2,256,256,3,1,1,1.2360431969165802,0.03383948667543619,0.5427049411410544,l40s
resnet152,gemm,430,layer3.29.conv3,256,1024,1,1,0,1.0072896093130113,0.045238379857281026,0.44226694463260513,l40s
resnet152,gemm,430,layer3.30.conv1,1024,256,1,1,0,1.0903343915939332,0.022494185737887445,0.4787291118062667,l40s
resnet152,gemm,430,layer3.30.conv2,256,256,3,1,1,1.2456528007984162,0.03141267570492352,0.5469241945798423,l40s
resnet152,gemm,430,layer3.30.conv3,256,1024,1,1,0,1.0178543984889985,0.03915576763757891,0.44690558776597195,l40s
resnet152,gemm,430,layer3.31.conv1,1024,256,1,1,0,1.1020527958869935,0.03373908872006039,0.48387426848687226,l40s
resnet152,gemm,430,layer3.31.conv2,256,256,3,1,1,1.2322815954685211,0.029962005335603087,0.5410533486258756,l40s
resnet152,gemm,430,layer3.31.conv3,256,1024,1,1,0,1.0165120005607604,0.03895201650465958,0.4463161860440501,l40s
resnet152,gemm,430,layer3.32.conv1,1024,256,1,1,0,1.093620812892914,0.026792853796142456,0.4801720687207801,l40s
resnet152,gemm,430,layer3.32.conv2,256,256,3,1,1,1.262415999174118,0.033281448377935785,0.5542843504469799,l40s
resnet152,gemm,430,layer3.32.conv3,256,1024,1,1,0,1.0075167924165727,0.03958764634710598,0.44236669308246035,l40s
resnet152,gemm,430,layer3.33.conv1,1024,256,1,1,0,1.0998143970966339,0.02566830916042347,0.4828914629613027,l40s
resnet152,gemm,430,layer3.33.conv2,256,256,3,1,1,1.2345231890678405,0.033124805221317076,0.5420375568844669,l40s
resnet152,gemm,430,layer3.33.conv3,256,1024,1,1,0,1.0112496107816695,0.04213266476185537,0.4440056479152476,l40s
resnet152,gemm,430,layer3.34.conv1,1024,256,1,1,0,1.0856848001480102,0.019625764986359186,0.47668763278815124,l40s
resnet152,gemm,430,layer3.34.conv2,256,256,3,1,1,1.2505343914031983,0.03344196694387398,0.5490675366155024,l40s
resnet152,gemm,430,layer3.34.conv3,256,1024,1,1,0,1.0193104147911072,0.04224085739371993,0.44754487548949773,l40s
resnet152,gemm,430,layer3.35.conv1,1024,256,1,1,0,1.1016528069972993,0.025595358644138453,0.48369864683596225,l40s
resnet152,gemm,430,layer3.35.conv2,256,256,3,1,1,1.2326320111751556,0.03692937722681364,0.5412072043615962,l40s
resnet152,gemm,430,layer3.35.conv3,256,1024,1,1,0,1.0161487966775895,0.03410662460678498,0.446156715450684,l40s
resnet152,gemm,430,layer4.0.conv1,1024,512,1,1,0,1.4296208024024963,0.034971457095198936,0.6276983485345264,l40s
resnet152,gemm,430,layer4.0.conv2,512,512,3,2,1,1.9222752034664154,0.029824380676017406,0.8440063047606873,l40s
resnet152,gemm,430,layer4.0.conv3,512,2048,1,1,0,1.274566388130188,0.026887422296018617,0.5596191770450263,l40s
resnet152,gemm,430,layer4.0.downsample.0,1024,2048,1,2,0,2.0326336085796357,0.04314484041485394,0.892460963870334,l40s
resnet152,gemm,430,layer4.1.conv1,2048,512,1,1,0,1.2669839978218078,0.02510098552075729,0.5562900048152181,l40s
resnet152,gemm,430,layer4.1.conv2,512,512,3,1,1,1.8541135966777802,0.03244353125708452,0.8140788387201922,l40s
resnet152,gemm,430,layer4.1.conv3,512,2048,1,1,0,1.2750367999076844,0.0300952442517901,0.559825719014316,l40s
resnet152,gemm,430,layer4.2.conv1,2048,512,1,1,0,1.4025903940200806,0.6602571051548383,0.6158302065255803,l40s
resnet152,gemm,430,layer4.2.conv2,512,512,3,1,1,1.8362704038619995,0.031950365851827686,0.8062444936657367,l40s
resnet152,gemm,430,layer4.2.conv3,512,2048,1,1,0,1.2722511947155,0.028086458063091114,0.5586026535861514,l40s
resnet152,gemm,433,conv1,3,64,7,2,3,2.274015998840332,0.5860160185650025,0.9685321805599152,l40s
resnet152,gemm,433,layer1.0.conv1,64,64,1,1,0,1.3093904078006744,0.08602219059688376,0.5576859386733225,l40s
resnet152,gemm,433,layer1.0.conv2,64,64,3,1,1,1.4734560072422027,0.044903380007957266,0.6275635529306575,l40s
resnet152,gemm,433,layer1.0.conv3,64,256,1,1,0,2.561390388011932,0.03664533833372667,1.0909285682385341,l40s
resnet152,gemm,433,layer1.0.downsample.0,64,256,1,1,0,2.7120223879814147,0.053529881512999866,1.1550846425436154,l40s
resnet152,gemm,433,layer1.1.conv1,256,64,1,1,0,2.2683583974838255,0.046672011388335634,0.9661225365726476,l40s
resnet152,gemm,433,layer1.1.conv2,64,64,3,1,1,1.464364802837372,0.035776349237864685,0.6236914939694994,l40s
resnet152,gemm,433,layer1.1.conv3,64,256,1,1,0,2.4876975893974302,0.06205599129217521,1.0595418730833268,l40s
resnet152,gemm,433,layer1.2.conv1,256,64,1,1,0,2.2084383964538574,0.031624486572701685,0.9406018501367109,l40s
resnet152,gemm,433,layer1.2.conv2,64,64,3,1,1,1.4580800116062165,0.02952252106188782,0.6210147218805699,l40s
resnet152,gemm,433,layer1.2.conv3,64,256,1,1,0,2.3007359743118285,0.046919669255388534,0.9799125561250446,l40s
resnet152,gemm,433,layer2.0.conv1,256,128,1,1,0,2.572812807559967,0.08332504774246122,1.095793521219415,l40s
resnet152,gemm,433,layer2.0.conv2,128,128,3,2,1,1.6184512019157409,0.0251853500138697,0.689318840553738,l40s
resnet152,gemm,433,layer2.0.conv3,128,512,1,1,0,1.6171872079372407,0.02842689049387946,0.6887804895285756,l40s
resnet152,gemm,433,layer2.0.downsample.0,256,512,1,2,0,2.8629104018211367,0.0523663043214938,1.219349756394647,l40s
resnet152,gemm,433,layer2.1.conv1,512,128,1,1,0,1.31664479970932,0.02486099870706384,0.5607756759563934,l40s
resnet152,gemm,433,layer2.1.conv2,128,128,3,1,1,1.2833296000957488,0.03494069975377673,0.5465863109985498,l40s
resnet152,gemm,433,layer2.1.conv3,128,512,1,1,0,1.6471568048000336,0.02299707622154237,0.701544919952471,l40s
resnet152,gemm,433,layer2.2.conv1,512,128,1,1,0,1.3274608075618743,0.020096316029561075,0.5653823505249672,l40s
resnet152,gemm,433,layer2.2.conv2,128,128,3,1,1,1.2769407987594605,0.03263072741830861,0.5438652396901004,l40s
resnet152,gemm,433,layer2.2.conv3,128,512,1,1,0,1.570880001783371,0.031811006592869596,0.6690576646343283,l40s
resnet152,gemm,433,layer2.3.conv1,512,128,1,1,0,1.3390703976154328,0.03930133287239611,0.5703270217918862,l40s
resnet152,gemm,433,layer2.3.conv2,128,128,3,1,1,1.2687935948371887,0.020333777378580657,0.5403952424762161,l40s
resnet152,gemm,433,layer2.3.conv3,128,512,1,1,0,1.5815375924110413,0.028912715754738808,0.6735968673028215,l40s
resnet152,gemm,433,layer2.4.conv1,512,128,1,1,0,1.3298048019409179,0.020621384140078653,0.566380687382893,l40s
resnet152,gemm,433,layer2.4.conv2,128,128,3,1,1,1.2748608052730561,0.02924845662493148,0.5429793441520017,l40s
resnet152,gemm,433,layer2.4.conv3,128,512,1,1,0,1.5800016105175019,0.033453445083341755,0.6729426731839547,l40s
resnet152,gemm,433,layer2.5.conv1,512,128,1,1,0,1.322380793094635,0.026997531355065423,0.5632187081004019,l40s
resnet152,gemm,433,layer2.5.conv2,128,128,3,1,1,1.2669904112815857,0.031637689238405896,0.5396272437893341,l40s
resnet152,gemm,433,layer2.5.conv3,128,512,1,1,0,1.5995599985122682,0.04015812237462992,0.6812728380475563,l40s
resnet152,gemm,433,layer2.6.conv1,512,128,1,1,0,1.3239776015281677,0.019566679835983754,0.563898809012117,l40s
resnet152,gemm,433,layer2.6.conv2,128,128,3,1,1,1.2678176045417786,0.02385754119423441,0.5399795558629729,l40s
resnet152,gemm,433,layer2.6.conv3,128,512,1,1,0,1.577668797969818,0.04231536204037012,0.671949098809457,l40s
resnet152,gemm,433,layer2.7.conv1,512,128,1,1,0,1.3233039915561675,0.028745822506602865,0.5636119100037718,l40s
resnet152,gemm,433,layer2.7.conv2,128,128,3,1,1,1.2663392007350922,0.03144270859365337,0.5393498849796684,l40s
resnet152,gemm,433,layer2.7.conv3,128,512,1,1,0,1.5904336094856262,0.03007961030514927,0.677385793510878,l40s
resnet152,gemm,433,layer3.0.conv1,512,256,1,1,0,1.7092464029788972,0.034810499336543094,0.7279896652598614,l40s
resnet152,gemm,433,layer3.0.conv2,256,256,3,2,1,1.5957152009010316,0.02920839713884541,0.6796352901076468,l40s
resnet152,gemm,433,layer3.0.conv3,256,1024,1,1,0,1.2217952072620393,0.023566676280790854,0.5203780346710939,l40s
resnet152,gemm,433,layer3.0.downsample.0,512,1024,1,2,0,1.8235759913921357,0.030251458507293976,0.7766840832520219,l40s
resnet152,gemm,433,layer3.1.conv1,1024,256,1,1,0,1.1569311976432801,0.03140519833086999,0.49275163243471837,l40s
resnet152,gemm,433,layer3.1.conv2,256,256,3,1,1,1.2280943930149077,0.02580658799945216,0.5230609375689138,l40s
resnet152,gemm,433,layer3.1.conv3,256,1024,1,1,0,1.0377136021852493,0.027327470713014432,0.44197535040813635,l40s
resnet152,gemm,433,layer3.2.conv1,1024,256,1,1,0,1.1308224081993103,0.02879693605602838,0.4816315687303103,l40s
resnet152,gemm,433,layer3.2.conv2,256,256,3,1,1,1.2315151989459991,0.03390334880363884,0.5245179020886893,l40s
resnet152,gemm,433,layer3.2.conv3,256,1024,1,1,0,1.0318416029214859,0.01903479512860967,0.4394743916400013,l40s
resnet152,gemm,433,layer3.3.conv1,1024,256,1,1,0,1.1327968060970306,0.030401558914140814,0.4824724897713879,l40s
resnet152,gemm,433,layer3.3.conv2,256,256,3,1,1,1.217310404777527,0.028816105139397183,0.5184679005594955,l40s
resnet152,gemm,433,layer3.3.conv3,256,1024,1,1,0,1.0548720002174377,0.032246426041775494,0.44928332918643216,l40s
resnet152,gemm,433,layer3.4.conv1,1024,256,1,1,0,1.123854398727417,0.0303740984134237,0.4786638053498342,l40s
resnet152,gemm,433,layer3.4.conv2,256,256,3,1,1,1.2226864039897918,0.025851379026060356,0.52075760663122,l40s
resnet152,gemm,433,layer3.4.conv3,256,1024,1,1,0,1.0319856077432632,0.0232066660397323,0.43953572511527955,l40s
resnet152,gemm,433,layer3.5.conv1,1024,256,1,1,0,1.13675999045372,0.030168527771680664,0.4841604601237965,l40s
resnet152,gemm,433,layer3.5.conv2,256,256,3,1,1,1.212878406047821,0.02255949226559645,0.5165802562350449,l40s
resnet152,gemm,433,layer3.5.conv3,256,1024,1,1,0,1.0284144014120102,0.024786109123107553,0.43801470316248686,l40s
resnet152,gemm,433,layer3.6.conv1,1024,256,1,1,0,1.130515205860138,0.032213211380835514,0.4815007273678997,l40s
resnet152,gemm,433,layer3.6.conv2,256,256,3,1,1,1.2127360105514526,0.022958038899164934,0.5165196081918165,l40s
resnet152,gemm,433,layer3.6.conv3,256,1024,1,1,0,1.0309679985046387,0.02140130270803668,0.43910231246763526,l40s
resnet152,gemm,433,layer3.7.conv1,1024,256,1,1,0,1.1278128027915955,0.019302418855754833,0.48034973971519096,l40s
resnet152,gemm,433,layer3.7.conv2,256,256,3,1,1,1.2232544004917145,0.030445976643499312,0.5209995235266324,l40s
resnet152,gemm,433,layer3.7.conv3,256,1024,1,1,0,1.0328191936016082,0.030628565102890862,0.43989075987733867,l40s
resnet152,gemm,433,layer3.8.conv1,1024,256,1,1,0,1.1324560046195984,0.03156592858434673,0.4823273381109582,l40s
resnet152,gemm,433,layer3.8.conv2,256,256,3,1,1,1.2200223922729492,0.031271885683599406,0.5196229703408568,l40s
resnet152,gemm,433,layer3.8.conv3,256,1024,1,1,0,1.0304320096969604,0.02039201045857986,0.4388740280541038,l40s
resnet152,gemm,433,layer3.9.conv1,1024,256,1,1,0,1.1260511934757234,0.021091395597377632,0.479599448022931,l40s
resnet152,gemm,433,layer3.9.conv2,256,256,3,1,1,1.226800000667572,0.03839930043051534,0.5225096394939203,l40s
resnet152,gemm,433,layer3.9.conv3,256,1024,1,1,0,1.0308191984891892,0.025567834843988543,0.4390389366587121,l40s
resnet152,gemm,433,layer3.10.conv1,1024,256,1,1,0,1.1161711990833283,0.023217459852683756,0.4753914334277539,l40s
resnet152,gemm,433,layer3.10.conv2,256,256,3,1,1,1.2115615963935853,0.030689326079848832,0.5160194103454603,l40s
resnet152,gemm,433,layer3.10.conv3,256,1024,1,1,0,1.0255007863044738,0.021529390873666395,0.43677375763050574,l40s
resnet152,gemm,433,layer3.11.conv1,1024,256,1,1,0,1.125192004442215,0.029890429264761716,0.4792335085446857,l40s
resnet152,gemm,433,layer3.11.conv2,256,256,3,1,1,1.2320623993873596,0.11144825830732709,0.5247509616788348,l40s
resnet152,gemm,433,layer3.11.conv3,256,1024,1,1,0,1.0332720071077346,0.01943192669000665,0.44008361887775865,l40s
resnet152,gemm,433,layer3.12.conv1,1024,256,1,1,0,1.124014401435852,0.027067704232279548,0.4787319525274157,l40s
resnet152,gemm,433,layer3.12.conv2,256,256,3,1,1,1.2398175954818726,0.10357069325774801,0.5280539977999171,l40s
resnet152,gemm,433,layer3.12.conv3,256,1024,1,1,0,1.0258816003799438,0.02268961776897878,0.4369359511626053,l40s
resnet152,gemm,433,layer3.13.conv1,1024,256,1,1,0,1.137878382205963,0.03872372643349011,0.48463679731890524,l40s
resnet152,gemm,433,layer3.13.conv2,256,256,3,1,1,1.2364863991737365,0.10948082447007555,0.5266351991521337,l40s
resnet152,gemm,433,layer3.13.conv3,256,1024,1,1,0,1.0353263914585114,0.029375821932063777,0.440958607161034,l40s
resnet152,gemm,433,layer3.14.conv1,1024,256,1,1,0,1.126639997959137,0.030531579663652074,0.4798502273008846,l40s
resnet152,gemm,433,layer3.14.conv2,256,256,3,1,1,1.2287615954875946,0.09715519114612618,0.5233451075422455,l40s
resnet152,gemm,433,layer3.14.conv3,256,1024,1,1,0,1.031433606147766,0.027921491033532152,0.4393006206528518,l40s
resnet152,gemm,433,layer3.15.conv1,1024,256,1,1,0,1.1302160024642944,0.026752267238953673,0.4813732928566407,l40s
resnet152,gemm,433,layer3.15.conv2,256,256,3,1,1,1.2264703810214996,0.03699470680954391,0.5223692503169186,l40s
resnet152,gemm,433,layer3.15.conv3,256,1024,1,1,0,1.0275583952665328,0.025356824025886713,0.43765011931651804,l40s
resnet152,gemm,433,layer3.16.conv1,1024,256,1,1,0,1.1345871806144714,0.03228602702203399,0.48323503292688025,l40s
resnet152,gemm,433,layer3.16.conv2,256,256,3,1,1,1.242913591861725,0.10495582706736975,0.5293726218229289,l40s
resnet152,gemm,433,layer3.16.conv3,256,1024,1,1,0,1.0265023946762084,0.025228207594036312,0.43720035530652823,l40s
resnet152,gemm,433,layer3.17.conv1,1024,256,1,1,0,1.1328159987926483,0.024641983987448827,0.482480664183242,l40s
resnet152,gemm,433,layer3.17.conv2,256,256,3,1,1,1.253904002904892,0.09573280243142614,0.5340535769166119,l40s
resnet152,gemm,433,layer3.17.conv3,256,1024,1,1,0,1.0358975857496262,0.02046467010242865,0.44120188603531585,l40s
resnet152,gemm,433,layer3.18.conv1,1024,256,1,1,0,1.1203440010547638,0.026280481064948426,0.4771686825739782,l40s
resnet152,gemm,433,layer3.18.conv2,256,256,3,1,1,1.2408720016479493,0.10386574963524543,0.5285030827244501,l40s
resnet152,gemm,433,layer3.18.conv3,256,1024,1,1,0,1.0357119917869568,0.025376880148552078,0.44112283921882267,l40s
resnet152,gemm,433,layer3.19.conv1,1024,256,1,1,0,1.1203328192234039,0.027542299988429362,0.4771639200905501,l40s
resnet152,gemm,433,layer3.19.conv2,256,256,3,1,1,1.2445056021213532,0.10384063848250835,0.5300506791316804,l40s
resnet152,gemm,433,layer3.19.conv3,256,1024,1,1,0,1.0355759918689729,0.02831981689421763,0.4410649151333333,l40s
resnet152,gemm,433,layer3.20.conv1,1024,256,1,1,0,1.125084787607193,0.02903175876141377,0.4791878435383403,l40s
resnet152,gemm,433,layer3.20.conv2,256,256,3,1,1,1.2295392096042632,0.10086038278411272,0.5236763032314734,l40s
resnet152,gemm,433,layer3.20.conv3,256,1024,1,1,0,1.0325760066509246,0.02430794549665833,0.43978718347868995,l40s
resnet152,gemm,433,layer3.21.conv1,1024,256,1,1,0,1.1283231914043426,0.028154229440803463,0.48056712068185486,l40s
resnet152,gemm,433,layer3.21.conv2,256,256,3,1,1,1.2407760083675385,0.09684955008321637,0.5284621979719933,l40s
resnet152,gemm,433,layer3.21.conv3,256,1024,1,1,0,1.032449597120285,0.022166952784585033,0.4397333440604904,l40s
resnet152,gemm,433,layer3.22.conv1,1024,256,1,1,0,1.1353648126125335,0.03025230813352125,0.48356623623201983,l40s
resnet152,gemm,433,layer3.22.conv2,256,256,3,1,1,1.2420624017715454,0.10378288755916715,0.5290100891958351,l40s
resnet152,gemm,433,layer3.22.conv3,256,1024,1,1,0,1.0228544026613235,0.02075539289075556,0.435646629359726,l40s
resnet152,gemm,433,layer3.23.conv1,1024,256,1,1,0,1.1380255937576294,0.0273747471075423,0.48469949658100886,l40s
resnet152,gemm,433,layer3.23.conv2,256,256,3,1,1,1.2218063950538636,0.03144562173068442,0.5203827996931591,l40s
resnet152,gemm,433,layer3.23.conv3,256,1024,1,1,0,1.032228809595108,0.02289144613694224,0.4396393078605212,l40s
resnet152,gemm,433,layer3.24.conv1,1024,256,1,1,0,1.1245007872581483,0.02659739908912445,0.4789391104019875,l40s
resnet152,gemm,433,layer3.24.conv2,256,256,3,1,1,1.2381632030010223,0.10359515438064178,0.5273493711140024,l40s
resnet152,gemm,433,layer3.24.conv3,256,1024,1,1,0,1.0296992003917693,0.025205309068320293,0.43856191530087196,l40s
resnet152,gemm,433,layer3.25.conv1,1024,256,1,1,0,1.1341311991214753,0.029359214959324375,0.48304082464077686,l40s
resnet152,gemm,433,layer3.25.conv2,256,256,3,1,1,1.2453392028808594,0.10028758811532144,0.5304057202403325,l40s
resnet152,gemm,433,layer3.25.conv3,256,1024,1,1,0,1.0373199999332428,0.027122738307974317,0.4418077102298774,l40s
resnet152,gemm,433,layer3.26.conv1,1024,256,1,1,0,1.1264335989952088,0.0264895795551326,0.47976231937116876,l40s
resnet152,gemm,433,layer3.26.conv2,256,256,3,1,1,1.2554799914360046,0.11283926938208376,0.5347248103685113,l40s
resnet152,gemm,433,layer3.26.conv3,256,1024,1,1,0,1.0277520030736924,0.025879808523168294,0.437732579330756,l40s
resnet152,gemm,433,layer3.27.conv1,1024,256,1,1,0,1.122732788324356,0.031151078819147353,0.4781860972906256,l40s
resnet152,gemm,433,layer3.27.conv2,256,256,3,1,1,1.236345601081848,0.11114535743812054,0.5265752314636809,l40s
resnet152,gemm,433,layer3.27.conv3,256,1024,1,1,0,1.0377743929624557,0.030836211516033475,0.44200124196916124,l40s
resnet152,gemm,433,layer3.28.conv1,1024,256,1,1,0,1.1170127928256988,0.03534533859659644,0.47574987884892045,l40s
resnet152,gemm,433,layer3.28.conv2,256,256,3,1,1,1.236495989561081,0.10790380108777366,0.5266392838194237,l40s
resnet152,gemm,433,layer3.28.conv3,256,1024,1,1,0,1.0322383999824525,0.02870488391740775,0.4396433925278111,l40s
resnet152,gemm,433,layer3.29.conv1,1024,256,1,1,0,1.1475343883037568,0.04067052640641243,0.488749412465925,l40s
resnet152,gemm,433,layer3.29.conv2,256,256,3,1,1,1.243828797340393,0.11061673919111974,0.5297624194137843,l40s
resnet152,gemm,433,layer3.29.conv3,256,1024,1,1,0,1.0281360030174256,0.020649971140302554,0.4378961297644506,l40s
resnet152,gemm,433,layer3.30.conv1,1024,256,1,1,0,1.1270607948303222,0.02954648884372769,0.4800294500114678,l40s
resnet152,gemm,433,layer3.30.conv2,256,256,3,1,1,1.2413967967033386,0.10701660542681374,0.5287265995772789,l40s
resnet152,gemm,433,layer3.30.conv3,256,1024,1,1,0,1.029100802540779,0.026461996187553318,0.4383070500863099,l40s
resnet152,gemm,433,layer3.31.conv1,1024,256,1,1,0,1.1224112033843994,0.024637003882525252,0.4780491301965989,l40s
resnet152,gemm,433,layer3.31.conv2,256,256,3,1,1,1.2231072008609771,0.031136650707214157,0.5209368293418033,l40s
resnet152,gemm,433,layer3.31.conv3,256,1024,1,1,0,1.0332800090312957,0.029942949353038505,0.4400870269982289,l40s
resnet152,gemm,433,layer3.32.conv1,1024,256,1,1,0,1.1311008036136627,0.02774486230978447,0.48175014085902795,l40s
resnet152,gemm,433,layer3.32.conv2,256,256,3,1,1,1.250814402103424,0.09352790513079841,0.532737676851339,l40s
resnet152,gemm,433,layer3.32.conv3,256,1024,1,1,0,1.0318751990795136,0.02662679292458033,0.43948870066870194,l40s
resnet152,gemm,433,layer3.33.conv1,1024,256,1,1,0,1.1332031965255738,0.026417751784786662,0.4826455765958061,l40s
resnet152,gemm,433,layer3.33.conv2,256,256,3,1,1,1.2367439985275268,0.09797880616367699,0.5267449139755848,l40s
resnet152,gemm,433,layer3.33.conv3,256,1024,1,1,0,1.0374479979276656,0.04163405248247721,0.44186222619489657,l40s
resnet152,gemm,433,layer3.34.conv1,1024,256,1,1,0,1.1244960129261017,0.03752011455626021,0.4789370769535728,l40s
resnet152,gemm,433,layer3.34.conv2,256,256,3,1,1,1.2451104164123534,0.0965706856963826,0.5303082771892116,l40s
resnet152,gemm,433,layer3.34.conv3,256,1024,1,1,0,1.0312831908464433,0.022455381647879552,0.4392365568732416,l40s
resnet152,gemm,433,layer3.35.conv1,1024,256,1,1,0,1.1364751935005188,0.027544083032131603,0.48403916149870263,l40s
resnet152,gemm,433,layer3.35.conv2,256,256,3,1,1,1.2379519999027253,0.09593111116301159,0.5272594170426859,l40s
resnet152,gemm,433,layer3.35.conv3,256,1024,1,1,0,1.026409587264061,0.023135206831713377,0.43716082745566653,l40s
resnet152,gemm,433,layer4.0.conv1,1024,512,1,1,0,1.4761919915676116,0.03627053469604684,0.6287288432654737,l40s
resnet152,gemm,433,layer4.0.conv2,512,512,3,2,1,1.9493103921413422,0.049266143534735345,0.8302359550907098,l40s
resnet152,gemm,433,layer4.0.conv3,512,2048,1,1,0,1.2582240045070647,0.09451218914718384,0.5358935202476651,l40s
resnet152,gemm,433,layer4.0.downsample.0,1024,2048,1,2,0,2.0664224147796633,0.09702173775226557,0.8801154470175558,l40s
resnet152,gemm,433,layer4.1.conv1,2048,512,1,1,0,1.291505604982376,0.09115938200083906,0.5500685749074896,l40s
resnet152,gemm,433,layer4.1.conv2,512,512,3,1,1,1.9006847977638244,0.13941809270148006,0.8095256993240414,l40s
resnet152,gemm,433,layer4.1.conv3,512,2048,1,1,0,1.287936007976532,0.09353527480087868,0.5485482383867469,l40s
resnet152,gemm,433,layer4.2.conv1,2048,512,1,1,0,1.2874176025390625,0.09665817221308669,0.5483274429530197,l40s
resnet152,gemm,433,layer4.2.conv2,512,512,3,1,1,1.8563135981559753,0.05178261209521881,0.7906274441085261,l40s
resnet152,gemm,433,layer4.2.conv3,512,2048,1,1,0,1.335636818408966,0.24775896848286827,0.5688646169725443,l40s
resnet152,gemm,436,conv1,3,64,7,2,3,2.1805423855781556,0.12037909596306536,0.9331473589382626,l40s
resnet152,gemm,436,layer1.0.conv1,64,64,1,1,0,1.3123807966709138,0.05307042652238199,0.5616238796523325,l40s
resnet152,gemm,436,layer1.0.conv2,64,64,3,1,1,1.4675231873989105,0.021730101653111806,0.6280159448213907,l40s
resnet152,gemm,436,layer1.0.conv3,64,256,1,1,0,2.2700655937194822,0.12830343209293424,0.9714581690345359,l40s
resnet152,gemm,436,layer1.0.downsample.0,64,256,1,1,0,2.7349679827690125,0.2338843720557692,1.1704097873910086,l40s
resnet152,gemm,436,layer1.1.conv1,256,64,1,1,0,2.3000271797180174,0.057022353847058685,0.9842800132825769,l40s
resnet152,gemm,436,layer1.1.conv2,64,64,3,1,1,1.487956804037094,0.035588830576101974,0.6367603634236562,l40s
resnet152,gemm,436,layer1.1.conv3,64,256,1,1,0,2.5265519976615907,0.1012420444936458,1.081219672422461,l40s
resnet152,gemm,436,layer1.2.conv1,256,64,1,1,0,2.2405039787292482,0.04376101506296287,0.9588074894896058,l40s
resnet152,gemm,436,layer1.2.conv2,64,64,3,1,1,1.4743471920490265,0.0368375992358592,0.6309362283062493,l40s
resnet152,gemm,436,layer1.2.conv3,64,256,1,1,0,2.226190412044525,0.04673562432048092,0.9526821020460159,l40s
resnet152,gemm,436,layer2.0.conv1,256,128,1,1,0,2.535702407360077,0.04098616178126741,1.0851355241389051,l40s
resnet152,gemm,436,layer2.0.conv2,128,128,3,2,1,1.6284288048744202,0.02855406821788026,0.6968743412362768,l40s
resnet152,gemm,436,layer2.0.conv3,128,512,1,1,0,1.641422402858734,0.03055125204561133,0.702434857611634,l40s
resnet152,gemm,436,layer2.0.downsample.0,256,512,1,2,0,2.8779136061668398,0.06562964463599615,1.2315823341058474,l40s
resnet152,gemm,436,layer2.1.conv1,512,128,1,1,0,1.325030392408371,0.0666227678688513,0.5670371827516508,l40s
resnet152,gemm,436,layer2.1.conv2,128,128,3,1,1,1.2866367995738983,0.04760483851296078,0.5506069221015512,l40s
resnet152,gemm,436,layer2.1.conv3,128,512,1,1,0,1.6512559950351715,0.06437085368104124,0.7066430723333514,l40s
resnet152,gemm,436,layer2.2.conv1,512,128,1,1,0,1.345929592847824,0.06132092360372273,0.5759808445777089,l40s
resnet152,gemm,436,layer2.2.conv2,128,128,3,1,1,1.281409603357315,0.03520227597010365,0.5483699812484782,l40s
resnet152,gemm,436,layer2.2.conv3,128,512,1,1,0,1.5944447994232178,0.047963137270889966,0.6823311316464642,l40s
resnet152,gemm,436,layer2.3.conv1,512,128,1,1,0,1.3399839997291565,0.031136738599390243,0.5734364709609883,l40s
resnet152,gemm,436,layer2.3.conv2,128,128,3,1,1,1.2691168010234832,0.024450570552928916,0.5431093653083191,l40s
resnet152,gemm,436,layer2.3.conv3,128,512,1,1,0,1.5906240046024323,0.04885558650187435,0.6806960501091174,l40s
resnet152,gemm,436,layer2.4.conv1,512,128,1,1,0,1.3366880059242248,0.03226191472183868,0.5720259742265561,l40s
resnet152,gemm,436,layer2.4.conv2,128,128,3,1,1,1.2709632098674775,0.027284784423235026,0.5438995226323358,l40s
resnet152,gemm,436,layer2.4.conv3,128,512,1,1,0,1.6044352054595947,0.06121734829444361,0.6866064537265228,l40s
resnet152,gemm,436,layer2.5.conv1,512,128,1,1,0,1.3377424001693725,0.02302967668394645,0.5724771946255022,l40s
resnet152,gemm,436,layer2.5.conv2,128,128,3,1,1,1.264571189880371,0.026579589863939136,0.5411641038628137,l40s
resnet152,gemm,436,layer2.5.conv3,128,512,1,1,0,1.5916032075881958,0.038497305407539664,0.6811150929518859,l40s
resnet152,gemm,436,layer2.6.conv1,512,128,1,1,0,1.3280112028121949,0.02378257325658662,0.5683127990268586,l40s
resnet152,gemm,436,layer2.6.conv2,128,128,3,1,1,1.2680559992790221,0.02814702661376178,0.5426554028663376,l40s
resnet152,gemm,436,layer2.6.conv3,128,512,1,1,0,1.6108112037181854,0.07041026693106854,0.6893350161130877,l40s
resnet152,gemm,436,layer2.7.conv1,512,128,1,1,0,1.3377264022827149,0.04064970901647029,0.5724703484454957,l40s
resnet152,gemm,436,layer2.7.conv2,128,128,3,1,1,1.2532912194728851,0.022825191758302308,0.5363369220275676,l40s
resnet152,gemm,436,layer2.7.conv3,128,512,1,1,0,1.580953586101532,0.0583594562763011,0.6765576643828752,l40s
resnet152,gemm,436,layer3.0.conv1,512,256,1,1,0,1.7186432003974914,0.03006313471348982,0.7354809399785641,l40s
resnet152,gemm,436,layer3.0.conv2,256,256,3,2,1,1.6209839940071107,0.10980989200141997,0.693688388216252,l40s
resnet152,gemm,436,layer3.0.conv3,256,1024,1,1,0,1.2238143920898437,0.04039463038992719,0.5237225267265235,l40s
resnet152,gemm,436,layer3.0.downsample.0,512,1024,1,2,0,1.8634367883205414,0.07725719608387427,0.7974443097599612,l40s
resnet152,gemm,436,layer3.1.conv1,1024,256,1,1,0,1.151857578754425,0.0343766386752767,0.4929291283657959,l40s
resnet152,gemm,436,layer3.1.conv2,256,256,3,1,1,1.2480544030666352,0.103934624718108,0.534095864283835,l40s
resnet152,gemm,436,layer3.1.conv3,256,1024,1,1,0,1.045193612575531,0.03774409775560003,0.4472830547136552,l40s
resnet152,gemm,436,layer3.2.conv1,1024,256,1,1,0,1.1199279844760894,0.024610159794786122,0.4792650891937717,l40s
resnet152,gemm,436,layer3.2.conv2,256,256,3,1,1,1.2454288065433503,0.10695101035906195,0.5329722592222939,l40s
resnet152,gemm,436,layer3.2.conv3,256,1024,1,1,0,1.0586688011884688,0.05719293182362461,0.4530496643189182,l40s
resnet152,gemm,436,layer3.3.conv1,1024,256,1,1,0,1.133263999223709,0.03394864129831922,0.48497214034893804,l40s
resnet152,gemm,436,layer3.3.conv2,256,256,3,1,1,1.2400831878185272,0.10740404201057227,0.5306846403124523,l40s
resnet152,gemm,436,layer3.3.conv3,256,1024,1,1,0,1.0396896064281465,0.045411848952429994,0.44492765505071763,l40s
resnet152,gemm,436,layer3.4.conv1,1024,256,1,1,0,1.1297104060649872,0.024753688194181944,0.4834514058322718,l40s
resnet152,gemm,436,layer3.4.conv2,256,256,3,1,1,1.2412847936153413,0.11403815126413525,0.5311988588312933,l40s
resnet152,gemm,436,layer3.4.conv3,256,1024,1,1,0,1.0420303910970687,0.03994241616645042,0.44592937693702206,l40s
resnet152,gemm,436,layer3.5.conv1,1024,256,1,1,0,1.131798416376114,0.02617410513331119,0.4843449547585162,l40s
resnet152,gemm,436,layer3.5.conv2,256,256,3,1,1,1.2458479940891265,0.1181828930826825,0.5331516475037728,l40s
resnet152,gemm,436,layer3.5.conv3,256,1024,1,1,0,1.0562720030546189,0.050637396336635686,0.45202397187500937,l40s
resnet152,gemm,436,layer3.6.conv1,1024,256,1,1,0,1.11699520945549,0.030912216820415478,0.478010029313747,l40s
resnet152,gemm,436,layer3.6.conv2,256,256,3,1,1,1.2504799962043762,0.10291358592625777,0.5351338793416078,l40s
resnet152,gemm,436,layer3.6.conv3,256,1024,1,1,0,1.0425808072090148,0.0362160258622382,0.4461649235352338,l40s
resnet152,gemm,436,layer3.7.conv1,1024,256,1,1,0,1.1262720048427581,0.018319960234515587,0.4819799668725368,l40s
resnet152,gemm,436,layer3.7.conv2,256,256,3,1,1,1.2477552056312562,0.10927311184097806,0.5339678249031418,l40s
resnet152,gemm,436,layer3.7.conv3,256,1024,1,1,0,1.0483359932899474,0.04947918943146564,0.44862781383589473,l40s
resnet152,gemm,436,layer3.8.conv1,1024,256,1,1,0,1.128007984161377,0.02174181512561142,0.4827228666790504,l40s
resnet152,gemm,436,layer3.8.conv2,256,256,3,1,1,1.2354784071445466,0.10278042198172782,0.5287140576937266,l40s
resnet152,gemm,436,layer3.8.conv3,256,1024,1,1,0,1.0260976016521455,0.04217066634116705,0.43911105481249824,l40s
resnet152,gemm,436,layer3.9.conv1,1024,256,1,1,0,1.1200223982334137,0.02232924222925162,0.4793054928790554,l40s
resnet152,gemm,436,layer3.9.conv2,256,256,3,1,1,1.2454607963562012,0.09952045981885814,0.5329859490315689,l40s
resnet152,gemm,436,layer3.9.conv3,256,1024,1,1,0,1.0303088039159776,0.035856537778252304,0.4409132083943043,l40s
resnet152,gemm,436,layer3.10.conv1,1024,256,1,1,0,1.1238527953624726,0.03159388170539182,0.4809446836548487,l40s
resnet152,gemm,436,layer3.10.conv2,256,256,3,1,1,1.254339200258255,0.09968411616756788,0.5367853978327404,l40s
resnet152,gemm,436,layer3.10.conv3,256,1024,1,1,0,1.0483152002096177,0.04496311837693368,0.44861891558740286,l40s
resnet152,gemm,436,layer3.11.conv1,1024,256,1,1,0,1.1211296141147613,0.026118711195322424,0.47977931791556344,l40s
resnet152,gemm,436,layer3.11.conv2,256,256,3,1,1,1.2258544087409973,0.030739438484081043,0.5245955371127489,l40s
resnet152,gemm,436,layer3.11.conv3,256,1024,1,1,0,1.0411759853363036,0.03411527173657168,0.44556374016500017,l40s
resnet152,gemm,436,layer3.12.conv1,1024,256,1,1,0,1.1210464119911194,0.02781310328722461,0.4797437121679073,l40s
resnet152,gemm,436,layer3.12.conv2,256,256,3,1,1,1.2255279958248138,0.02722899638980282,0.5244558510636839,l40s
resnet152,gemm,436,layer3.12.conv3,256,1024,1,1,0,1.0360223948955536,0.03336130890134273,0.4433582983718748,l40s
resnet152,gemm,436,layer3.13.conv1,1024,256,1,1,0,1.120467185974121,0.027802242882520513,0.47949583657898726,l40s
resnet152,gemm,436,layer3.13.conv2,256,256,3,1,1,1.2235200107097626,0.03221686891085676,0.5235965483418977,l40s
resnet152,gemm,436,layer3.13.conv3,256,1024,1,1,0,1.050563210248947,0.033161746876273164,0.4495809352412931,l40s
resnet152,gemm,436,layer3.14.conv1,1024,256,1,1,0,1.1284432053565978,0.026099266774157075,0.48290911644496204,l40s
resnet152,gemm,436,layer3.14.conv2,256,256,3,1,1,1.2234495997428894,0.03234870260490158,0.5235664164773615,l40s
resnet152,gemm,436,layer3.14.conv3,256,1024,1,1,0,1.0404735922813415,0.040490977872212605,0.44526315613209655,l40s
resnet152,gemm,436,layer3.15.conv1,1024,256,1,1,0,1.1330976068973542,0.03305603098345963,0.4849009339551011,l40s
resnet152,gemm,436,layer3.15.conv2,256,256,3,1,1,1.2221327900886536,0.039641994835031696,0.5230028973001138,l40s
resnet152,gemm,436,layer3.15.conv3,256,1024,1,1,0,1.0337408035993576,0.03658474699899426,0.44238190786174164,l40s
resnet152,gemm,436,layer3.16.conv1,1024,256,1,1,0,1.1300703942775727,0.024664842483556763,0.483605460186842,l40s
resnet152,gemm,436,layer3.16.conv2,256,256,3,1,1,1.2330335974693298,0.02968800898532588,0.5276678190575854,l40s
resnet152,gemm,436,layer3.16.conv3,256,1024,1,1,0,1.038646388053894,0.038494687065197625,0.4444812172849728,l40s
resnet152,gemm,436,layer3.17.conv1,1024,256,1,1,0,1.1272640109062195,0.02388737884658543,0.4824044886999006,l40s
resnet152,gemm,436,layer3.17.conv2,256,256,3,1,1,1.21868639588356,0.02931923605976519,0.5215280378011133,l40s
resnet152,gemm,436,layer3.17.conv3,256,1024,1,1,0,1.0398768037557602,0.051123841220647476,0.4450077647945219,l40s
resnet152,gemm,436,layer3.18.conv1,1024,256,1,1,0,1.1314240157604218,0.02902220313792634,0.4841847327201699,l40s
resnet152,gemm,436,layer3.18.conv2,256,256,3,1,1,1.209308820962906,0.0272250501081004,0.5175149723691685,l40s
resnet152,gemm,436,layer3.18.conv3,256,1024,1,1,0,1.042537596821785,0.03427967102719727,0.4461464319622248,l40s
resnet152,gemm,436,layer3.19.conv1,1024,256,1,1,0,1.12852640748024,0.029054511244815416,0.4829447221926183,l40s
resnet152,gemm,436,layer3.19.conv2,256,256,3,1,1,1.2249599874019623,0.024098691836774183,0.524212775963129,l40s
resnet152,gemm,436,layer3.19.conv3,256,1024,1,1,0,1.0511519968509675,0.0380235134831943,0.44983290221349576,l40s
resnet152,gemm,436,layer3.20.conv1,1024,256,1,1,0,1.1392319917678833,0.03506460116709503,0.48752609963796273,l40s
resnet152,gemm,436,layer3.20.conv2,256,256,3,1,1,1.2290191948413849,0.033808454680613186,0.5259498844580301,l40s
resnet152,gemm,436,layer3.20.conv3,256,1024,1,1,0,1.0410144090652467,0.04370481135633998,0.4454945947672308,l40s
resnet152,gemm,436,layer3.21.conv1,1024,256,1,1,0,1.132996791601181,0.03336776381748288,0.4848577907775198,l40s
resnet152,gemm,436,layer3.21.conv2,256,256,3,1,1,1.2306511998176575,0.03774161915947543,0.5266482891959775,l40s
resnet152,gemm,436,layer3.21.conv3,256,1024,1,1,0,1.0466992110013962,0.05132503426492381,0.447927364681675,l40s
resnet152,gemm,436,layer3.22.conv1,1024,256,1,1,0,1.1307615995407105,0.022550093888418967,0.4839012564850691,l40s
resnet152,gemm,436,layer3.22.conv2,256,256,3,1,1,1.2095983922481537,0.020508889078208577,0.5176388923084646,l40s
resnet152,gemm,436,layer3.22.conv3,256,1024,1,1,0,1.0483472019433975,0.042112928022195364,0.44863261049815334,l40s
resnet152,gemm,436,layer3.23.conv1,1024,256,1,1,0,1.1406255960464478,0.027382354292880256,0.48812248251983126,l40s
resnet152,gemm,436,layer3.23.conv2,256,256,3,1,1,1.2162863910198212,0.02847616882212261,0.5205009730603181,l40s
resnet152,gemm,436,layer3.23.conv3,256,1024,1,1,0,1.034982407093048,0.045031363428590085,0.4429132431059673,l40s
resnet152,gemm,436,layer3.24.conv1,1024,256,1,1,0,1.1376976013183593,0.039948751435647384,0.4868694683314478,l40s
resnet152,gemm,436,layer3.24.conv2,256,256,3,1,1,1.2233744025230409,0.02945335491164139,0.5235342363704462,l40s
resnet152,gemm,436,layer3.24.conv3,256,1024,1,1,0,1.041811192035675,0.03957911004781054,0.44583557228246723,l40s
resnet152,gemm,436,layer3.25.conv1,1024,256,1,1,0,1.1305856108665466,0.028962826430502936,0.48382594340352325,l40s
resnet152,gemm,436,layer3.25.conv2,256,256,3,1,1,1.2117679953575133,0.020426201889510404,0.5185673582831842,l40s
resnet152,gemm,436,layer3.25.conv3,256,1024,1,1,0,1.036540788412094,0.03882548381049581,0.44358014113175415,l40s
resnet152,gemm,436,layer3.26.conv1,1024,256,1,1,0,1.1132863998413085,0.024398268858478088,0.476422871036445,l40s
resnet152,gemm,436,layer3.26.conv2,256,256,3,1,1,1.2219104051589966,0.026280833669669657,0.5229077292762544,l40s
resnet152,gemm,436,layer3.26.conv3,256,1024,1,1,0,1.0377039968967439,0.04090730111583254,0.44407792779828464,l40s
resnet152,gemm,436,layer3.27.conv1,1024,256,1,1,0,1.1298287987709046,0.030526337585231964,0.48350207113535193,l40s
resnet152,gemm,436,layer3.27.conv2,256,256,3,1,1,1.227678394317627,0.02784290935263821,0.5253760985615107,l40s
resnet152,gemm,436,layer3.27.conv3,256,1024,1,1,0,1.0362575948238373,0.04157250377007318,0.44345895048180495,l40s
resnet152,gemm,436,layer3.28.conv1,1024,256,1,1,0,1.122817599773407,0.02876557520929482,0.4805016791820578,l40s
resnet152,gemm,436,layer3.28.conv2,256,256,3,1,1,1.2168783962726593,0.03452828757004953,0.5207543174308824,l40s
resnet152,gemm,436,layer3.28.conv3,256,1024,1,1,0,1.0544543981552124,0.09114555437950655,0.4512461409909632,l40s
resnet152,gemm,436,layer3.29.conv1,1024,256,1,1,0,1.1254703879356385,0.031012435462719656,0.48163692070901976,l40s
resnet152,gemm,436,layer3.29.conv2,256,256,3,1,1,1.220489603281021,0.028606253072312203,0.5222997073782275,l40s
resnet152,gemm,436,layer3.29.conv3,256,1024,1,1,0,1.0392080128192902,0.03928175223411919,0.4447215605454432,l40s
resnet152,gemm,436,layer3.30.conv1,1024,256,1,1,0,1.1160351932048798,0.032139060878226246,0.4775991972956585,l40s
resnet152,gemm,436,layer3.30.conv2,256,256,3,1,1,1.2204975962638855,0.029291499568975737,0.522303127917493,l40s
resnet152,gemm,436,layer3.30.conv3,256,1024,1,1,0,1.0383391946554184,0.04404262499858148,0.4443497560896451,l40s
resnet152,gemm,436,layer3.31.conv1,1024,256,1,1,0,1.13711359500885,0.02964489816112548,0.4866195470508865,l40s
resnet152,gemm,436,layer3.31.conv2,256,256,3,1,1,1.2222287952899933,0.032712999465835446,0.5230439820323652,l40s
resnet152,gemm,436,layer3.31.conv3,256,1024,1,1,0,1.0347856104373931,0.039380013878521136,0.4428290253990854,l40s
resnet152,gemm,436,layer3.32.conv1,1024,256,1,1,0,1.1304880321025848,0.023480451759652004,0.483784185276517,l40s
resnet152,gemm,436,layer3.32.conv2,256,256,3,1,1,1.2184575974941254,0.026018074324199687,0.521430125183481,l40s
resnet152,gemm,436,layer3.32.conv3,256,1024,1,1,0,1.0419023990631104,0.03780029573180914,0.44587460367086434,l40s
resnet152,gemm,436,layer3.33.conv1,1024,256,1,1,0,1.1242208063602448,0.022768030681650526,0.4811021713023728,l40s
resnet152,gemm,436,layer3.33.conv2,256,256,3,1,1,1.215396785736084,0.01935014206425423,0.5201202729067658,l40s
resnet152,gemm,436,layer3.33.conv3,256,1024,1,1,0,1.044510406255722,0.03556532944102472,0.4469906815054313,l40s
resnet152,gemm,436,layer3.34.conv1,1024,256,1,1,0,1.1191199898719788,0.031001467611990633,0.4789193137409078,l40s
resnet152,gemm,436,layer3.34.conv2,256,256,3,1,1,1.2183536112308502,0.032988186510186326,0.5213856250134393,l40s
resnet152,gemm,436,layer3.34.conv3,256,1024,1,1,0,1.0398752093315125,0.04725833642865522,0.4450070824721853,l40s
resnet152,gemm,436,layer3.35.conv1,1024,256,1,1,0,1.1442784070968628,0.031992387123179644,0.4896856766163732,l40s
resnet152,gemm,436,layer3.35.conv2,256,256,3,1,1,1.223532795906067,0.021829318853066392,0.5236020196742799,l40s
resnet152,gemm,436,layer3.35.conv3,256,1024,1,1,0,1.0362496018409728,0.04072415257744383,0.4434555299425394,l40s
resnet152,gemm,436,layer4.0.conv1,1024,512,1,1,0,1.454367995262146,0.030278407795605842,0.6223862753960506,l40s
resnet152,gemm,436,layer4.0.conv2,512,512,3,2,1,1.9305088102817536,0.021283791768462332,0.8261472969459496,l40s
resnet152,gemm,436,layer4.0.conv3,512,2048,1,1,0,1.21875039935112,0.025364526969880723,0.5215554276226143,l40s
resnet152,gemm,436,layer4.0.downsample.0,1024,2048,1,2,0,2.049510395526886,0.027970692220501324,0.8770731655350708,l40s
resnet152,gemm,436,layer4.1.conv1,2048,512,1,1,0,1.2761711955070496,0.03021665986071238,0.5461282424577779,l40s
resnet152,gemm,436,layer4.1.conv2,512,512,3,1,1,1.8500992000102996,0.026769760951613417,0.7917365852100402,l40s
resnet152,gemm,436,layer4.1.conv3,512,2048,1,1,0,1.2784416139125825,0.024870804458356547,0.5470998516100789,l40s
resnet152,gemm,436,layer4.2.conv1,2048,512,1,1,0,1.2824960112571717,0.032847279408522535,0.5488349016596502,l40s
resnet152,gemm,436,layer4.2.conv2,512,512,3,1,1,1.8562431931495667,0.02836779924783225,0.794365862682086,l40s
resnet152,gemm,436,layer4.2.conv3,512,2048,1,1,0,1.282292801141739,0.03156265979361244,0.5487479393589952,l40s
resnet152,gemm,439,conv1,3,64,7,2,3,2.1414080262184143,0.02690000309795309,0.9179326289585444,l40s
resnet152,gemm,439,layer1.0.conv1,64,64,1,1,0,1.3136848151683806,0.050557061343801286,0.5631220866113618,l40s
resnet152,gemm,439,layer1.0.conv2,64,64,3,1,1,1.593803209066391,0.026101535108886773,0.683197201013786,l40s
resnet152,gemm,439,layer1.0.conv3,64,256,1,1,0,2.3447375774383543,0.13605643529371778,1.0050915576685855,l40s
resnet152,gemm,439,layer1.0.downsample.0,64,256,1,1,0,2.4043807983398438,0.29869796977582547,1.0306581278370655,l40s
resnet152,gemm,439,layer1.1.conv1,256,64,1,1,0,2.3161279916763307,0.051213180808811175,0.9928278171995047,l40s
resnet152,gemm,439,layer1.1.conv2,64,64,3,1,1,1.5992320001125335,0.04172998920278446,0.6855242981274793,l40s
resnet152,gemm,439,layer1.1.conv3,64,256,1,1,0,2.2941839694976807,0.09884193589679505,0.9834213268334699,l40s
resnet152,gemm,439,layer1.2.conv1,256,64,1,1,0,2.264672005176544,0.04514042227075765,0.9707707741768281,l40s
resnet152,gemm,439,layer1.2.conv2,64,64,3,1,1,1.570244812965393,0.03629335939730985,0.6730986956368243,l40s
resnet152,gemm,439,layer1.2.conv3,64,256,1,1,0,2.227623999118805,0.04702482701790665,0.9548898336078755,l40s
resnet152,gemm,439,layer2.0.conv1,256,128,1,1,0,2.5610063910484313,0.05479786988741774,1.0977970104399648,l40s
resnet152,gemm,439,layer2.0.conv2,128,128,3,2,1,1.6258319973945619,0.04032431323970418,0.6969266115289572,l40s
resnet152,gemm,439,layer2.0.conv3,128,512,1,1,0,1.4541024029254914,0.032595051593138975,0.6233132710581297,l40s
resnet152,gemm,439,layer2.0.downsample.0,256,512,1,2,0,2.5803871870040895,0.05659886198500136,1.1061047522458562,l40s
resnet152,gemm,439,layer2.1.conv1,512,128,1,1,0,1.3373759865760804,0.029193417873171857,0.5732775072444771,l40s
resnet152,gemm,439,layer2.1.conv2,128,128,3,1,1,1.2888144075870513,0.025364915999787796,0.5524611764368934,l40s
resnet152,gemm,439,layer2.1.conv3,128,512,1,1,0,1.428579217195511,0.03191353828286477,0.6123725420192593,l40s
resnet152,gemm,439,layer2.2.conv1,512,128,1,1,0,1.3392783999443054,0.01930840739775559,0.5740929927956099,l40s
resnet152,gemm,439,layer2.2.conv2,128,128,3,1,1,1.2690031945705413,0.028278171777834645,0.5439689327241355,l40s
resnet152,gemm,439,layer2.2.conv3,128,512,1,1,0,1.4230592012405396,0.04862234574499963,0.6100063405782439,l40s
resnet152,gemm,439,layer2.3.conv1,512,128,1,1,0,1.3338543951511384,0.021865049782062513,0.5717679473496619,l40s
resnet152,gemm,439,layer2.3.conv2,128,128,3,1,1,1.273575985431671,0.02413062924391649,0.5459290981318681,l40s
resnet152,gemm,439,layer2.3.conv3,128,512,1,1,0,1.417464005947113,0.022809737620182655,0.6076079128791091,l40s
resnet152,gemm,439,layer2.4.conv1,512,128,1,1,0,1.3307344138622283,0.044501217745729786,0.5704305410301908,l40s
resnet152,gemm,439,layer2.4.conv2,128,128,3,1,1,1.263289600610733,0.022057498850590412,0.541519752437093,l40s
resnet152,gemm,439,layer2.4.conv3,128,512,1,1,0,1.409830391407013,0.022140108445706578,0.6043356995608354,l40s
resnet152,gemm,439,layer2.5.conv1,512,128,1,1,0,1.3399616062641144,0.02787147862432138,0.5743858549524641,l40s
resnet152,gemm,439,layer2.5.conv2,128,128,3,1,1,1.267305600643158,0.02798106195874242,0.5432412447554774,l40s
resnet152,gemm,439,layer2.5.conv3,128,512,1,1,0,1.4159088015556336,0.025933335305974584,0.6069412613871188,l40s
resnet152,gemm,439,layer2.6.conv1,512,128,1,1,0,1.3260511994361877,0.024364360443022613,0.5684230416291245,l40s
resnet152,gemm,439,layer2.6.conv2,128,128,3,1,1,1.2652895987033843,0.02602021162621135,0.5423770685041956,l40s
resnet152,gemm,439,layer2.6.conv3,128,512,1,1,0,1.4044192016124726,0.019641513919107522,0.6020161473722374,l40s
resnet152,gemm,439,layer2.7.conv1,512,128,1,1,0,1.3413391947746276,0.028367425542898412,0.5749763698975825,l40s
resnet152,gemm,439,layer2.7.conv2,128,128,3,1,1,1.2714080035686492,0.03339256329225555,0.5449997744034182,l40s
resnet152,gemm,439,layer2.7.conv3,128,512,1,1,0,1.4110704064369202,0.01841107824470984,0.6048672424720484,l40s
resnet152,gemm,439,layer3.0.conv1,512,256,1,1,0,1.7177296042442323,0.04177172054054288,0.7363192965369999,l40s
resnet152,gemm,439,layer3.0.conv2,256,256,3,2,1,1.599476796388626,0.03607101549818426,0.6856292321178826,l40s
resnet152,gemm,439,layer3.0.conv3,256,1024,1,1,0,1.135452800989151,0.026622054082181792,0.4867214290360596,l40s
resnet152,gemm,439,layer3.0.downsample.0,512,1024,1,2,0,1.848083209991455,0.05935921085272676,0.7921964701315521,l40s
resnet152,gemm,439,layer3.1.conv1,1024,256,1,1,0,1.149980789422989,0.03007961171081787,0.4929489739286143,l40s
resnet152,gemm,439,layer3.1.conv2,256,256,3,1,1,1.2296879887580872,0.027149671446858856,0.5271161378398264,l40s
resnet152,gemm,439,layer3.1.conv3,256,1024,1,1,0,1.0421152144670487,0.034672933691471675,0.44671148458461374,l40s
resnet152,gemm,439,layer3.2.conv1,1024,256,1,1,0,1.1310320019721984,0.02920525392702383,0.4848264162155021,l40s
resnet152,gemm,439,layer3.2.conv2,256,256,3,1,1,1.225982403755188,0.02241549521251832,0.5255277075444812,l40s
resnet152,gemm,439,layer3.2.conv3,256,1024,1,1,0,1.0466000020503998,0.03801684064611492,0.448633926644372,l40s
resnet152,gemm,439,layer3.3.conv1,1024,256,1,1,0,1.140451192855835,0.04681352715831209,0.4888640319078965,l40s
resnet152,gemm,439,layer3.3.conv2,256,256,3,1,1,1.224017596244812,0.03153251314212158,0.5246854762175621,l40s
resnet152,gemm,439,layer3.3.conv3,256,1024,1,1,0,1.0440399914979934,0.04660028049609215,0.4475365565085732,l40s
resnet152,gemm,439,layer3.4.conv1,1024,256,1,1,0,1.1314576148986817,0.034025922510823016,0.48500885878961325,l40s
resnet152,gemm,439,layer3.4.conv2,256,256,3,1,1,1.219865584373474,0.030743134651093802,0.522905681276168,l40s
resnet152,gemm,439,layer3.4.conv3,256,1024,1,1,0,1.0312128007411956,0.03260414111795973,0.44203807289901415,l40s
resnet152,gemm,439,layer3.5.conv1,1024,256,1,1,0,1.1314096093177795,0.027364853513169293,0.4849882807920795,l40s
resnet152,gemm,439,layer3.5.conv2,256,256,3,1,1,1.2176095962524414,0.026038707236870094,0.5219386329222419,l40s
resnet152,gemm,439,layer3.5.conv3,256,1024,1,1,0,1.0474767953157424,0.03803074093754905,0.4490097714797584,l40s
resnet152,gemm,439,layer3.6.conv1,1024,256,1,1,0,1.1425711989402771,0.02950035575785404,0.48977279041383,l40s
resnet152,gemm,439,layer3.6.conv2,256,256,3,1,1,1.215748804807663,0.027037291208061465,0.5211409889599815,l40s
resnet152,gemm,439,layer3.6.conv3,256,1024,1,1,0,1.0337648063898086,0.03845254418277849,0.4431320116652217,l40s
resnet152,gemm,439,layer3.7.conv1,1024,256,1,1,0,1.126339191198349,0.027415091299689196,0.4828148032589318,l40s
resnet152,gemm,439,layer3.7.conv2,256,256,3,1,1,1.212503981590271,0.022605781624721506,0.5197500680939071,l40s
resnet152,gemm,439,layer3.7.conv3,256,1024,1,1,0,1.0390975832939149,0.033566494808107354,0.4454179515063458,l40s
resnet152,gemm,439,layer3.8.conv1,1024,256,1,1,0,1.1372816026210786,0.026778746581756736,0.4875053602949722,l40s
resnet152,gemm,439,layer3.8.conv2,256,256,3,1,1,1.229374396800995,0.03399000426111905,0.5269817139999651,l40s
resnet152,gemm,439,layer3.8.conv3,256,1024,1,1,0,1.0388864040374757,0.045718562511137796,0.4453274277352236,l40s
resnet152,gemm,439,layer3.9.conv1,1024,256,1,1,0,1.1274944007396699,0.030053915256288866,0.4833099935815044,l40s
resnet152,gemm,439,layer3.9.conv2,256,256,3,1,1,1.2208335816860199,0.02874380779874471,0.5233206214963646,l40s
resnet152,gemm,439,layer3.9.conv3,256,1024,1,1,0,1.0477696001529693,0.04471947048937763,0.4491352847451971,l40s
resnet152,gemm,439,layer3.10.conv1,1024,256,1,1,0,1.1174479961395263,0.026345958560955566,0.4790035174343703,l40s
resnet152,gemm,439,layer3.10.conv2,256,256,3,1,1,1.2354832112789154,0.035171294478302695,0.5296003088986869,l40s
resnet152,gemm,439,layer3.10.conv3,256,1024,1,1,0,1.039644804596901,0.044900444669807194,0.4456525225377056,l40s
resnet152,gemm,439,layer3.11.conv1,1024,256,1,1,0,1.136227196455002,0.028113390333197336,0.48705338019021555,l40s
resnet152,gemm,439,layer3.11.conv2,256,256,3,1,1,1.2189920127391816,0.030490396652001445,0.5225312174201294,l40s
resnet152,gemm,439,layer3.11.conv3,256,1024,1,1,0,1.0310896039009094,0.03342084076079649,0.4419852635333544,l40s
resnet152,gemm,439,layer3.12.conv1,1024,256,1,1,0,1.1249215960502625,0.027240016718665248,0.48220713913086755,l40s
resnet152,gemm,439,layer3.12.conv2,256,256,3,1,1,1.2109264016151429,0.02552590822734039,0.5190738251190832,l40s
resnet152,gemm,439,layer3.12.conv3,256,1024,1,1,0,1.0311455965042113,0.031761920458956705,0.44200926523546896,l40s
resnet152,gemm,439,layer3.13.conv1,1024,256,1,1,0,1.1277119994163514,0.03145572353829269,0.4834032690913085,l40s
resnet152,gemm,439,layer3.13.conv2,256,256,3,1,1,1.2183264017105102,0.02978163949972823,0.5222458976333669,l40s
resnet152,gemm,439,layer3.13.conv3,256,1024,1,1,0,1.0331279993057252,0.04911395487439759,0.44285903893247985,l40s
resnet152,gemm,439,layer3.14.conv1,1024,256,1,1,0,1.1237024068832397,0.024787056367958055,0.48168452340159923,l40s
resnet152,gemm,439,layer3.14.conv2,256,256,3,1,1,1.2250575840473175,0.03322604641415619,0.525131275769049,l40s
resnet152,gemm,439,layer3.14.conv3,256,1024,1,1,0,1.0388016104698181,0.037119240546241036,0.44529108025659003,l40s
resnet152,gemm,439,layer3.15.conv1,1024,256,1,1,0,1.1228927969932556,0.03049216962029316,0.481337477287246,l40s
resnet152,gemm,439,layer3.15.conv2,256,256,3,1,1,1.216968011856079,0.03589949210727325,0.52166361235426,l40s
resnet152,gemm,439,layer3.15.conv3,256,1024,1,1,0,1.042127987742424,0.055079385622723215,0.44671695995693994,l40s
resnet152,gemm,439,layer3.16.conv1,1024,256,1,1,0,1.118017601966858,0.0250589574852359,0.47924768378106886,l40s
resnet152,gemm,439,layer3.16.conv2,256,256,3,1,1,1.2106288015842437,0.02937466879765926,0.5189462563533942,l40s
resnet152,gemm,439,layer3.16.conv3,256,1024,1,1,0,1.0212128072977067,0.03551507348755666,0.4377514912859994,l40s
resnet152,gemm,439,layer3.17.conv1,1024,256,1,1,0,1.1358799993991853,0.028616423662666795,0.4869045512410801,l40s
resnet152,gemm,439,layer3.17.conv2,256,256,3,1,1,1.2329984068870545,0.027958820502207455,0.5285351765185228,l40s
resnet152,gemm,439,layer3.17.conv3,256,1024,1,1,0,1.0337311983108521,0.033960391710081375,0.44311760527844574,l40s
resnet152,gemm,439,layer3.18.conv1,1024,256,1,1,0,1.1269760012626648,0.026147775223705,0.4830877772691754,l40s
resnet152,gemm,439,layer3.18.conv2,256,256,3,1,1,1.219284814596176,0.030310934828120632,0.5226567294080664,l40s
resnet152,gemm,439,layer3.18.conv3,256,1024,1,1,0,1.0401919960975647,0.03378619578680118,0.4458870807940483,l40s
resnet152,gemm,439,layer3.19.conv1,1024,256,1,1,0,1.1322223961353302,0.02545312616635534,0.4853366887232549,l40s
resnet152,gemm,439,layer3.19.conv2,256,256,3,1,1,1.2247359931468964,0.03162741274510493,0.5249934231146001,l40s
resnet152,gemm,439,layer3.19.conv3,256,1024,1,1,0,1.027908793091774,0.03250693825175245,0.44062178212649444,l40s
resnet152,gemm,439,layer3.20.conv1,1024,256,1,1,0,1.1182816088199616,0.0238652099865678,0.47936085254749056,l40s
resnet152,gemm,439,layer3.20.conv2,256,256,3,1,1,1.2132879853248597,0.029529483339749557,0.5200861379135739,l40s
resnet152,gemm,439,layer3.20.conv3,256,1024,1,1,0,1.021758395433426,0.03323369762200216,0.4379853622464225,l40s
resnet152,gemm,439,layer3.21.conv1,1024,256,1,1,0,1.1332784116268158,0.022293622657080306,0.48578935867893447,l40s
resnet152,gemm,439,layer3.21.conv2,256,256,3,1,1,1.2236383974552154,0.030287715845341158,0.524522929455072,l40s
resnet152,gemm,439,layer3.21.conv3,256,1024,1,1,0,1.0361567854881286,0.03965257092647777,0.44415735369964576,l40s
resnet152,gemm,439,layer3.22.conv1,1024,256,1,1,0,1.1285856008529662,0.03303727346768169,0.48377774572236415,l40s
resnet152,gemm,439,layer3.22.conv2,256,256,3,1,1,1.2087695956230164,0.031151044975821288,0.5181492920220432,l40s
resnet152,gemm,439,layer3.22.conv3,256,1024,1,1,0,1.033286389708519,0.04012338823632438,0.44292693431582497,l40s
resnet152,gemm,439,layer3.23.conv1,1024,256,1,1,0,1.1265263915061952,0.030787334093140724,0.4828950482513009,l40s
resnet152,gemm,439,layer3.23.conv2,256,256,3,1,1,1.2192047894001008,0.03340963749463936,0.5226224259321679,l40s
resnet152,gemm,439,layer3.23.conv3,256,1024,1,1,0,1.0342271983623506,0.04758317357536719,0.44333021988792753,l40s
resnet152,gemm,439,layer3.24.conv1,1024,256,1,1,0,1.1107919931411743,0.016764158450408816,0.4761503655568075,l40s
resnet152,gemm,439,layer3.24.conv2,256,256,3,1,1,1.2191760003566743,0.03718776459936451,0.5226100852656559,l40s
resnet152,gemm,439,layer3.24.conv3,256,1024,1,1,0,1.0390159964561463,0.0360246361830492,0.4453829786195515,l40s
resnet152,gemm,439,layer3.25.conv1,1024,256,1,1,0,1.1238735914230347,0.026931752247032044,0.4817579030997825,l40s
resnet152,gemm,439,layer3.25.conv2,256,256,3,1,1,1.2244944155216217,0.025468355157434775,0.5248898688260427,l40s
resnet152,gemm,439,layer3.25.conv3,256,1024,1,1,0,1.0376480042934417,0.049117205114881664,0.44479657722993704,l40s
resnet152,gemm,439,layer3.26.conv1,1024,256,1,1,0,1.1210207998752595,0.024061491017661443,0.48053502991855856,l40s
resnet152,gemm,439,layer3.26.conv2,256,256,3,1,1,1.2115823924541473,0.02259303750223809,0.5193550211303279,l40s
resnet152,gemm,439,layer3.26.conv3,256,1024,1,1,0,1.0370447874069213,0.04575271794699614,0.4445380032189609,l40s
resnet152,gemm,439,layer3.27.conv1,1024,256,1,1,0,1.1222080051898957,0.022265567588340196,0.4810439354994824,l40s
resnet152,gemm,439,layer3.27.conv2,256,256,3,1,1,1.2257552027702332,0.03228820243209788,0.5254303159241697,l40s
resnet152,gemm,439,layer3.27.conv3,256,1024,1,1,0,1.0365695863962174,0.0342780042048149,0.4443343042939085,l40s
resnet152,gemm,439,layer3.28.conv1,1024,256,1,1,0,1.1225664019584656,0.033777085709074846,0.48119756530004154,l40s
resnet152,gemm,439,layer3.28.conv2,256,256,3,1,1,1.2144191980361938,0.029159805624686105,0.5205710417923831,l40s
resnet152,gemm,439,layer3.28.conv3,256,1024,1,1,0,1.0300176054239274,0.037031303502823874,0.44152574233600766,l40s
resnet152,gemm,439,layer3.29.conv1,1024,256,1,1,0,1.1334991931915284,0.05182446830304205,0.48588399856056425,l40s
resnet152,gemm,439,layer3.29.conv2,256,256,3,1,1,1.2263359904289246,0.03205123078384487,0.5256792754572814,l40s
resnet152,gemm,439,layer3.29.conv3,256,1024,1,1,0,1.0361727952957154,0.03590398834148322,0.44416421643882825,l40s
resnet152,gemm,439,layer3.30.conv1,1024,256,1,1,0,1.1324672043323516,0.03915478766367377,0.485441627823665,l40s
resnet152,gemm,439,layer3.30.conv2,256,256,3,1,1,1.2225471973419189,0.03752665262822585,0.5240551773142121,l40s
resnet152,gemm,439,layer3.30.conv3,256,1024,1,1,0,1.0389184147119521,0.03323154904657265,0.44534114938108327,l40s
resnet152,gemm,439,layer3.31.conv1,1024,256,1,1,0,1.12772479057312,0.01934860690100101,0.48340875212864487,l40s
resnet152,gemm,439,layer3.31.conv2,256,256,3,1,1,1.2047536015510558,0.018454993068656562,0.5164278022586622,l40s
resnet152,gemm,439,layer3.31.conv3,256,1024,1,1,0,1.033464002609253,0.044063502913981235,0.44300306958519514,l40s
resnet152,gemm,439,layer3.32.conv1,1024,256,1,1,0,1.113124805688858,0.029882763856471477,0.4771503453497965,l40s
resnet152,gemm,439,layer3.32.conv2,256,256,3,1,1,1.2296672105789184,0.027955058013623486,0.5271072310979089,l40s
resnet152,gemm,439,layer3.32.conv3,256,1024,1,1,0,1.0492560029029847,0.05238536320550213,0.44977244383272624,l40s
resnet152,gemm,439,layer3.33.conv1,1024,256,1,1,0,1.1252080023288726,0.026603208493139963,0.4823299096001363,l40s
resnet152,gemm,439,layer3.33.conv2,256,256,3,1,1,1.22674880027771,0.029653729098848575,0.5258562298840493,l40s
resnet152,gemm,439,layer3.33.conv3,256,1024,1,1,0,1.0370352029800416,0.03299924831729709,0.44453389477346383,l40s
resnet152,gemm,439,layer3.34.conv1,1024,256,1,1,0,1.1242543935775757,0.02400084473962387,0.4819211371581923,l40s
resnet152,gemm,439,layer3.34.conv2,256,256,3,1,1,1.2073439955711365,0.029669286717813683,0.5175381965243876,l40s
resnet152,gemm,439,layer3.34.conv3,256,1024,1,1,0,1.0336656004190445,0.03554378329753571,0.44308948618832195,l40s
resnet152,gemm,439,layer3.35.conv1,1024,256,1,1,0,1.1205919981002808,0.022875129679819396,0.4803512204176186,l40s
resnet152,gemm,439,layer3.35.conv2,256,256,3,1,1,1.2055823981761933,0.03256344742191339,0.5167830729290201,l40s
resnet152,gemm,439,layer3.35.conv3,256,1024,1,1,0,1.0177455961704254,0.048410136553566074,0.436265241964874,l40s
resnet152,gemm,439,layer4.0.conv1,1024,512,1,1,0,1.4921919882297516,0.03173115082724845,0.6396406933644819,l40s
resnet152,gemm,439,layer4.0.conv2,512,512,3,2,1,1.9453344106674195,0.034143689220589246,0.8338840183301588,l40s
resnet152,gemm,439,layer4.0.conv3,512,2048,1,1,0,1.2412463903427124,0.025733266426384065,0.532070744259169,l40s
resnet152,gemm,439,layer4.0.downsample.0,1024,2048,1,2,0,2.060643208026886,0.04328082461822085,0.8833121077957332,l40s
resnet152,gemm,439,layer4.1.conv1,2048,512,1,1,0,1.2795711874961853,0.027673251269431726,0.5484989921104274,l40s
resnet152,gemm,439,layer4.1.conv2,512,512,3,1,1,1.8519520044326783,0.02809648773050052,0.7938548615305064,l40s
resnet152,gemm,439,layer4.1.conv3,512,2048,1,1,0,1.2643359839916228,0.029557772843365575,0.5419682935072482,l40s
resnet152,gemm,439,layer4.2.conv1,2048,512,1,1,0,1.2714575827121735,0.0423577432205624,0.5450210269218544,l40s
resnet152,gemm,439,layer4.2.conv2,512,512,3,1,1,1.850459212064743,0.035373420705853004,0.7932149634793125,l40s
resnet152,gemm,439,layer4.2.conv3,512,2048,1,1,0,1.2676527976989747,0.02630930172180128,0.5433900737046129,l40s
resnet152,gemm,442,conv1,3,64,7,2,3,2.15621600151062,0.02535384083950542,0.91263943870007,l40s
resnet152,gemm,442,layer1.0.conv1,64,64,1,1,0,1.3264320135116576,0.05429816906567442,0.5614252780968987,l40s
resnet152,gemm,442,layer1.0.conv2,64,64,3,1,1,1.6518672108650208,0.029408398757872174,0.6991688973065426,l40s
resnet152,gemm,442,layer1.0.conv3,64,256,1,1,0,2.64100159406662,0.03037102036894269,1.1178296658249147,l40s
resnet152,gemm,442,layer1.0.downsample.0,64,256,1,1,0,2.3355680108070374,0.024300301086753746,0.9885519247308466,l40s
resnet152,gemm,442,layer1.1.conv1,256,64,1,1,0,2.3925984382629393,0.036512205749833264,1.0126906090118812,l40s
resnet152,gemm,442,layer1.1.conv2,64,64,3,1,1,1.659201592206955,0.03937456922417854,0.7022732456957697,l40s
resnet152,gemm,442,layer1.1.conv3,64,256,1,1,0,2.277348792552948,0.042875140005790104,0.9639100731576533,l40s
resnet152,gemm,442,layer1.2.conv1,256,64,1,1,0,2.3120816111564637,0.03404727405418522,0.9786110771630852,l40s
resnet152,gemm,442,layer1.2.conv2,64,64,3,1,1,1.6211328029632568,0.024457781385943227,0.686160259602067,l40s
resnet152,gemm,442,layer1.2.conv3,64,256,1,1,0,2.2478479862213137,0.03870179807229002,0.9514235693413196,l40s
resnet152,gemm,442,layer2.0.conv1,256,128,1,1,0,2.7056416273117065,0.04074057254139091,1.145189189925014,l40s
resnet152,gemm,442,layer2.0.conv2,128,128,3,2,1,1.6910736024379731,0.02692195458755737,0.7157633846740078,l40s
resnet152,gemm,442,layer2.0.conv3,128,512,1,1,0,1.652376013994217,0.02993896359662364,0.699384253190143,l40s
resnet152,gemm,442,layer2.0.downsample.0,256,512,1,2,0,2.679907190799713,0.039619748904425385,1.1342968388446426,l40s
resnet152,gemm,442,layer2.1.conv1,512,128,1,1,0,1.4432912111282348,0.0255188590600272,0.6108870724834609,l40s
resnet152,gemm,442,layer2.1.conv2,128,128,3,1,1,1.3043247878551483,0.02755527266621681,0.5520681793645651,l40s
resnet152,gemm,442,layer2.1.conv3,128,512,1,1,0,1.466622394323349,0.030639789387751977,0.6207622231735958,l40s
resnet152,gemm,442,layer2.2.conv1,512,128,1,1,0,1.4560479879379273,0.01983663689800884,0.616286502605055,l40s
resnet152,gemm,442,layer2.2.conv2,128,128,3,1,1,1.279073601961136,0.023309327975659315,0.5413803688183687,l40s
resnet152,gemm,442,layer2.2.conv3,128,512,1,1,0,1.4535152196884156,0.014251394835059099,0.6152144837572345,l40s
resnet152,gemm,442,layer2.3.conv1,512,128,1,1,0,1.4688560009002685,0.05698691126071324,0.6217076189276429,l40s
resnet152,gemm,442,layer2.3.conv2,128,128,3,1,1,1.2644016027450562,0.0311164349789685,0.5351703021461106,l40s
resnet152,gemm,442,layer2.3.conv3,128,512,1,1,0,1.4567056059837342,0.018339084246933052,0.6165648458525701,l40s
resnet152,gemm,442,layer2.4.conv1,512,128,1,1,0,1.4520112037658692,0.025112854116894165,0.6145778943587757,l40s
resnet152,gemm,442,layer2.4.conv2,128,128,3,1,1,1.271255999803543,0.02945566576881444,0.5380714925090901,l40s
resnet152,gemm,442,layer2.4.conv3,128,512,1,1,0,1.453022402524948,0.020283170811056427,0.6150058940894398,l40s
resnet152,gemm,442,layer2.5.conv1,512,128,1,1,0,1.4566431939601898,0.02987259643327289,0.6165384293552916,l40s
resnet152,gemm,442,layer2.5.conv2,128,128,3,1,1,1.2618704080581664,0.026445900320890524,0.5340989493240068,l40s
resnet152,gemm,442,layer2.5.conv3,128,512,1,1,0,1.448604792356491,0.01406822135811901,0.6131360975283755,l40s
resnet152,gemm,442,layer2.6.conv1,512,128,1,1,0,1.446014404296875,0.021480953865033917,0.6120396905343234,l40s
resnet152,gemm,442,layer2.6.conv2,128,128,3,1,1,1.2703247964382172,0.038949073512416034,0.5376773516085257,l40s
resnet152,gemm,442,layer2.6.conv3,128,512,1,1,0,1.4523455917835235,0.028221478457400563,0.6147194273464386,l40s
resnet152,gemm,442,layer2.7.conv1,512,128,1,1,0,1.4700047969818115,0.03985727910085481,0.6221938580661642,l40s
resnet152,gemm,442,layer2.7.conv2,128,128,3,1,1,1.2702320039272308,0.02740908979235031,0.537638076273827,l40s
resnet152,gemm,442,layer2.7.conv3,128,512,1,1,0,1.4504288136959076,0.02430583649631722,0.6139081323385317,l40s
resnet152,gemm,442,layer3.0.conv1,512,256,1,1,0,1.825686401128769,0.02817377224541546,0.7727395637548348,l40s
resnet152,gemm,442,layer3.0.conv2,256,256,3,2,1,1.614843201637268,0.02968083460034544,0.6834981245377801,l40s
resnet152,gemm,442,layer3.0.conv3,256,1024,1,1,0,1.078519994020462,0.024709179161445147,0.4564940995150987,l40s
resnet152,gemm,442,layer3.0.downsample.0,512,1024,1,2,0,1.9223408043384551,0.03841809881293923,0.8136494819779528,l40s
resnet152,gemm,442,layer3.1.conv1,1024,256,1,1,0,1.1607135891914369,0.03354022039582835,0.4912833397902038,l40s
resnet152,gemm,442,layer3.1.conv2,256,256,3,1,1,1.241452795267105,0.034574322974372323,0.5254569957051788,l40s
resnet152,gemm,442,layer3.1.conv3,256,1024,1,1,0,1.0605744123458862,0.05322380370791918,0.4488984571605493,l40s
resnet152,gemm,442,layer3.2.conv1,1024,256,1,1,0,1.1301680088043213,0.02616699639639754,0.4783546251717543,l40s
resnet152,gemm,442,layer3.2.conv2,256,256,3,1,1,1.2285248041152954,0.02606121165588397,0.519985097444503,l40s
resnet152,gemm,442,layer3.2.conv3,256,1024,1,1,0,1.051718407869339,0.04184320033865847,0.4451500669487436,l40s
resnet152,gemm,442,layer3.3.conv1,1024,256,1,1,0,1.1317280054092407,0.032744858371499895,0.4790149089396562,l40s
resnet152,gemm,442,layer3.3.conv2,256,256,3,1,1,1.2203408062458039,0.02225287924160652,0.5165211405790023,l40s
resnet152,gemm,442,layer3.3.conv3,256,1024,1,1,0,1.0427007913589477,0.03462108588271075,0.44133327286842405,l40s
resnet152,gemm,442,layer3.4.conv1,1024,256,1,1,0,1.1143648087978364,0.02499740644690033,0.47166576673944555,l40s
resnet152,gemm,442,layer3.4.conv2,256,256,3,1,1,1.223028802871704,0.027531043210213154,0.5176588613500988,l40s
resnet152,gemm,442,layer3.4.conv3,256,1024,1,1,0,1.0526960074901581,0.03864786976301554,0.44556384551665734,l40s
resnet152,gemm,442,layer3.5.conv1,1024,256,1,1,0,1.1274544060230256,0.034827040782900456,0.47720606634581036,l40s
resnet152,gemm,442,layer3.5.conv2,256,256,3,1,1,1.209363204240799,0.034722536661925936,0.5118747635346331,l40s
resnet152,gemm,442,layer3.5.conv3,256,1024,1,1,0,1.0476016134023667,0.036031430006419875,0.4434075935653029,l40s
resnet152,gemm,442,layer3.6.conv1,1024,256,1,1,0,1.1374655961990356,0.03412973721336881,0.48144340016419984,l40s
resnet152,gemm,442,layer3.6.conv2,256,256,3,1,1,1.2227055966854095,0.022626412908341626,0.5175220611815454,l40s
resnet152,gemm,442,layer3.6.conv3,256,1024,1,1,0,1.046979194879532,0.04317734480272717,0.4431441488589662,l40s
resnet152,gemm,442,layer3.7.conv1,1024,256,1,1,0,1.1295487821102141,0.024331811742106784,0.4780925314380365,l40s
resnet152,gemm,442,layer3.7.conv2,256,256,3,1,1,1.2203984081745147,0.03030161473650224,0.5165455211567598,l40s
resnet152,gemm,442,layer3.7.conv3,256,1024,1,1,0,1.0396703958511353,0.04997240449281373,0.44005062843328796,l40s
resnet152,gemm,442,layer3.8.conv1,1024,256,1,1,0,1.1402064085006713,0.033684874009685645,0.48260347568483164,l40s
resnet152,gemm,442,layer3.8.conv2,256,256,3,1,1,1.2294160008430481,0.04470871806502331,0.5203623051457806,l40s
resnet152,gemm,442,layer3.8.conv3,256,1024,1,1,0,1.0576912045478821,0.047696001149860494,0.44767811135818886,l40s
resnet152,gemm,442,layer3.9.conv1,1024,256,1,1,0,1.1415184020996094,0.05033143567862364,0.4831587897632329,l40s
resnet152,gemm,442,layer3.9.conv2,256,256,3,1,1,1.2383727967739104,0.04942170134047258,0.5241533563230125,l40s
resnet152,gemm,442,layer3.9.conv3,256,1024,1,1,0,1.0577808022499084,0.06275775217874276,0.4477160344588563,l40s
resnet152,gemm,442,layer3.10.conv1,1024,256,1,1,0,1.1364607870578767,0.042465419560413185,0.48101810490159835,l40s
resnet152,gemm,442,layer3.10.conv2,256,256,3,1,1,1.2181327939033508,0.039434977883881846,0.5155865778341533,l40s
resnet152,gemm,442,layer3.10.conv3,256,1024,1,1,0,1.0497680217027665,0.039488776107222213,0.44432454699384943,l40s
resnet152,gemm,442,layer3.11.conv1,1024,256,1,1,0,1.1392256021499634,0.04715130573635805,0.4821883398372373,l40s
resnet152,gemm,442,layer3.11.conv2,256,256,3,1,1,1.2168048024177551,0.04550760590488355,0.515024492494297,l40s
resnet152,gemm,442,layer3.11.conv3,256,1024,1,1,0,1.0729471921920777,0.06146201145194161,0.454135356824626,l40s
resnet152,gemm,442,layer3.12.conv1,1024,256,1,1,0,1.1493024051189422,0.05686583315014709,0.4864534449097611,l40s
resnet152,gemm,442,layer3.12.conv2,256,256,3,1,1,1.2310272037982941,0.05963716834646332,0.5210442625005527,l40s
resnet152,gemm,442,layer3.12.conv3,256,1024,1,1,0,1.0589104026556015,0.05859747722866303,0.4481941488404789,l40s
resnet152,gemm,442,layer3.13.conv1,1024,256,1,1,0,1.1358287990093232,0.05921047902027695,0.4807506098002296,l40s
resnet152,gemm,442,layer3.13.conv2,256,256,3,1,1,1.23921759724617,0.05459413195433882,0.5245109263569407,l40s
resnet152,gemm,442,layer3.13.conv3,256,1024,1,1,0,1.0627983868122102,0.06113085839062419,0.4498397760299053,l40s
resnet152,gemm,442,layer3.14.conv1,1024,256,1,1,0,1.1356399953365326,0.0484391301876539,0.48067069680550206,l40s
resnet152,gemm,442,layer3.14.conv2,256,256,3,1,1,1.2207455933094025,0.03512610001078459,0.5166924706490217,l40s
resnet152,gemm,442,layer3.14.conv3,256,1024,1,1,0,1.0452639907598495,0.053900472833672206,0.44241817199767486,l40s
resnet152,gemm,442,layer3.15.conv1,1024,256,1,1,0,1.1347248077392578,0.05379537198349339,0.48028333473486673,l40s
resnet152,gemm,442,layer3.15.conv2,256,256,3,1,1,1.2266496121883392,0.04956864346325461,0.5191914041844247,l40s
resnet152,gemm,442,layer3.15.conv3,256,1024,1,1,0,1.0690720140933991,0.05066314028706721,0.45249514992403583,l40s
resnet152,gemm,442,layer3.16.conv1,1024,256,1,1,0,1.1439119935035706,0.04632057126626811,0.48417190065465476,l40s
resnet152,gemm,442,layer3.16.conv2,256,256,3,1,1,1.2224975943565368,0.03541897649645744,0.5174340221685069,l40s
resnet152,gemm,442,layer3.16.conv3,256,1024,1,1,0,1.0510336011648178,0.04115822538566008,0.44486021583642726,l40s
resnet152,gemm,442,layer3.17.conv1,1024,256,1,1,0,1.1345135927200318,0.030899002557624004,0.4801939359193231,l40s
resnet152,gemm,442,layer3.17.conv2,256,256,3,1,1,1.2199455976486206,0.03054899001389838,0.5163538646882521,l40s
resnet152,gemm,442,layer3.17.conv3,256,1024,1,1,0,1.0486496090888977,0.03567483425921334,0.44385116795416085,l40s
resnet152,gemm,442,layer3.18.conv1,1024,256,1,1,0,1.1302688121795654,0.028422599707708548,0.47839729118283,l40s
resnet152,gemm,442,layer3.18.conv2,256,256,3,1,1,1.2213728070259093,0.02246168545390451,0.5169579449678176,l40s
resnet152,gemm,442,layer3.18.conv3,256,1024,1,1,0,1.0316031992435455,0.018012180252129403,0.4366361088403177,l40s
resnet152,gemm,442,layer3.19.conv1,1024,256,1,1,0,1.1261647999286652,0.024957434733995917,0.47666022799692664,l40s
resnet152,gemm,442,layer3.19.conv2,256,256,3,1,1,1.219515210390091,0.02886630889709347,0.5161716990862099,l40s
resnet152,gemm,442,layer3.19.conv3,256,1024,1,1,0,1.0334112137556075,0.02550270105040375,0.43740136860478185,l40s
resnet152,gemm,442,layer3.20.conv1,1024,256,1,1,0,1.1305360078811646,0.02734256081123194,0.4785103843678169,l40s
resnet152,gemm,442,layer3.20.conv2,256,256,3,1,1,1.2180703997612,0.030968496434758085,0.5155601689053488,l40s
resnet152,gemm,442,layer3.20.conv3,256,1024,1,1,0,1.0410352051258087,0.030328609661070358,0.44062829726122443,l40s
resnet152,gemm,442,layer3.21.conv1,1024,256,1,1,0,1.1280111968517303,0.028880817690066528,0.4774417334909509,l40s
resnet152,gemm,442,layer3.21.conv2,256,256,3,1,1,1.2152287900447845,0.024950677818572204,0.514357429896466,l40s
resnet152,gemm,442,layer3.21.conv3,256,1024,1,1,0,1.0383647978305817,0.024527218004789467,0.4394980213457739,l40s
resnet152,gemm,442,layer3.22.conv1,1024,256,1,1,0,1.1388560116291047,0.036752134000612766,0.48203190704698384,l40s
resnet152,gemm,442,layer3.22.conv2,256,256,3,1,1,1.2149119973182678,0.028336003452504227,0.514223344287274,l40s
resnet152,gemm,442,layer3.22.conv3,256,1024,1,1,0,1.0375119954347611,0.022157769632590186,0.43913706441970596,l40s
resnet152,gemm,442,layer3.23.conv1,1024,256,1,1,0,1.126116794347763,0.02254709576558919,0.47663990916691223,l40s
resnet152,gemm,442,layer3.23.conv2,256,256,3,1,1,1.2091232001781465,0.026989008808541735,0.5117731794758601,l40s
resnet152,gemm,442,layer3.23.conv3,256,1024,1,1,0,1.0252351969480515,0.02461040439304346,0.4339407898015346,l40s
resnet152,gemm,442,layer3.24.conv1,1024,256,1,1,0,1.1320448100566864,0.034829652532566174,0.4791489995944977,l40s
resnet152,gemm,442,layer3.24.conv2,256,256,3,1,1,1.2309903919696807,0.038919100918459765,0.521028681535297,l40s
resnet152,gemm,442,layer3.24.conv3,256,1024,1,1,0,1.0225071966648103,0.017089995863963543,0.4327861370925635,l40s
resnet152,gemm,442,layer3.25.conv1,1024,256,1,1,0,1.1263984084129333,0.027917617325918204,0.47675910506481245,l40s
resnet152,gemm,442,layer3.25.conv2,256,256,3,1,1,1.2140704035758971,0.02171776382264835,0.5138671315330264,l40s
resnet152,gemm,442,layer3.25.conv3,256,1024,1,1,0,1.0340111941099166,0.029032538986775318,0.4376553161375913,l40s
resnet152,gemm,442,layer3.26.conv1,1024,256,1,1,0,1.1362367928028108,0.03815614480514891,0.4809232971499296,l40s
resnet152,gemm,442,layer3.26.conv2,256,256,3,1,1,1.207750391960144,0.02319876277139331,0.511192125017196,l40s
resnet152,gemm,442,layer3.26.conv3,256,1024,1,1,0,1.035792002081871,0.024264917323408807,0.43840906046878003,l40s
resnet152,gemm,442,layer3.27.conv1,1024,256,1,1,0,1.125684803724289,0.028801078828958434,0.47645706492502976,l40s
resnet152,gemm,442,layer3.27.conv2,256,256,3,1,1,1.2253999948501586,0.03678914038293432,0.5186624914663538,l40s
resnet152,gemm,442,layer3.27.conv3,256,1024,1,1,0,1.0271856009960174,0.02521755128859511,0.4347663173249028,l40s
resnet152,gemm,442,layer3.28.conv1,1024,256,1,1,0,1.1311936020851134,0.03491580841536551,0.478788717524033,l40s
resnet152,gemm,442,layer3.28.conv2,256,256,3,1,1,1.2097872018814086,0.02640741295062601,0.5120542246686127,l40s
resnet152,gemm,442,layer3.28.conv3,256,1024,1,1,0,1.0480400025844574,0.033244307430081374,0.4435931460594849,l40s
resnet152,gemm,442,layer3.29.conv1,1024,256,1,1,0,1.1263456106185914,0.034158320184787525,0.4767367578837513,l40s
resnet152,gemm,442,layer3.29.conv2,256,256,3,1,1,1.211350417137146,0.03856285737361041,0.5127158707618447,l40s
resnet152,gemm,442,layer3.29.conv3,256,1024,1,1,0,1.0254511952400207,0.0204796952415659,0.4340322131838882,l40s
resnet152,gemm,442,layer3.30.conv1,1024,256,1,1,0,1.1237392187118531,0.03123734501239057,0.4756335771054195,l40s
resnet152,gemm,442,layer3.30.conv2,256,256,3,1,1,1.2243808090686799,0.02668544996848403,0.5182311111506116,l40s
resnet152,gemm,442,layer3.30.conv3,256,1024,1,1,0,1.0445039957761764,0.0261094772562949,0.4420964967133673,l40s
resnet152,gemm,442,layer3.31.conv1,1024,256,1,1,0,1.131825602054596,0.02942082859447005,0.47905621767105117,l40s
resnet152,gemm,442,layer3.31.conv2,256,256,3,1,1,1.2104592025279999,0.028054499859891367,0.5123386554920931,l40s
resnet152,gemm,442,layer3.31.conv3,256,1024,1,1,0,1.0233904153108597,0.02233280562878039,0.43315996799299994,l40s
resnet152,gemm,442,layer3.32.conv1,1024,256,1,1,0,1.1236928045749663,0.027463388208353475,0.475613931869596,l40s
resnet152,gemm,442,layer3.32.conv2,256,256,3,1,1,1.2151104092597962,0.027229240005231595,0.514307324075394,l40s
resnet152,gemm,442,layer3.32.conv3,256,1024,1,1,0,1.0395583897829055,0.028551785394705993,0.44000322077321646,l40s
resnet152,gemm,442,layer3.33.conv1,1024,256,1,1,0,1.1239616096019744,0.028530065855531778,0.47572770621724786,l40s
resnet152,gemm,442,layer3.33.conv2,256,256,3,1,1,1.215910392999649,0.03271041152185166,0.5146459249905142,l40s
resnet152,gemm,442,layer3.33.conv3,256,1024,1,1,0,1.0332767963409424,0.02947113867313627,0.43734447512389424,l40s
resnet152,gemm,442,layer3.34.conv1,1024,256,1,1,0,1.1288624048233031,0.02735999447225321,0.47780201556141555,l40s
resnet152,gemm,442,layer3.34.conv2,256,256,3,1,1,1.2183791935443877,0.02189897145725495,0.5156908688838135,l40s
resnet152,gemm,442,layer3.34.conv3,256,1024,1,1,0,1.0356096029281616,0.02494797092889022,0.43833185824917675,l40s
resnet152,gemm,442,layer3.35.conv1,1024,256,1,1,0,1.1234576046466827,0.036755577989019274,0.4755143812075191,l40s
resnet152,gemm,442,layer3.35.conv2,256,256,3,1,1,1.2142911970615387,0.02157767174266097,0.5139605845278392,l40s
resnet152,gemm,442,layer3.35.conv3,256,1024,1,1,0,1.0376335978507996,0.03447992073885703,0.43918853382752043,l40s
resnet152,gemm,442,layer4.0.conv1,1024,512,1,1,0,1.4744992017745973,0.04075755965687119,0.6240961587004722,l40s
resnet152,gemm,442,layer4.0.conv2,512,512,3,2,1,1.951254415512085,0.03389555345617612,0.825887449720427,l40s
resnet152,gemm,442,layer4.0.conv3,512,2048,1,1,0,1.2289728105068207,0.0224491857201347,0.5201747205163146,l40s
resnet152,gemm,442,layer4.0.downsample.0,1024,2048,1,2,0,2.058513605594635,0.029933371521202547,0.871285947349506,l40s
resnet152,gemm,442,layer4.1.conv1,2048,512,1,1,0,1.2782623946666718,0.03325898289513043,0.5410370174243663,l40s
resnet152,gemm,442,layer4.1.conv2,512,512,3,1,1,1.8683600008487702,0.037127732996598335,0.7908015807644889,l40s
resnet152,gemm,442,layer4.1.conv3,512,2048,1,1,0,1.2772880017757415,0.026156640541814696,0.5406245961361331,l40s
resnet152,gemm,442,layer4.2.conv1,2048,512,1,1,0,1.2810127854347229,0.030050666990129576,0.542201147124267,l40s
resnet152,gemm,442,layer4.2.conv2,512,512,3,1,1,1.8567312121391297,0.03630966615887381,0.78587958260044,l40s
resnet152,gemm,442,layer4.2.conv3,512,2048,1,1,0,1.2649327874183656,0.028154855944159476,0.5353951312364037,l40s
resnet152,gemm,445,conv1,3,64,7,2,3,2.213484799861908,0.10184887185802434,0.9372180601422659,l40s
resnet152,gemm,445,layer1.0.conv1,64,64,1,1,0,1.3567776083946228,0.04390639522419498,0.574477167524892,l40s
resnet152,gemm,445,layer1.0.conv2,64,64,3,1,1,1.5419903874397278,0.04541110618067058,0.6528986509256548,l40s
resnet152,gemm,445,layer1.0.conv3,64,256,1,1,0,2.3763408184051515,0.04867158803709694,1.0061734023208586,l40s
resnet152,gemm,445,layer1.0.downsample.0,64,256,1,1,0,2.3435455799102782,0.03759661723527622,0.9922874746623603,l40s
resnet152,gemm,445,layer1.1.conv1,256,64,1,1,0,2.4290751814842224,0.0827734663443927,1.028501812920691,l40s
resnet152,gemm,445,layer1.1.conv2,64,64,3,1,1,1.553736001253128,0.035766404886177244,0.6578718955551467,l40s
resnet152,gemm,445,layer1.1.conv3,64,256,1,1,0,2.312544012069702,0.039958933709226006,0.9791610103312176,l40s
resnet152,gemm,445,layer1.2.conv1,256,64,1,1,0,2.3472031950950623,0.07718857257177214,0.9938361561841146,l40s
resnet152,gemm,445,layer1.2.conv2,64,64,3,1,1,1.5194928109645844,0.025421239681188618,0.6433728864012038,l40s
resnet152,gemm,445,layer1.2.conv3,64,256,1,1,0,2.3579872012138368,0.04320600292395905,0.9984022436927482,l40s
resnet152,gemm,445,layer2.0.conv1,256,128,1,1,0,2.726900815963745,0.035086696364416366,1.1546050341512826,l40s
resnet152,gemm,445,layer2.0.conv2,128,128,3,2,1,1.6944543957710265,0.036687741055108546,0.7174538817267375,l40s
resnet152,gemm,445,layer2.0.conv3,128,512,1,1,0,1.4814079999923706,0.02719045693970129,0.6272472854201218,l40s
resnet152,gemm,445,layer2.0.downsample.0,256,512,1,2,0,2.7057199597358705,0.060317571820877526,1.145636785990157,l40s
resnet152,gemm,445,layer2.1.conv1,512,128,1,1,0,1.4497183918952943,0.027993888488248294,0.6138294959556252,l40s
resnet152,gemm,445,layer2.1.conv2,128,128,3,1,1,1.2960688054561615,0.034106678718373244,0.5487722760672712,l40s
resnet152,gemm,445,layer2.1.conv3,128,512,1,1,0,1.4729743897914886,0.026992763438983877,0.6236763859077512,l40s
resnet152,gemm,445,layer2.2.conv1,512,128,1,1,0,1.4591839909553528,0.028217482879150175,0.6178373528831749,l40s
resnet152,gemm,445,layer2.2.conv2,128,128,3,1,1,1.2816287994384765,0.036527801577513994,0.5426581909697897,l40s
resnet152,gemm,445,layer2.2.conv3,128,512,1,1,0,1.4584528028964996,0.03442578928764286,0.6175277584128807,l40s
resnet152,gemm,445,layer2.3.conv1,512,128,1,1,0,1.464348804950714,0.029304829001395485,0.620024201852741,l40s
resnet152,gemm,445,layer2.3.conv2,128,128,3,1,1,1.2712704122066498,0.03819207908870034,0.5382723159964352,l40s
resnet152,gemm,445,layer2.3.conv3,128,512,1,1,0,1.4493887960910796,0.026532767976736614,0.6136899408340918,l40s
resnet152,gemm,445,layer2.4.conv1,512,128,1,1,0,1.4545503973960876,0.02176431818871623,0.6158754295090577,l40s
resnet152,gemm,445,layer2.4.conv2,128,128,3,1,1,1.284051203727722,0.038241076659612565,0.5436838682407557,l40s
resnet152,gemm,445,layer2.4.conv3,128,512,1,1,0,1.444540798664093,0.018137258692259402,0.6116372360925103,l40s
resnet152,gemm,445,layer2.5.conv1,512,128,1,1,0,1.4651888072490693,0.02876761719625909,0.6203798696778051,l40s
resnet152,gemm,445,layer2.5.conv2,128,128,3,1,1,1.2796256124973298,0.042046635064576204,0.5418100157398532,l40s
resnet152,gemm,445,layer2.5.conv3,128,512,1,1,0,1.4537487924098969,0.026287633659275014,0.6155360196020165,l40s
resnet152,gemm,445,layer2.6.conv1,512,128,1,1,0,1.4768479883670806,0.038046592439849446,0.6253165175874504,l40s
resnet152,gemm,445,layer2.6.conv2,128,128,3,1,1,1.2819440007209777,0.04481074920779082,0.5427916512648676,l40s
resnet152,gemm,445,layer2.6.conv3,128,512,1,1,0,1.4613632023334504,0.021133945225938252,0.6187600591337659,l40s
resnet152,gemm,445,layer2.7.conv1,512,128,1,1,0,1.4612752020359039,0.027885708065868497,0.618722798670914,l40s
resnet152,gemm,445,layer2.7.conv2,128,128,3,1,1,1.2742063999176025,0.03628041781675469,0.5395154511231062,l40s
resnet152,gemm,445,layer2.7.conv3,128,512,1,1,0,1.4607903897762298,0.03156661746692511,0.6185175228969066,l40s
resnet152,gemm,445,layer3.0.conv1,512,256,1,1,0,1.8563888013362884,0.03971943671618972,0.7860190010641886,l40s
resnet152,gemm,445,layer3.0.conv2,256,256,3,2,1,1.605836808681488,0.037513171176012154,0.6799320505075998,l40s
resnet152,gemm,445,layer3.0.conv3,256,1024,1,1,0,1.0888239800930024,0.061123293213068836,0.4610221396247258,l40s
resnet152,gemm,445,layer3.0.downsample.0,512,1024,1,2,0,1.9551952123641967,0.11555159957880705,0.827854911967653,l40s
resnet152,gemm,445,layer3.1.conv1,1024,256,1,1,0,1.1638479948043823,0.055281606652915954,0.4927882766843844,l40s
resnet152,gemm,445,layer3.1.conv2,256,256,3,1,1,1.2321792006492616,0.025697654952272386,0.5217205920059601,l40s
resnet152,gemm,445,layer3.1.conv3,256,1024,1,1,0,1.0641488015651703,0.05423302543717241,0.4505743502588528,l40s
resnet152,gemm,445,layer3.2.conv1,1024,256,1,1,0,1.1484640061855316,0.05927173906109134,0.4862744971583134,l40s
resnet152,gemm,445,layer3.2.conv2,256,256,3,1,1,1.21700000166893,0.024870585335070746,0.5152935230585034,l40s
resnet152,gemm,445,layer3.2.conv3,256,1024,1,1,0,1.0552191853523254,0.05298315018247146,0.44679343539314437,l40s
resnet152,gemm,445,layer3.3.conv1,1024,256,1,1,0,1.1497328102588653,0.04722804290217337,0.4868117251945685,l40s
resnet152,gemm,445,layer3.3.conv2,256,256,3,1,1,1.213848000764847,0.027975122861787233,0.5139589251551991,l40s
resnet152,gemm,445,layer3.3.conv3,256,1024,1,1,0,1.0458048045635224,0.044890306188334866,0.4428072649433301,l40s
resnet152,gemm,445,layer3.4.conv1,1024,256,1,1,0,1.1509776055812835,0.053603367935621135,0.4873387876155184,l40s
resnet152,gemm,445,layer3.4.conv2,256,256,3,1,1,1.2175664067268372,0.022460709984243283,0.5155333462773752,l40s
resnet152,gemm,445,layer3.4.conv3,256,1024,1,1,0,1.048196804523468,0.049385723581809565,0.4438200686284787,l40s
resnet152,gemm,445,layer3.5.conv1,1024,256,1,1,0,1.1439008057117461,0.0627140485512445,0.48434237912599243,l40s
resnet152,gemm,445,layer3.5.conv2,256,256,3,1,1,1.223504012823105,0.030724422313557397,0.5180474054061209,l40s
resnet152,gemm,445,layer3.5.conv3,256,1024,1,1,0,1.0505008041858672,0.05453092332641603,0.44479561185077554,l40s
resnet152,gemm,445,layer3.6.conv1,1024,256,1,1,0,1.1317759871482849,0.04903750191933392,0.4792085743064007,l40s
resnet152,gemm,445,layer3.6.conv2,256,256,3,1,1,1.2214992105960847,0.021371727960695874,0.5171985462432779,l40s
resnet152,gemm,445,layer3.6.conv3,256,1024,1,1,0,1.0606512010097504,0.04372244572434664,0.4490934209983909,l40s
resnet152,gemm,445,layer3.7.conv1,1024,256,1,1,0,1.1496496081352234,0.057082285344527466,0.4867764963405351,l40s
resnet152,gemm,445,layer3.7.conv2,256,256,3,1,1,1.2142911911010743,0.02819101347086747,0.514146577669108,l40s
resnet152,gemm,445,layer3.7.conv3,256,1024,1,1,0,1.0558496117591858,0.047051262960574027,0.44706036607825095,l40s
resnet152,gemm,445,layer3.8.conv1,1024,256,1,1,0,1.1420543968677521,0.057026726927819224,0.4835605857677974,l40s
resnet152,gemm,445,layer3.8.conv2,256,256,3,1,1,1.2127072036266326,0.02870000076702157,0.5134758969089878,l40s
resnet152,gemm,445,layer3.8.conv3,256,1024,1,1,0,1.0514960050582887,0.049481212940993065,0.4452169927571007,l40s
resnet152,gemm,445,layer3.9.conv1,1024,256,1,1,0,1.1499839961528777,0.05750508174173028,0.48691808054714925,l40s
resnet152,gemm,445,layer3.9.conv2,256,256,3,1,1,1.220928007364273,0.02260710377474919,0.5169566914155876,l40s
resnet152,gemm,445,layer3.9.conv3,256,1024,1,1,0,1.0564255952835082,0.05853763330550959,0.44730424494354654,l40s
resnet152,gemm,445,layer3.10.conv1,1024,256,1,1,0,1.152375990152359,0.055728974326441506,0.4879308817085602,l40s
resnet152,gemm,445,layer3.10.conv2,256,256,3,1,1,1.2525727927684784,0.1408924704232655,0.5303555023728609,l40s
resnet152,gemm,445,layer3.10.conv3,256,1024,1,1,0,1.0759903997182847,0.12060828998396947,0.45558823589779573,l40s
resnet152,gemm,445,layer3.11.conv1,1024,256,1,1,0,1.14585440158844,0.0650261486830029,0.48516955685857555,l40s
resnet152,gemm,445,layer3.11.conv2,256,256,3,1,1,1.2128383934497833,0.01578117722865286,0.5135314443749434,l40s
resnet152,gemm,445,layer3.11.conv3,256,1024,1,1,0,1.0514431953430177,0.052564444557883165,0.4451946324414093,l40s
resnet152,gemm,445,layer3.12.conv1,1024,256,1,1,0,1.1595920026302338,0.07306204318320861,0.49098623461493585,l40s
resnet152,gemm,445,layer3.12.conv2,256,256,3,1,1,1.2158223927021026,0.019639477682783475,0.5147949082084873,l40s
resnet152,gemm,445,layer3.12.conv3,256,1024,1,1,0,1.0507376104593278,0.05490658801230505,0.44489587868624514,l40s
resnet152,gemm,445,layer3.13.conv1,1024,256,1,1,0,1.1375808000564576,0.05490043740438184,0.48166640708375963,l40s
resnet152,gemm,445,layer3.13.conv2,256,256,3,1,1,1.2313632011413573,0.03727773355047572,0.5213750872724635,l40s
resnet152,gemm,445,layer3.13.conv3,256,1024,1,1,0,1.052467194199562,0.04831659588634606,0.4456282067862516,l40s
resnet152,gemm,445,layer3.14.conv1,1024,256,1,1,0,1.135232001543045,0.049732953348048815,0.4806718954491901,l40s
resnet152,gemm,445,layer3.14.conv2,256,256,3,1,1,1.2246031999588012,0.03609947702730807,0.5185128154397092,l40s
resnet152,gemm,445,layer3.14.conv3,256,1024,1,1,0,1.0554672122001647,0.06598022105544483,0.4468984531647639,l40s
resnet152,gemm,445,layer3.15.conv1,1024,256,1,1,0,1.1541247963905334,0.06321928567886417,0.4886713488625289,l40s
resnet152,gemm,445,layer3.15.conv2,256,256,3,1,1,1.2209967851638794,0.033500062735913626,0.5169858128244773,l40s
resnet152,gemm,445,layer3.15.conv3,256,1024,1,1,0,1.0633088052272797,0.045441502142483534,0.45021868495752626,l40s
resnet152,gemm,445,layer3.16.conv1,1024,256,1,1,0,1.154867208003998,0.054504600001417075,0.488985695530842,l40s
resnet152,gemm,445,layer3.16.conv2,256,256,3,1,1,1.2264655947685241,0.03208471889487656,0.5193013774623155,l40s
resnet152,gemm,445,layer3.16.conv3,256,1024,1,1,0,1.0411615908145904,0.047587668356801976,0.4408412682566253,l40s
resnet152,gemm,445,layer3.17.conv1,1024,256,1,1,0,1.1281696021556855,0.0517138623941445,0.4776815843098572,l40s
resnet152,gemm,445,layer3.17.conv2,256,256,3,1,1,1.2278431892395019,0.03286757462875929,0.5198846687583899,l40s
resnet152,gemm,445,layer3.17.conv3,256,1024,1,1,0,1.0537536025047303,0.058230421692750035,0.44617288868169347,l40s
resnet152,gemm,445,layer3.18.conv1,1024,256,1,1,0,1.1419215977191925,0.046332043179340754,0.48350435689267285,l40s
resnet152,gemm,445,layer3.18.conv2,256,256,3,1,1,1.2251968026161193,0.03991467696160908,0.5187641544735356,l40s
resnet152,gemm,445,layer3.18.conv3,256,1024,1,1,0,1.061199998855591,0.054402847626230225,0.449325789096207,l40s
resnet152,gemm,445,layer3.19.conv1,1024,256,1,1,0,1.1511583983898164,0.05743499165693114,0.48741533762630296,l40s
resnet152,gemm,445,layer3.19.conv2,256,256,3,1,1,1.2204768002033233,0.032478175766460324,0.5167656444745226,l40s
resnet152,gemm,445,layer3.19.conv3,256,1024,1,1,0,1.0556800007820129,0.053743440093261194,0.4469885505993217,l40s
resnet152,gemm,445,layer3.20.conv1,1024,256,1,1,0,1.1481935918331145,0.0551812581941143,0.48616000022803274,l40s
resnet152,gemm,445,layer3.20.conv2,256,256,3,1,1,1.2129168033599853,0.02385792207651197,0.513564644143896,l40s
resnet152,gemm,445,layer3.20.conv3,256,1024,1,1,0,1.0489344030618668,0.05444897086967928,0.44413237737862926,l40s
resnet152,gemm,445,layer3.21.conv1,1024,256,1,1,0,1.1431055963039398,0.054732622404080535,0.4840056771894634,l40s
resnet152,gemm,445,layer3.21.conv2,256,256,3,1,1,1.2200304090976715,0.032406652478048595,0.516576636713489,l40s
resnet152,gemm,445,layer3.21.conv3,256,1024,1,1,0,1.0551279962062836,0.05416308672410847,0.44675482473064304,l40s
resnet152,gemm,445,layer3.22.conv1,1024,256,1,1,0,1.1442896187305451,0.0643721101276805,0.4845070075812046,l40s
resnet152,gemm,445,layer3.22.conv2,256,256,3,1,1,1.2178400039672852,0.0294728580800689,0.5156491908835676,l40s
resnet152,gemm,445,layer3.22.conv3,256,1024,1,1,0,1.0578031957149505,0.05185715744551697,0.4478875387633587,l40s
resnet152,gemm,445,layer3.23.conv1,1024,256,1,1,0,1.1506176054477693,0.05626315220980187,0.48718635890816775,l40s
resnet152,gemm,445,layer3.23.conv2,256,256,3,1,1,1.2124848067760468,0.021191003998060107,0.5133817312093178,l40s
resnet152,gemm,445,layer3.23.conv3,256,1024,1,1,0,1.0509888052940368,0.048687846258708714,0.4450022378244324,l40s
resnet152,gemm,445,layer3.24.conv1,1024,256,1,1,0,1.1348448038101195,0.04933878730965303,0.48050795092688453,l40s
resnet152,gemm,445,layer3.24.conv2,256,256,3,1,1,1.2167359828948974,0.025134139416714614,0.5151817340987349,l40s
resnet152,gemm,445,layer3.24.conv3,256,1024,1,1,0,1.054481601715088,0.04998673989737214,0.44648113295233816,l40s
resnet152,gemm,445,layer3.25.conv1,1024,256,1,1,0,1.1592431902885436,0.06437291894487124,0.4908385429631779,l40s
resnet152,gemm,445,layer3.25.conv2,256,256,3,1,1,1.2212240159511567,0.025972665385359004,0.5170820252753918,l40s
resnet152,gemm,445,layer3.25.conv3,256,1024,1,1,0,1.0471744000911714,0.05637280413246212,0.4433871693834613,l40s
resnet152,gemm,445,layer3.26.conv1,1024,256,1,1,0,1.1444527983665467,0.044822332236398726,0.48457609994719586,l40s
resnet152,gemm,445,layer3.26.conv2,256,256,3,1,1,1.2223200023174285,0.03169128613158289,0.5175460800618551,l40s
resnet152,gemm,445,layer3.26.conv3,256,1024,1,1,0,1.0515392005443573,0.06051027809055805,0.44523528228394216,l40s
resnet152,gemm,445,layer3.27.conv1,1024,256,1,1,0,1.1476080000400544,0.061057911033251776,0.485912053097625,l40s
resnet152,gemm,445,layer3.27.conv2,256,256,3,1,1,1.3026367902755738,0.3465844131512811,0.5515532456912222,l40s
resnet152,gemm,445,layer3.27.conv3,256,1024,1,1,0,1.057334405183792,0.0629491958180856,0.4476890467961887,l40s
resnet152,gemm,445,layer3.28.conv1,1024,256,1,1,0,1.136358380317688,0.054861612387572325,0.48114881877399546,l40s
resnet152,gemm,445,layer3.28.conv2,256,256,3,1,1,1.2245360136032104,0.03679627419812034,0.5184843678687754,l40s
resnet152,gemm,445,layer3.28.conv3,256,1024,1,1,0,1.0485360115766524,0.053557244544958894,0.4439636932769931,l40s
resnet152,gemm,445,layer3.29.conv1,1024,256,1,1,0,1.1342975974082947,0.054492462373684186,0.4802762566670244,l40s
resnet152,gemm,445,layer3.29.conv2,256,256,3,1,1,1.2129072070121765,0.03139013227433652,0.5135605809262591,l40s
resnet152,gemm,445,layer3.29.conv3,256,1024,1,1,0,1.054174393415451,0.04539561377548383,0.44635105698946587,l40s
resnet152,gemm,445,layer3.30.conv1,1024,256,1,1,0,1.1450879991054534,0.0564861987090909,0.4848450521461702,l40s
resnet152,gemm,445,layer3.30.conv2,256,256,3,1,1,1.2202639997005462,0.03625762682015351,0.5166755419924894,l40s
resnet152,gemm,445,layer3.30.conv3,256,1024,1,1,0,1.0435535907745361,0.04532432246517265,0.441854071941774,l40s
resnet152,gemm,445,layer3.31.conv1,1024,256,1,1,0,1.141179198026657,0.053517925084299395,0.4831900152718351,l40s
resnet152,gemm,445,layer3.31.conv2,256,256,3,1,1,1.2093999862670899,0.03188424436935297,0.5120755783532096,l40s
resnet152,gemm,445,layer3.31.conv3,256,1024,1,1,0,1.051179215312004,0.053073850699623795,0.4450828598859356,l40s
resnet152,gemm,445,layer3.32.conv1,1024,256,1,1,0,1.1569808065891265,0.06282239447832193,0.489880620477242,l40s
resnet152,gemm,445,layer3.32.conv2,256,256,3,1,1,1.2199551999568938,0.029332777514065093,0.5165447921916613,l40s
resnet152,gemm,445,layer3.32.conv3,256,1024,1,1,0,1.061950409412384,0.06030169321282878,0.4496435226204633,l40s
resnet152,gemm,445,layer3.33.conv1,1024,256,1,1,0,1.1498400032520295,0.04984789773596729,0.4868571120926942,l40s
resnet152,gemm,445,layer3.33.conv2,256,256,3,1,1,1.2318575978279114,0.03841095084194581,0.5215844212166323,l40s
resnet152,gemm,445,layer3.33.conv3,256,1024,1,1,0,1.0488159894943236,0.050203234537392664,0.44408223954435344,l40s
resnet152,gemm,445,layer3.34.conv1,1024,256,1,1,0,1.1450703918933869,0.06229242860452623,0.48483759702511464,l40s
resnet152,gemm,445,layer3.34.conv2,256,256,3,1,1,1.2236655950546265,0.033387760606721245,0.5181158214104186,l40s
resnet152,gemm,445,layer3.34.conv3,256,1024,1,1,0,1.0558319956064224,0.05356318231198744,0.4470529071715889,l40s
resnet152,gemm,445,layer3.35.conv1,1024,256,1,1,0,1.135262393951416,0.055054139150889525,0.48068476398753207,l40s
resnet152,gemm,445,layer3.35.conv2,256,256,3,1,1,1.2258975863456727,0.02959995587077621,0.5190608753580126,l40s
resnet152,gemm,445,layer3.35.conv3,256,1024,1,1,0,1.0555744111537932,0.05926816997943966,0.4469438425866272,l40s
resnet152,gemm,445,layer4.0.conv1,1024,512,1,1,0,1.4915055990219117,0.05348844136737446,0.6315227392995211,l40s
resnet152,gemm,445,layer4.0.conv2,512,512,3,2,1,1.9622159838676452,0.035460845998935536,0.8308275973231497,l40s
resnet152,gemm,445,layer4.0.conv3,512,2048,1,1,0,1.2343247950077056,0.03029724415257191,0.5226290643761334,l40s
resnet152,gemm,445,layer4.0.downsample.0,1024,2048,1,2,0,2.0714832305908204,0.04491410443202035,0.8770927612029151,l40s
resnet152,gemm,445,layer4.1.conv1,2048,512,1,1,0,1.2750480115413665,0.029326466977359824,0.5398718003573392,l40s
resnet152,gemm,445,layer4.1.conv2,512,512,3,1,1,1.8629983901977538,0.024948496443220704,0.7888175863770253,l40s
resnet152,gemm,445,layer4.1.conv3,512,2048,1,1,0,1.2707055985927582,0.03549421880750609,0.5380331666155195,l40s
resnet152,gemm,445,layer4.2.conv1,2048,512,1,1,0,1.2745088040828705,0.03401919769616981,0.5396434929534224,l40s
resnet152,gemm,445,layer4.2.conv2,512,512,3,1,1,1.8423647999763488,0.022363274902456855,0.7800810577131364,l40s
resnet152,gemm,445,layer4.2.conv3,512,2048,1,1,0,1.2670239984989167,0.031627442096748566,0.5364743295734106,l40s
resnet152,gemm,448,conv1,3,64,7,2,3,2.30452960729599,0.2186237406212802,0.9821960978094235,l40s
resnet152,gemm,448,layer1.0.conv1,64,64,1,1,0,1.3532272100448608,0.12857539952248098,0.5767487130335156,l40s
resnet152,gemm,448,layer1.0.conv2,64,64,3,1,1,1.5388256072998048,0.03647911397415207,0.6558511992703416,l40s
resnet152,gemm,448,layer1.0.conv3,64,256,1,1,0,2.3456560134887696,0.03167731119083417,0.9997242716942754,l40s
resnet152,gemm,448,layer1.0.downsample.0,64,256,1,1,0,2.392580819129944,0.03445876352172326,1.019723737461741,l40s
resnet152,gemm,448,layer1.1.conv1,256,64,1,1,0,2.4113951683044434,0.029689113606328484,1.0277424586287474,l40s
resnet152,gemm,448,layer1.1.conv2,64,64,3,1,1,1.552895998954773,0.02354302938314177,0.6618480342575804,l40s
resnet152,gemm,448,layer1.1.conv3,64,256,1,1,0,2.8835519909858705,0.5192270641106483,1.2289768395295564,l40s
resnet152,gemm,448,layer1.2.conv1,256,64,1,1,0,2.323862385749817,0.0323819320351251,0.9904357747903773,l40s
resnet152,gemm,448,layer1.2.conv2,64,64,3,1,1,1.5300320088863373,0.031306848283223984,0.6521033463375494,l40s
resnet152,gemm,448,layer1.2.conv3,64,256,1,1,0,2.4875792264938354,0.06610620108117654,1.0602122886678178,l40s
resnet152,gemm,448,layer2.0.conv1,256,128,1,1,0,2.724838435649872,0.04141948724025598,1.1613327380057805,l40s
resnet152,gemm,448,layer2.0.conv2,128,128,3,2,1,1.6804480135440827,0.033568399727926614,0.7162110116741945,l40s
resnet152,gemm,448,layer2.0.conv3,128,512,1,1,0,1.6553568065166473,0.032278059093988856,0.7055170784942291,l40s
resnet152,gemm,448,layer2.0.downsample.0,256,512,1,2,0,2.997547209262848,0.04837538923660395,1.2775618775373585,l40s
resnet152,gemm,448,layer2.1.conv1,512,128,1,1,0,1.4391968071460723,0.036227005200025544,0.6133891634472268,l40s
resnet152,gemm,448,layer2.1.conv2,128,128,3,1,1,1.2855567932128906,0.025893508876484207,0.5479074175521851,l40s
resnet152,gemm,448,layer2.1.conv3,128,512,1,1,0,1.6945344030857086,0.026788796177302614,0.722214664999457,l40s
resnet152,gemm,448,layer2.2.conv1,512,128,1,1,0,1.445408010482788,0.02476723119763753,0.6160363933464258,l40s
resnet152,gemm,448,layer2.2.conv2,128,128,3,1,1,1.2768272042274476,0.02485250974719768,0.5441868455925812,l40s
resnet152,gemm,448,layer2.2.conv3,128,512,1,1,0,1.6051855981349945,0.03780216385067936,0.6841339880193521,l40s
resnet152,gemm,448,layer2.3.conv1,512,128,1,1,0,1.4597503960132598,0.02898179770140286,0.6221491527818911,l40s
resnet152,gemm,448,layer2.3.conv2,128,128,3,1,1,1.268094402551651,0.020120867967356286,0.5404649043765709,l40s
resnet152,gemm,448,layer2.3.conv3,128,512,1,1,0,1.620555192232132,0.026676981073647542,0.6906845462327638,l40s
resnet152,gemm,448,layer2.4.conv1,512,128,1,1,0,1.445438402891159,0.02588494299013506,0.6160493466644524,l40s
resnet152,gemm,448,layer2.4.conv2,128,128,3,1,1,1.2760575890541077,0.0253416750651755,0.5438588337424943,l40s
resnet152,gemm,448,layer2.4.conv3,128,512,1,1,0,1.6263712108135224,0.032820787463978256,0.6931633474325156,l40s
resnet152,gemm,448,layer2.5.conv1,512,128,1,1,0,1.4465647995471955,0.023414886406152684,0.6165294196462193,l40s
resnet152,gemm,448,layer2.5.conv2,128,128,3,1,1,1.2878703892230987,0.031790315863382226,0.548893477772865,l40s
resnet152,gemm,448,layer2.5.conv3,128,512,1,1,0,1.6235712051391602,0.02955032332998004,0.6919699782353935,l40s
resnet152,gemm,448,layer2.6.conv1,512,128,1,1,0,1.4433679938316346,0.02300663437874972,0.6151669333109003,l40s
resnet152,gemm,448,layer2.6.conv2,128,128,3,1,1,1.2706576108932495,0.022629177443850512,0.5415573499771916,l40s
resnet152,gemm,448,layer2.6.conv3,128,512,1,1,0,1.619051194190979,0.04080823004620807,0.6900435386265015,l40s
resnet152,gemm,448,layer2.7.conv1,512,128,1,1,0,1.4579679906368255,0.03351769751980239,0.6213894872953182,l40s
resnet152,gemm,448,layer2.7.conv2,128,128,3,1,1,1.2821839988231658,0.0320741155849733,0.5464699244178755,l40s
resnet152,gemm,448,layer2.7.conv3,128,512,1,1,0,1.628337597846985,0.03654027662369735,0.6940014263467267,l40s
resnet152,gemm,448,layer3.0.conv1,512,256,1,1,0,1.8718959987163544,0.030789948045719183,0.7978066064430189,l40s
resnet152,gemm,448,layer3.0.conv2,256,256,3,2,1,1.607700800895691,0.026994872436115838,0.6852059735251727,l40s
resnet152,gemm,448,layer3.0.conv3,256,1024,1,1,0,1.0668847858905792,0.028749872726002754,0.45470887863467574,l40s
resnet152,gemm,448,layer3.0.downsample.0,512,1024,1,2,0,1.916265606880188,0.043437832014004495,0.8167170408596045,l40s
resnet152,gemm,448,layer3.1.conv1,1024,256,1,1,0,1.1536480069160462,0.02363397562259732,0.4916875734862385,l40s
resnet152,gemm,448,layer3.1.conv2,256,256,3,1,1,1.2307407975196838,0.02589693945895477,0.5245447074802676,l40s
resnet152,gemm,448,layer3.1.conv3,256,1024,1,1,0,1.0359616041183473,0.024514639641343566,0.4415293436994855,l40s
resnet152,gemm,448,layer3.2.conv1,1024,256,1,1,0,1.130024003982544,0.02229376489593163,0.48161896624315353,l40s
resnet152,gemm,448,layer3.2.conv2,256,256,3,1,1,1.2291519939899445,0.026023245280496692,0.523867555569459,l40s
resnet152,gemm,448,layer3.2.conv3,256,1024,1,1,0,1.0281839936971664,0.02387331376288187,0.4382145073086746,l40s
resnet152,gemm,448,layer3.3.conv1,1024,256,1,1,0,1.126580798625946,0.03761333084800185,0.48015146378430024,l40s
resnet152,gemm,448,layer3.3.conv2,256,256,3,1,1,1.2221840023994446,0.03191856029913086,0.5208977806843412,l40s
resnet152,gemm,448,layer3.3.conv3,256,1024,1,1,0,1.0388751924037933,0.02297014220502124,0.44277112208043073,l40s
resnet152,gemm,448,layer3.4.conv1,1024,256,1,1,0,1.1261503934860229,0.0337434127908488,0.4799680240716702,l40s
resnet152,gemm,448,layer3.4.conv2,256,256,3,1,1,1.236243212223053,0.08493218507497385,0.5268898499479835,l40s
resnet152,gemm,448,layer3.4.conv3,256,1024,1,1,0,1.0306799978017807,0.02379027371931755,0.43927831030079373,l40s
resnet152,gemm,448,layer3.5.conv1,1024,256,1,1,0,1.134083193540573,0.029462445445331255,0.4833490026599314,l40s
resnet152,gemm,448,layer3.5.conv2,256,256,3,1,1,1.240095990896225,0.09589163660730468,0.5285319135459223,l40s
resnet152,gemm,448,layer3.5.conv3,256,1024,1,1,0,1.0370784044265746,0.02303137472749529,0.4420053266945837,l40s
resnet152,gemm,448,layer3.6.conv1,1024,256,1,1,0,1.1297520041465758,0.02638871830618509,0.4815030392545624,l40s
resnet152,gemm,448,layer3.6.conv2,256,256,3,1,1,1.2532160043716432,0.11940868699627194,0.5341236950522068,l40s
resnet152,gemm,448,layer3.6.conv3,256,1024,1,1,0,1.0364544063806533,0.025393515861612103,0.4417393772167362,l40s
resnet152,gemm,448,layer3.7.conv1,1024,256,1,1,0,1.1314079999923705,0.030262461477978415,0.4822088286931441,l40s
resnet152,gemm,448,layer3.7.conv2,256,256,3,1,1,1.2216063916683197,0.026458655305442006,0.5206516015923619,l40s
resnet152,gemm,448,layer3.7.conv3,256,1024,1,1,0,1.040463998913765,0.034244782256162586,0.44344827526142166,l40s
resnet152,gemm,448,layer3.8.conv1,1024,256,1,1,0,1.128467208147049,0.024481178677297877,0.4809554560891211,l40s
resnet152,gemm,448,layer3.8.conv2,256,256,3,1,1,1.2309183955192566,0.030411647402784018,0.5246204001776438,l40s
resnet152,gemm,448,layer3.8.conv3,256,1024,1,1,0,1.025972807407379,0.024179644389043936,0.4372720943587681,l40s
resnet152,gemm,448,layer3.9.conv1,1024,256,1,1,0,1.1308288037776948,0.030059546880889552,0.48196197386423695,l40s
resnet152,gemm,448,layer3.9.conv2,256,256,3,1,1,1.2151280045509338,0.028837646801354925,0.5178904973189994,l40s
resnet152,gemm,448,layer3.9.conv3,256,1024,1,1,0,1.0304303884506225,0.02578372134352133,0.43917192619103523,l40s
resnet152,gemm,448,layer3.10.conv1,1024,256,1,1,0,1.1226128041744232,0.022595863452477775,0.47846029494269526,l40s
resnet152,gemm,448,layer3.10.conv2,256,256,3,1,1,1.2193295896053313,0.032655780003158594,0.5196812230410636,l40s
resnet152,gemm,448,layer3.10.conv3,256,1024,1,1,0,1.0372816056013108,0.031765594148325964,0.4420919315271987,l40s
resnet152,gemm,448,layer3.11.conv1,1024,256,1,1,0,1.1221903920173646,0.01991439676547443,0.47828026185871286,l40s
resnet152,gemm,448,layer3.11.conv2,256,256,3,1,1,1.2241536140441895,0.026850622758673143,0.5217372339356876,l40s
resnet152,gemm,448,layer3.11.conv3,256,1024,1,1,0,1.0220272094011307,0.024797814292633686,0.43559047093636,l40s
resnet152,gemm,448,layer3.12.conv1,1024,256,1,1,0,1.1241039991378785,0.023211257164023495,0.479095845846247,l40s
resnet152,gemm,448,layer3.12.conv2,256,256,3,1,1,1.235179203748703,0.03435887313877307,0.526436366960291,l40s
resnet152,gemm,448,layer3.12.conv3,256,1024,1,1,0,1.0298176050186156,0.022935635643690444,0.4389107564087881,l40s
resnet152,gemm,448,layer3.13.conv1,1024,256,1,1,0,1.1279215931892395,0.025549763496368918,0.4807229136731893,l40s
resnet152,gemm,448,layer3.13.conv2,256,256,3,1,1,1.2123295962810516,0.020642242387403507,0.516697808939534,l40s
resnet152,gemm,448,layer3.13.conv3,256,1024,1,1,0,1.03784319460392,0.024165846063386922,0.4423312821196967,l40s
resnet152,gemm,448,layer3.14.conv1,1024,256,1,1,0,1.1302192032337188,0.025898481566679604,0.4817021606365743,l40s
resnet152,gemm,448,layer3.14.conv2,256,256,3,1,1,1.2165663838386536,0.028786783217413354,0.5185035380536879,l40s
resnet152,gemm,448,layer3.14.conv3,256,1024,1,1,0,1.0348528146743774,0.022849223365811064,0.44105677495412776,l40s
resnet152,gemm,448,layer3.15.conv1,1024,256,1,1,0,1.1261136054992675,0.02302949982972121,0.4799523449426528,l40s
resnet152,gemm,448,layer3.15.conv2,256,256,3,1,1,1.2261615991592407,0.026193256552518196,0.5225930420529791,l40s
resnet152,gemm,448,layer3.15.conv3,256,1024,1,1,0,1.040297594666481,0.02737502052666274,0.44337735336837075,l40s
resnet152,gemm,448,layer3.16.conv1,1024,256,1,1,0,1.1206976056098938,0.027980368011757833,0.4776440326778688,l40s
resnet152,gemm,448,layer3.16.conv2,256,256,3,1,1,1.2159744024276733,0.030013735704390507,0.5182512341431633,l40s
resnet152,gemm,448,layer3.16.conv3,256,1024,1,1,0,1.0425104081630707,0.029836473086221803,0.4443204598377559,l40s
resnet152,gemm,448,layer3.17.conv1,1024,256,1,1,0,1.127265614271164,0.02231028061195724,0.4804433338702051,l40s
resnet152,gemm,448,layer3.17.conv2,256,256,3,1,1,1.2189616143703461,0.03275010177880163,0.5195243911050587,l40s
resnet152,gemm,448,layer3.17.conv3,256,1024,1,1,0,1.0460304081439973,0.02256144233326826,0.44582069235141497,l40s
resnet152,gemm,448,layer3.18.conv1,1024,256,1,1,0,1.126308810710907,0.028266448318712473,0.480035541876438,l40s
resnet152,gemm,448,layer3.18.conv2,256,256,3,1,1,1.2316095948219299,0.030468654142029688,0.5249149909938108,l40s
resnet152,gemm,448,layer3.18.conv3,256,1024,1,1,0,1.034044799208641,0.02496006306285456,0.4407123968064558,l40s
resnet152,gemm,448,layer3.19.conv1,1024,256,1,1,0,1.1313807964324951,0.0354574472497071,0.48219723447006635,l40s
resnet152,gemm,448,layer3.19.conv2,256,256,3,1,1,1.2318528056144715,0.03651732750090881,0.5250186480223962,l40s
resnet152,gemm,448,layer3.19.conv3,256,1024,1,1,0,1.04197758436203,0.02889125873292253,0.4440933690438059,l40s
resnet152,gemm,448,layer3.20.conv1,1024,256,1,1,0,1.1221216082572938,0.026830128947475527,0.47825094605364776,l40s
resnet152,gemm,448,layer3.20.conv2,256,256,3,1,1,1.2271168053150177,0.02830584879945582,0.5230001532290895,l40s
resnet152,gemm,448,layer3.20.conv3,256,1024,1,1,0,1.0214816123247146,0.016668947144740407,0.43535793614152135,l40s
resnet152,gemm,448,layer3.21.conv1,1024,256,1,1,0,1.1222752034664154,0.019898257201614318,0.47831640870362363,l40s
resnet152,gemm,448,layer3.21.conv2,256,256,3,1,1,1.2214576125144958,0.02944583117459336,0.5205881915568134,l40s
resnet152,gemm,448,layer3.21.conv3,256,1024,1,1,0,1.0355055987834931,0.0339078739647633,0.44133499312179875,l40s
resnet152,gemm,448,layer3.22.conv1,1024,256,1,1,0,1.1253215789794921,0.03624872266382478,0.47961478132245794,l40s
resnet152,gemm,448,layer3.22.conv2,256,256,3,1,1,1.2134992003440856,0.03368253937400964,0.5171962970227667,l40s
resnet152,gemm,448,layer3.22.conv3,256,1024,1,1,0,1.0346975922584534,0.021746394067786525,0.4409906187846734,l40s
resnet152,gemm,448,layer3.23.conv1,1024,256,1,1,0,1.1337359845638275,0.021231150125013382,0.48320102135346255,l40s
resnet152,gemm,448,layer3.23.conv2,256,256,3,1,1,1.2108208000659944,0.02265122649959646,0.5160547563399375,l40s
resnet152,gemm,448,layer3.23.conv3,256,1024,1,1,0,1.0372095972299575,0.03245379861295798,0.44206124138499836,l40s
resnet152,gemm,448,layer3.24.conv1,1024,256,1,1,0,1.1138416051864624,0.023694580051709574,0.47472198869928206,l40s
resnet152,gemm,448,layer3.24.conv2,256,256,3,1,1,1.2291487991809844,0.03230342080267052,0.5238661939341457,l40s
resnet152,gemm,448,layer3.24.conv3,256,1024,1,1,0,1.0291376024484635,0.021779291710590645,0.43862093766712856,l40s
resnet152,gemm,448,layer3.25.conv1,1024,256,1,1,0,1.1294976055622101,0.023081531747824343,0.4813946139620163,l40s
resnet152,gemm,448,layer3.25.conv2,256,256,3,1,1,1.2246319890022277,0.030974229655929088,0.5219411185009313,l40s
resnet152,gemm,448,layer3.25.conv3,256,1024,1,1,0,1.036230394244194,0.022178146947988746,0.44164390270185216,l40s
resnet152,gemm,448,layer3.26.conv1,1024,256,1,1,0,1.1217728018760682,0.03043072623758484,0.4781022839295222,l40s
resnet152,gemm,448,layer3.26.conv2,256,256,3,1,1,1.2188479959964753,0.031325706708069646,0.5194759666790492,l40s
resnet152,gemm,448,layer3.26.conv3,256,1024,1,1,0,1.0397487938404084,0.02666828531794154,0.44314345312767245,l40s
resnet152,gemm,448,layer3.27.conv1,1024,256,1,1,0,1.1322688043117524,0.02958457767732768,0.4825757055780396,l40s
resnet152,gemm,448,layer3.27.conv2,256,256,3,1,1,1.2234208047389985,0.029079248775069816,0.5214249088357112,l40s
resnet152,gemm,448,layer3.27.conv3,256,1024,1,1,0,1.0354063957929611,0.020217529108493035,0.4412927125670673,l40s
resnet152,gemm,448,layer3.28.conv1,1024,256,1,1,0,1.1162543952465058,0.02371961537435248,0.47575032566414693,l40s
resnet152,gemm,448,layer3.28.conv2,256,256,3,1,1,1.2194608092308044,0.02941826468334357,0.5197371491631181,l40s
resnet152,gemm,448,layer3.28.conv3,256,1024,1,1,0,1.0339263916015624,0.02495257356828413,0.4406619311976585,l40s
resnet152,gemm,448,layer3.29.conv1,1024,256,1,1,0,1.13157120347023,0.03370041664036225,0.48227838641051735,l40s
resnet152,gemm,448,layer3.29.conv2,256,256,3,1,1,1.2127824008464814,0.024840917978352983,0.516890795341543,l40s
resnet152,gemm,448,layer3.29.conv3,256,1024,1,1,0,1.0274768054485321,0.026554313639453438,0.43791310196503047,l40s
resnet152,gemm,448,layer3.30.conv1,1024,256,1,1,0,1.1281328082084656,0.020285632568191256,0.48081293402572717,l40s
resnet152,gemm,448,layer3.30.conv2,256,256,3,1,1,1.2205184042453765,0.02736977254627291,0.5201878987187266,l40s
resnet152,gemm,448,layer3.30.conv3,256,1024,1,1,0,1.036345613002777,0.018227667206787156,0.44169300921570054,l40s
resnet152,gemm,448,layer3.31.conv1,1024,256,1,1,0,1.1245855927467345,0.024298739233375923,0.4793011022082616,l40s
resnet152,gemm,448,layer3.31.conv2,256,256,3,1,1,1.2122559905052186,0.04004982460014152,0.516666437979677,l40s
resnet152,gemm,448,layer3.31.conv3,256,1024,1,1,0,1.0456368029117584,0.015349307987796452,0.44565293684853124,l40s
resnet152,gemm,448,layer3.32.conv1,1024,256,1,1,0,1.1246815919876099,0.021941451151817025,0.4793420173171332,l40s
resnet152,gemm,448,layer3.32.conv2,256,256,3,1,1,1.209635204076767,0.024619680323051892,0.5155494524590453,l40s
resnet152,gemm,448,layer3.32.conv3,256,1024,1,1,0,1.03920159637928,0.026507389037134618,0.4429102362449949,l40s
resnet152,gemm,448,layer3.33.conv1,1024,256,1,1,0,1.1207552075386047,0.025184130766725786,0.4776685827593375,l40s
resnet152,gemm,448,layer3.33.conv2,256,256,3,1,1,1.2101376056671143,0.026135952906867987,0.5157635772331467,l40s
resnet152,gemm,448,layer3.33.conv3,256,1024,1,1,0,1.0321135878562928,0.02907807584455791,0.43988930985269464,l40s
resnet152,gemm,448,layer3.34.conv1,1024,256,1,1,0,1.116976010799408,0.023217308346485128,0.47605787995979815,l40s
resnet152,gemm,448,layer3.34.conv2,256,256,3,1,1,1.2320207953453064,0.029398708539897962,0.5250902456523748,l40s
resnet152,gemm,448,layer3.34.conv3,256,1024,1,1,0,1.0454815924167633,0.03726697089465795,0.44558678575980554,l40s
resnet152,gemm,448,layer3.35.conv1,1024,256,1,1,0,1.1188031911849976,0.02553110160259601,0.47683662866367166,l40s
resnet152,gemm,448,layer3.35.conv2,256,256,3,1,1,1.2157183945178986,0.03363622426351644,0.5181421229522318,l40s
resnet152,gemm,448,layer3.35.conv3,256,1024,1,1,0,1.0354432106018066,0.03411181938284145,0.44130840312772457,l40s
resnet152,gemm,448,layer4.0.conv1,1024,512,1,1,0,1.434875226020813,0.0326121885569254,0.6115472951092554,l40s
resnet152,gemm,448,layer4.0.conv2,512,512,3,2,1,1.9439279854297637,0.03696773897405527,0.8285068135670162,l40s
resnet152,gemm,448,layer4.0.conv3,512,2048,1,1,0,1.220299196243286,0.031042293589299053,0.5200944717375413,l40s
resnet152,gemm,448,layer4.0.downsample.0,1024,2048,1,2,0,2.0607200086116793,0.046029768118863536,0.8782838565962627,l40s
resnet152,gemm,448,layer4.1.conv1,2048,512,1,1,0,1.2807967960834503,0.02619058987767419,0.5458786952518428,l40s
resnet152,gemm,448,layer4.1.conv2,512,512,3,1,1,1.859899204969406,0.033267188493860414,0.7926935439042813,l40s
resnet152,gemm,448,layer4.1.conv3,512,2048,1,1,0,1.2704016029834748,0.03643646148231363,0.5414482387862601,l40s
resnet152,gemm,448,layer4.2.conv1,2048,512,1,1,0,1.2637728035449982,0.030892473621122536,0.5386230284175062,l40s
resnet152,gemm,448,layer4.2.conv2,512,512,3,1,1,1.8607200026512145,0.033328371403147324,0.7930433698633884,l40s
resnet152,gemm,448,layer4.2.conv3,512,2048,1,1,0,1.2516047954559326,0.02609648660743137,0.5334369939116546,l40s
resnet152,gemm,450,conv1,3,64,7,2,3,2.243881583213806,0.1186648191960475,0.9148600471206197,l40s
resnet152,gemm,450,layer1.0.conv1,64,64,1,1,0,1.367563211917877,0.0368194577924871,0.5575735162921038,l40s
resnet152,gemm,450,layer1.0.conv2,64,64,3,1,1,1.551995199918747,0.03055701074398932,0.6327688646096217,l40s
resnet152,gemm,450,layer1.0.conv3,64,256,1,1,0,2.436774396896362,0.12250061227040114,0.9935049853985578,l40s
resnet152,gemm,450,layer1.0.downsample.0,64,256,1,1,0,2.401865601539612,0.04900331236879309,0.9792722101915616,l40s
resnet152,gemm,450,layer1.1.conv1,256,64,1,1,0,2.4707664132118223,0.07240732332167937,1.0073639777271757,l40s
resnet152,gemm,450,layer1.1.conv2,64,64,3,1,1,1.5411904096603393,0.028977361137246586,0.6283636094487064,l40s
resnet152,gemm,450,layer1.1.conv3,64,256,1,1,0,2.381496012210846,0.11789831614744696,0.9709672605932627,l40s
resnet152,gemm,450,layer1.2.conv1,256,64,1,1,0,2.3482223987579345,0.031763442201766724,0.957401170564659,l40s
resnet152,gemm,450,layer1.2.conv2,64,64,3,1,1,1.5184911966323853,0.027645863012974663,0.6191088416143843,l40s
resnet152,gemm,450,layer1.2.conv3,64,256,1,1,0,2.319920003414154,0.06588262201276242,0.9458619115718773,l40s
resnet152,gemm,450,layer2.0.conv1,256,128,1,1,0,2.7192224144935606,0.04584238516714898,1.1086627587058302,l40s
resnet152,gemm,450,layer2.0.conv2,128,128,3,2,1,1.7257392048835754,0.04486370067501579,0.7036065816077661,l40s
resnet152,gemm,450,layer2.0.conv3,128,512,1,1,0,1.6715024054050445,0.032362151187934105,0.6814935247968388,l40s
resnet152,gemm,450,layer2.0.downsample.0,256,512,1,2,0,3.005449616909027,0.079761084401947,1.2253613553911196,l40s
resnet152,gemm,450,layer2.1.conv1,512,128,1,1,0,1.4526144087314605,0.026056400948441596,0.592250008361305,l40s
resnet152,gemm,450,layer2.1.conv2,128,128,3,1,1,1.3010928094387055,0.033379815944984445,0.5304726585645206,l40s
resnet152,gemm,450,layer2.1.conv3,128,512,1,1,0,1.7013823986053467,0.05805488104320528,0.6936759911942145,l40s
resnet152,gemm,450,layer2.2.conv1,512,128,1,1,0,1.4654608070850372,0.024106638873257584,0.5974876540066918,l40s
resnet152,gemm,450,layer2.2.conv2,128,128,3,1,1,1.2913056075572968,0.04662999378719385,0.5264822875746308,l40s
resnet152,gemm,450,layer2.2.conv3,128,512,1,1,0,1.6325504064559937,0.051292799097928256,0.6656122822836169,l40s
resnet152,gemm,450,layer2.3.conv1,512,128,1,1,0,1.4615679919719695,0.037302886936454366,0.5959005020623043,l40s
resnet152,gemm,450,layer2.3.conv2,128,128,3,1,1,1.3055103957653045,0.03645764200371302,0.5322737666377566,l40s
resnet152,gemm,450,layer2.3.conv3,128,512,1,1,0,1.6440064072608949,0.04587531674009956,0.6702830445531547,l40s
resnet152,gemm,450,layer2.4.conv1,512,128,1,1,0,1.4564399898052216,0.02640620578469107,0.5938097481031822,l40s
resnet152,gemm,450,layer2.4.conv2,128,128,3,1,1,1.2816655933856964,0.02978145416443678,0.5225519269507684,l40s
resnet152,gemm,450,layer2.4.conv3,128,512,1,1,0,1.6605440080165863,0.04633560587845634,0.6770256419877949,l40s
resnet152,gemm,450,layer2.5.conv1,512,128,1,1,0,1.4618976056575774,0.026242576621319628,0.5960348898990792,l40s
resnet152,gemm,450,layer2.5.conv2,128,128,3,1,1,1.27361119389534,0.03508759815164381,0.5192680422964266,l40s
resnet152,gemm,450,layer2.5.conv3,128,512,1,1,0,1.6388575971126556,0.05325656976968787,0.668183806906181,l40s
resnet152,gemm,450,layer2.6.conv1,512,128,1,1,0,1.4614479959011077,0.034720973333929976,0.5958515780852709,l40s
resnet152,gemm,450,layer2.6.conv2,128,128,3,1,1,1.2922959983348847,0.039612162880956835,0.5268860829265023,l40s
resnet152,gemm,450,layer2.6.conv3,128,512,1,1,0,1.6468735933303833,0.05563681019276077,0.6714520340409506,l40s
resnet152,gemm,450,layer2.7.conv1,512,128,1,1,0,1.4544095933437347,0.025070620255333596,0.5929819287492888,l40s
resnet152,gemm,450,layer2.7.conv2,128,128,3,1,1,1.2875039935112,0.033569407412517835,0.5249323195052975,l40s
resnet152,gemm,450,layer2.7.conv3,128,512,1,1,0,1.6498191893100738,0.0626178800422488,0.6726529922808762,l40s
resnet152,gemm,450,layer3.0.conv1,512,256,1,1,0,1.8687135934829713,0.06206817649439996,0.7618991211381919,l40s
resnet152,gemm,450,layer3.0.conv2,256,256,3,2,1,1.6080656170845031,0.026121773545207134,0.6556295114789037,l40s
resnet152,gemm,450,layer3.0.conv3,256,1024,1,1,0,1.2608655929565429,0.05292888105050223,0.5140714930833671,l40s
resnet152,gemm,450,layer3.0.downsample.0,512,1024,1,2,0,2.0182959973812102,0.10168396607555345,0.8228858354561368,l40s
resnet152,gemm,450,layer3.1.conv1,1024,256,1,1,0,1.1783663928508759,0.056410727633403664,0.4804354836518959,l40s
resnet152,gemm,450,layer3.1.conv2,256,256,3,1,1,1.2787248015403747,0.032576104778280754,0.521352927419639,l40s
resnet152,gemm,450,layer3.1.conv3,256,1024,1,1,0,1.070911991596222,0.06137096220929584,0.43662491034421186,l40s
resnet152,gemm,450,layer3.2.conv1,1024,256,1,1,0,1.167059189081192,0.05948452326887008,0.47582538789153084,l40s
resnet152,gemm,450,layer3.2.conv2,256,256,3,1,1,1.2626447916030883,0.023660911189779622,0.5147968957827751,l40s
resnet152,gemm,450,layer3.2.conv3,256,1024,1,1,0,1.0806111931800841,0.05476793093013809,0.44057940245485855,l40s
resnet152,gemm,450,layer3.3.conv1,1024,256,1,1,0,1.1697615921497344,0.05432922896067904,0.47692719318157845,l40s
resnet152,gemm,450,layer3.3.conv2,256,256,3,1,1,1.2676400005817414,0.022985107055179275,0.5168335082117799,l40s
resnet152,gemm,450,layer3.3.conv3,256,1024,1,1,0,1.0776848018169403,0.06038899843157782,0.4393862741897989,l40s
resnet152,gemm,450,layer3.4.conv1,1024,256,1,1,0,1.1683999955654145,0.05929561549133332,0.47637205233786867,l40s
resnet152,gemm,450,layer3.4.conv2,256,256,3,1,1,1.2724704146385193,0.030094675630269005,0.5188029315827166,l40s
resnet152,gemm,450,layer3.4.conv3,256,1024,1,1,0,1.0587632000446319,0.05062375320787575,0.43167168817130747,l40s
resnet152,gemm,450,layer3.5.conv1,1024,256,1,1,0,1.1760864078998565,0.04644665916963622,0.47950590378666236,l40s
resnet152,gemm,450,layer3.5.conv2,256,256,3,1,1,1.2675951957702636,0.028408210094881706,0.5168152407005857,l40s
resnet152,gemm,450,layer3.5.conv3,256,1024,1,1,0,1.065556788444519,0.056371135417239954,0.43444152355394705,l40s
resnet152,gemm,450,layer3.6.conv1,1024,256,1,1,0,1.1572704136371612,0.05644689407940656,0.47183437533945444,l40s
resnet152,gemm,450,layer3.6.conv2,256,256,3,1,1,1.265887987613678,0.036294934557935435,0.5161191894712058,l40s
resnet152,gemm,450,layer3.6.conv3,256,1024,1,1,0,1.0632592022418976,0.05641227517018174,0.433504767426833,l40s
resnet152,gemm,450,layer3.7.conv1,1024,256,1,1,0,1.177155214548111,0.05148895329936513,0.47994167032082347,l40s
resnet152,gemm,450,layer3.7.conv2,256,256,3,1,1,1.2608559906482697,0.022785780538504684,0.5140675780959342,l40s
resnet152,gemm,450,layer3.7.conv3,256,1024,1,1,0,1.051771193742752,0.04464690523104903,0.4288209551991853,l40s
resnet152,gemm,450,layer3.8.conv1,1024,256,1,1,0,1.158889615535736,0.06180181706119651,0.4724945452594313,l40s
resnet152,gemm,450,layer3.8.conv2,256,256,3,1,1,1.2603024065494537,0.026419573521711422,0.5138418745746267,l40s
resnet152,gemm,450,layer3.8.conv3,256,1024,1,1,0,1.0629343926906585,0.04302206029815001,0.4333723382988546,l40s
resnet152,gemm,450,layer3.9.conv1,1024,256,1,1,0,1.1671087920665741,0.05040679046847072,0.47584561168136147,l40s
resnet152,gemm,450,layer3.9.conv2,256,256,3,1,1,1.255382388830185,0.02312608305185851,0.5118359186114615,l40s
resnet152,gemm,450,layer3.9.conv3,256,1024,1,1,0,1.121432012319565,0.28054489349980716,0.4572225875501967,l40s
resnet152,gemm,450,layer3.10.conv1,1024,256,1,1,0,1.1661055982112885,0.06700463305607732,0.475436596346246,l40s
resnet152,gemm,450,layer3.10.conv2,256,256,3,1,1,1.2709695994853973,0.035357446538688476,0.518191029496628,l40s
resnet152,gemm,450,layer3.10.conv3,256,1024,1,1,0,1.0546591997146606,0.052509132812235196,0.4299984332351522,l40s
resnet152,gemm,450,layer3.11.conv1,1024,256,1,1,0,1.1645952045917511,0.052324550765009636,0.47482078899336355,l40s
resnet152,gemm,450,layer3.11.conv2,256,256,3,1,1,1.259471994638443,0.02672820005651501,0.513503304711707,l40s
resnet152,gemm,450,layer3.11.conv3,256,1024,1,1,0,1.0616095960140228,0.04860147065802298,0.4328322012617315,l40s
resnet152,gemm,450,layer3.12.conv1,1024,256,1,1,0,1.1768831968307496,0.06640681824697584,0.47983076511816725,l40s
resnet152,gemm,450,layer3.12.conv2,256,256,3,1,1,1.260593593120575,0.032148408716444754,0.5139605951711902,l40s
resnet152,gemm,450,layer3.12.conv3,256,1024,1,1,0,1.06285919547081,0.04594673942791291,0.4333416794028555,l40s
resnet152,gemm,450,layer3.13.conv1,1024,256,1,1,0,1.1756927967071533,0.054337832146051035,0.47934542332414715,l40s
resnet152,gemm,450,layer3.13.conv2,256,256,3,1,1,1.2608191788196563,0.030410025769363067,0.5140525694290277,l40s
resnet152,gemm,450,layer3.13.conv3,256,1024,1,1,0,1.0657311975955963,0.05049371963341654,0.43451263245976746,l40s
resnet152,gemm,450,layer3.14.conv1,1024,256,1,1,0,1.1733823895454407,0.0526490250079369,0.47840343992330964,l40s
resnet152,gemm,450,layer3.14.conv2,256,256,3,1,1,1.2651776015758514,0.02823592198814081,0.5158295557361186,l40s
resnet152,gemm,450,layer3.14.conv3,256,1024,1,1,0,1.0630943953990937,0.04943351497720412,0.43343757350844564,l40s
resnet152,gemm,450,layer3.15.conv1,1024,256,1,1,0,1.1708704113960267,0.04696309231844388,0.47737927337845687,l40s
resnet152,gemm,450,layer3.15.conv2,256,256,3,1,1,1.2619872033596038,0.03032888507177175,0.5145287884031697,l40s
resnet152,gemm,450,layer3.15.conv3,256,1024,1,1,0,1.0717615902423858,0.05993179925482031,0.4369713028915181,l40s
resnet152,gemm,450,layer3.16.conv1,1024,256,1,1,0,1.1775839924812317,0.05517449882108381,0.4801164887261411,l40s
resnet152,gemm,450,layer3.16.conv2,256,256,3,1,1,1.2559248149394988,0.026896446582888617,0.5120570728736287,l40s
resnet152,gemm,450,layer3.16.conv3,256,1024,1,1,0,1.052913600206375,0.05572885655429842,0.4292867293465198,l40s
resnet152,gemm,450,layer3.17.conv1,1024,256,1,1,0,1.1773328065872193,0.05822613432841407,0.4800140769319754,l40s
resnet152,gemm,450,layer3.17.conv2,256,256,3,1,1,1.2517119944095612,0.019321635773589578,0.5103394505100594,l40s
resnet152,gemm,450,layer3.17.conv3,256,1024,1,1,0,1.0581584036350251,0.05519969868807766,0.43142510471702433,l40s
resnet152,gemm,450,layer3.18.conv1,1024,256,1,1,0,1.1568383872509003,0.06679530824074198,0.47165823249704747,l40s
resnet152,gemm,450,layer3.18.conv2,256,256,3,1,1,1.2761343955993651,0.030904227743264852,0.5202967848321771,l40s
resnet152,gemm,450,layer3.18.conv3,256,1024,1,1,0,1.0562767922878264,0.05066593234268061,0.43065794701198384,l40s
resnet152,gemm,450,layer3.19.conv1,1024,256,1,1,0,1.1632992029190063,0.05117565401173845,0.47429239205821977,l40s
resnet152,gemm,450,layer3.19.conv2,256,256,3,1,1,1.2648671984672546,0.027005018244806965,0.5157030003043696,l40s
resnet152,gemm,450,layer3.19.conv3,256,1024,1,1,0,1.0536735832691193,0.061931251732130564,0.4295965844412781,l40s
resnet152,gemm,450,layer3.20.conv1,1024,256,1,1,0,1.1708223938941955,0.05537796031008399,0.4773596960111321,l40s
resnet152,gemm,450,layer3.20.conv2,256,256,3,1,1,1.2655423939228059,0.030155757824378585,0.5159782863760154,l40s
resnet152,gemm,450,layer3.20.conv3,256,1024,1,1,0,1.0506992042064667,0.06070542519424742,0.42838389095969265,l40s
resnet152,gemm,450,layer3.21.conv1,1024,256,1,1,0,1.1778719902038575,0.06848788926992828,0.48023390918721315,l40s
resnet152,gemm,450,layer3.21.conv2,256,256,3,1,1,1.2672960102558135,0.025201713271474725,0.5166932588295746,l40s
resnet152,gemm,450,layer3.21.conv3,256,1024,1,1,0,1.0542303919792175,0.048671471406188736,0.4298236026790355,l40s
resnet152,gemm,450,layer3.22.conv1,1024,256,1,1,0,1.1793775975704193,0.12990626203075498,0.48084776512177857,l40s
resnet152,gemm,450,layer3.22.conv2,256,256,3,1,1,1.2529455900192261,0.026499493355764032,0.5108424036721284,l40s
resnet152,gemm,450,layer3.22.conv3,256,1024,1,1,0,1.0590255975723266,0.04982600549224899,0.4317786710960514,l40s
resnet152,gemm,450,layer3.23.conv1,1024,256,1,1,0,1.1755616068840027,0.05702827592743132,0.47929193550701493,l40s
resnet152,gemm,450,layer3.23.conv2,256,256,3,1,1,1.256632000207901,0.027529978261943307,0.5123454016129051,l40s
resnet152,gemm,450,layer3.23.conv3,256,1024,1,1,0,1.056500792503357,0.048048337616519846,0.43074927484731546,l40s
resnet152,gemm,450,layer3.24.conv1,1024,256,1,1,0,1.1694992065429688,0.06850916942044512,0.4768202151171542,l40s
resnet152,gemm,450,layer3.24.conv2,256,256,3,1,1,1.2510128021240234,0.022591869932661574,0.5100543806150709,l40s
resnet152,gemm,450,layer3.24.conv3,256,1024,1,1,0,1.0549871981143952,0.04691186766495032,0.430132162498622,l40s
resnet152,gemm,450,layer3.25.conv1,1024,256,1,1,0,1.1707647919654847,0.05175437678016338,0.4773362109468538,l40s
resnet152,gemm,450,layer3.25.conv2,256,256,3,1,1,1.2610880076885223,0.03173373263726127,0.5141621744961925,l40s
resnet152,gemm,450,layer3.25.conv3,256,1024,1,1,0,1.0531760036945343,0.04592893701173634,0.4293937147014235,l40s
resnet152,gemm,450,layer3.26.conv1,1024,256,1,1,0,1.1760464012622833,0.05710628831708679,0.4794895925541049,l40s
resnet152,gemm,450,layer3.26.conv2,256,256,3,1,1,1.266376006603241,0.03169275062403092,0.516318161234746,l40s
resnet152,gemm,450,layer3.26.conv3,256,1024,1,1,0,1.0507263898849488,0.057945405683620166,0.4283949749185269,l40s
resnet152,gemm,450,layer3.27.conv1,1024,256,1,1,0,1.1761040031909942,0.04964504747800202,0.47951307761838313,l40s
resnet152,gemm,450,layer3.27.conv2,256,256,3,1,1,1.260369610786438,0.03851718116279108,0.5138692746263381,l40s
resnet152,gemm,450,layer3.27.conv3,256,1024,1,1,0,1.0543727993965148,0.057685975520076156,0.42988166405690575,l40s
resnet152,gemm,450,layer3.28.conv1,1024,256,1,1,0,1.1716240048408508,0.05061279483426403,0.4776865233419127,l40s
resnet152,gemm,450,layer3.28.conv2,256,256,3,1,1,1.2641231954097747,0.028879619111987866,0.515399660468027,l40s
resnet152,gemm,450,layer3.28.conv3,256,1024,1,1,0,1.0508223950862885,0.05557344291759541,0.4284341175023773,l40s
resnet152,gemm,450,layer3.29.conv1,1024,256,1,1,0,1.1785663843154908,0.05338368922339434,0.480517022803565,l40s
resnet152,gemm,450,layer3.29.conv2,256,256,3,1,1,1.2592608034610748,0.028254229609922625,0.5134171992897794,l40s
resnet152,gemm,450,layer3.29.conv3,256,1024,1,1,0,1.0488432049751282,0.05283880927465153,0.42762717565130004,l40s
resnet152,gemm,450,layer3.30.conv1,1024,256,1,1,0,1.1638383984565734,0.04849846920098444,0.474512229173777,l40s
resnet152,gemm,450,layer3.30.conv2,256,256,3,1,1,1.2788111925125123,0.033972650546198475,0.5213881501557369,l40s
resnet152,gemm,450,layer3.30.conv3,256,1024,1,1,0,1.0579087913036347,0.04147129564585095,0.43132333448504506,l40s
resnet152,gemm,450,layer3.31.conv1,1024,256,1,1,0,1.1768000066280364,0.05166675136250516,0.47979684737788025,l40s
resnet152,gemm,450,layer3.31.conv2,256,256,3,1,1,1.2585808038711548,0.02700009115336917,0.5131399545093371,l40s
resnet152,gemm,450,layer3.31.conv3,256,1024,1,1,0,1.0596464097499847,0.04888020959546564,0.4320317843897092,l40s
resnet152,gemm,450,layer3.32.conv1,1024,256,1,1,0,1.1729312062263488,0.05448301781002961,0.47821948654731505,l40s
resnet152,gemm,450,layer3.32.conv2,256,256,3,1,1,1.2673487961292267,0.030808365788692508,0.516714780324737,l40s
resnet152,gemm,450,layer3.32.conv3,256,1024,1,1,0,1.0638591945171356,0.055938226811207574,0.43374939217231984,l40s
resnet152,gemm,450,layer3.33.conv1,1024,256,1,1,0,1.1687247931957245,0.05635206497806108,0.4765044766055274,l40s
resnet152,gemm,450,layer3.33.conv2,256,256,3,1,1,1.2703439891338348,0.030147871038555575,0.5179359599243335,l40s
resnet152,gemm,450,layer3.33.conv3,256,1024,1,1,0,1.0553872048854829,0.04329952871901834,0.43029525052259954,l40s
resnet152,gemm,450,layer3.34.conv1,1024,256,1,1,0,1.1624655961990356,0.053671208385541604,0.47395251962964885,l40s
resnet152,gemm,450,layer3.34.conv2,256,256,3,1,1,1.2674944043159484,0.03773817722926419,0.5167741466984181,l40s
resnet152,gemm,450,layer3.34.conv3,256,1024,1,1,0,1.0573823928833008,0.05126110795745999,0.4311087149225719,l40s
resnet152,gemm,450,layer3.35.conv1,1024,256,1,1,0,1.1856671929359437,0.0533444605595809,0.483412115912622,l40s
resnet152,gemm,450,layer3.35.conv2,256,256,3,1,1,1.2621104001998902,0.027208975360437995,0.5145790173760143,l40s
resnet152,gemm,450,layer3.35.conv3,256,1024,1,1,0,1.0679119884967805,0.052558070816431546,0.4354017696056591,l40s
resnet152,gemm,450,layer4.0.conv1,1024,512,1,1,0,1.514766389131546,0.04359642746460033,0.6175901885841952,l40s
resnet152,gemm,450,layer4.0.conv2,512,512,3,2,1,2.237782394886017,0.04209912270493765,0.9123733277844919,l40s
resnet152,gemm,450,layer4.0.conv3,512,2048,1,1,0,1.2900416076183319,0.03437779417251943,0.5259669381674371,l40s
resnet152,gemm,450,layer4.0.downsample.0,1024,2048,1,2,0,2.039409613609314,0.028124036895140102,0.8314941346114179,l40s
resnet152,gemm,450,layer4.1.conv1,2048,512,1,1,0,1.462820792198181,0.029933913042668205,0.5964112851992394,l40s
resnet152,gemm,450,layer4.1.conv2,512,512,3,1,1,1.897284781932831,0.02915841891026173,0.7735479706171798,l40s
resnet152,gemm,450,layer4.1.conv3,512,2048,1,1,0,1.2609279990196227,0.02733361982659917,0.5140969368564418,l40s
resnet152,gemm,450,layer4.2.conv1,2048,512,1,1,0,1.4552367985248567,0.03094689264439419,0.5933191911862378,l40s
resnet152,gemm,450,layer4.2.conv2,512,512,3,1,1,1.89478879570961,0.032358405283983496,0.7725303241910623,l40s
resnet152,gemm,450,layer4.2.conv3,512,2048,1,1,0,1.2697471916675567,0.024713290422456548,0.5176926377444979,l40s
resnet152,gemm,453,conv1,3,64,7,2,3,2.3674528002738953,0.6472849719224943,0.9622801558799663,l40s
resnet152,gemm,453,layer1.0.conv1,64,64,1,1,0,1.3606719970703125,0.037466887765985,0.5530617806998493,l40s
resnet152,gemm,453,layer1.0.conv2,64,64,3,1,1,1.6725376069545745,0.029868955285670247,0.6798233734371192,l40s
resnet152,gemm,453,layer1.0.conv3,64,256,1,1,0,2.727995204925537,0.03575521155915879,1.108827027399171,l40s
resnet152,gemm,453,layer1.0.downsample.0,64,256,1,1,0,2.4546048164367678,0.20387913551048573,0.9977041591330661,l40s
resnet152,gemm,453,layer1.1.conv1,256,64,1,1,0,2.48259197473526,0.14762684423438746,1.0090798820395561,l40s
resnet152,gemm,453,layer1.1.conv2,64,64,3,1,1,1.692527997493744,0.039942053689552254,0.6879487122493261,l40s
resnet152,gemm,453,layer1.1.conv3,64,256,1,1,0,2.359376001358032,0.044205950604184856,0.9589972421429455,l40s
resnet152,gemm,453,layer1.2.conv1,256,64,1,1,0,2.40305917263031,0.05304396712457543,0.9767528015595283,l40s
resnet152,gemm,453,layer1.2.conv2,64,64,3,1,1,1.6672128021717072,0.024203098820385977,0.6776590413854326,l40s
resnet152,gemm,453,layer1.2.conv3,64,256,1,1,0,2.325604808330536,0.04157952053976244,0.9452705275545947,l40s
resnet152,gemm,453,layer2.0.conv1,256,128,1,1,0,2.7447407960891725,0.03952258050843028,1.1156334778058619,l40s
resnet152,gemm,453,layer2.0.conv2,128,128,3,2,1,1.7126543939113616,0.03188293821750221,0.6961293323148271,l40s
resnet152,gemm,453,layer2.0.conv3,128,512,1,1,0,1.676915204524994,0.03231281356237987,0.6816027015284567,l40s
resnet152,gemm,453,layer2.0.downsample.0,256,512,1,2,0,3.0505088329315186,0.05931135927452655,1.2399166373779231,l40s
resnet152,gemm,453,layer2.1.conv1,512,128,1,1,0,1.4522399961948396,0.029892099592384203,0.59028071425619,l40s
resnet152,gemm,453,layer2.1.conv2,128,128,3,1,1,1.3036336064338685,0.02910812397646515,0.5298778289748437,l40s
resnet152,gemm,453,layer2.1.conv3,128,512,1,1,0,1.5026015877723693,0.05812009781944843,0.6107507993146891,l40s
resnet152,gemm,453,layer2.2.conv1,512,128,1,1,0,1.453328001499176,0.029087402048822816,0.5907229473236176,l40s
resnet152,gemm,453,layer2.2.conv2,128,128,3,1,1,1.2844912111759186,0.029308793623653955,0.5220971682197042,l40s
resnet152,gemm,453,layer2.2.conv3,128,512,1,1,0,1.6837439954280853,0.04912192325057426,0.6843783471396123,l40s
resnet152,gemm,453,layer2.3.conv1,512,128,1,1,0,1.4663392066955567,0.020361088755447315,0.5960115108646145,l40s
resnet152,gemm,453,layer2.3.conv2,128,128,3,1,1,1.2770816087722778,0.02098012834704893,0.519085444668063,l40s
resnet152,gemm,453,layer2.3.conv3,128,512,1,1,0,1.6869408011436462,0.023702660296774456,0.6856777279348417,l40s
resnet152,gemm,453,layer2.4.conv1,512,128,1,1,0,1.454935997724533,0.029226221633964666,0.5913765370628563,l40s
resnet152,gemm,453,layer2.4.conv2,128,128,3,1,1,1.2827087998390199,0.02214977370378337,0.521372685324453,l40s
resnet152,gemm,453,layer2.4.conv3,128,512,1,1,0,1.673195195198059,0.02687766875878037,0.6800906582241155,l40s
resnet152,gemm,453,layer2.5.conv1,512,128,1,1,0,1.4530399918556214,0.0248043456752328,0.5906058822802669,l40s
resnet152,gemm,453,layer2.5.conv2,128,128,3,1,1,1.2950911819934845,0.026335406724066333,0.5264056560465662,l40s
resnet152,gemm,453,layer2.5.conv3,128,512,1,1,0,1.6811807990074157,0.04350748461688505,0.683336504594347,l40s
resnet152,gemm,453,layer2.6.conv1,512,128,1,1,0,1.4563920080661774,0.02331355239813614,0.5919683502801497,l40s
resnet152,gemm,453,layer2.6.conv2,128,128,3,1,1,1.2906799972057343,0.024828162599367678,0.5246126760198132,l40s
resnet152,gemm,453,layer2.6.conv3,128,512,1,1,0,1.6744976043701172,0.023672879161813463,0.6806200383667578,l40s
resnet152,gemm,453,layer2.7.conv1,512,128,1,1,0,1.44964000582695,0.029498311162219945,0.5892239163609122,l40s
resnet152,gemm,453,layer2.7.conv2,128,128,3,1,1,1.2913839936256408,0.03237083277699543,0.524898823977909,l40s
resnet152,gemm,453,layer2.7.conv3,128,512,1,1,0,1.678731197118759,0.03058613561945936,0.6823408339364199,l40s
resnet152,gemm,453,layer3.0.conv1,512,256,1,1,0,1.8541824042797088,0.032254067178568616,0.7536551236897929,l40s
resnet152,gemm,453,layer3.0.conv2,256,256,3,2,1,1.6142447948455811,0.02822360593715559,0.6561295467570544,l40s
resnet152,gemm,453,layer3.0.conv3,256,1024,1,1,0,1.249144011735916,0.05002093653753127,0.5077298665429356,l40s
resnet152,gemm,453,layer3.0.downsample.0,512,1024,1,2,0,1.9676223933696746,0.04173480164062925,0.7997641951660583,l40s
resnet152,gemm,453,layer3.1.conv1,1024,256,1,1,0,1.1603504061698913,0.028924513498162933,0.47163861919247796,l40s
resnet152,gemm,453,layer3.1.conv2,256,256,3,1,1,1.2745775938034059,0.02450712529204757,0.5180676571479514,l40s
resnet152,gemm,453,layer3.1.conv3,256,1024,1,1,0,1.0614416003227234,0.024048581387339597,0.4314359249307369,l40s
resnet152,gemm,453,layer3.2.conv1,1024,256,1,1,0,1.1657792031764984,0.02969918490814023,0.47384522015582314,l40s
resnet152,gemm,453,layer3.2.conv2,256,256,3,1,1,1.2684144079685211,0.021629245210307242,0.5155625548602842,l40s
resnet152,gemm,453,layer3.2.conv3,256,1024,1,1,0,1.054550403356552,0.026636499214271192,0.4286349136117194,l40s
resnet152,gemm,453,layer3.3.conv1,1024,256,1,1,0,1.16460639834404,0.023863314529158988,0.47336851928268886,l40s
resnet152,gemm,453,layer3.3.conv2,256,256,3,1,1,1.2532127976417542,0.030287108690970045,0.5093836743549685,l40s
resnet152,gemm,453,layer3.3.conv3,256,1024,1,1,0,1.0541631996631622,0.02733599100065044,0.4284775299331982,l40s
resnet152,gemm,453,layer3.4.conv1,1024,256,1,1,0,1.1488720059394837,0.02673771971855328,0.4669730829833965,l40s
resnet152,gemm,453,layer3.4.conv2,256,256,3,1,1,1.2692815959453583,0.019842091393266575,0.5159150340233035,l40s
resnet152,gemm,453,layer3.4.conv3,256,1024,1,1,0,1.058832013607025,0.025024207665236387,0.4303752264824832,l40s
resnet152,gemm,453,layer3.5.conv1,1024,256,1,1,0,1.1681664168834687,0.04085925092716507,0.4748155323739997,l40s
resnet152,gemm,453,layer3.5.conv2,256,256,3,1,1,1.281583994626999,0.11536601452179926,0.5209154944843092,l40s
resnet152,gemm,453,layer3.5.conv3,256,1024,1,1,0,1.0588479876518249,0.027472502229265842,0.43038171932843067,l40s
resnet152,gemm,453,layer3.6.conv1,1024,256,1,1,0,1.1527680039405823,0.03032599745762266,0.46855665903753,l40s
resnet152,gemm,453,layer3.6.conv2,256,256,3,1,1,1.292628812789917,0.10308476115269542,0.5254047959572885,l40s
resnet152,gemm,453,layer3.6.conv3,256,1024,1,1,0,1.0586463928222656,0.02607078343575211,0.4302997786434926,l40s
resnet152,gemm,453,layer3.7.conv1,1024,256,1,1,0,1.1659568190574645,0.030401078284727576,0.4739174143037289,l40s
resnet152,gemm,453,layer3.7.conv2,256,256,3,1,1,1.2834223866462708,0.11145436771851058,0.521662731412821,l40s
resnet152,gemm,453,layer3.7.conv3,256,1024,1,1,0,1.0484799861907959,0.020670619435155614,0.4261675182846217,l40s
resnet152,gemm,453,layer3.8.conv1,1024,256,1,1,0,1.1580335974693299,0.03755396323481095,0.47069692395054435,l40s
resnet152,gemm,453,layer3.8.conv2,256,256,3,1,1,1.2896320044994354,0.10627670860208689,0.5241867065624024,l40s
resnet152,gemm,453,layer3.8.conv3,256,1024,1,1,0,1.0507791936397552,0.02042726466236172,0.42710205928249456,l40s
resnet152,gemm,453,layer3.9.conv1,1024,256,1,1,0,1.1643871903419494,0.02944530775659169,0.4732794195082825,l40s
resnet152,gemm,453,layer3.9.conv2,256,256,3,1,1,1.2917695939540863,0.10368272473154506,0.5250555559491319,l40s
resnet152,gemm,453,layer3.9.conv3,256,1024,1,1,0,1.0526207983493805,0.0205254123078932,0.42785060204830705,l40s
resnet152,gemm,453,layer3.10.conv1,1024,256,1,1,0,1.159468799829483,0.02885576171940228,0.4712802795091801,l40s
resnet152,gemm,453,layer3.10.conv2,256,256,3,1,1,1.2846848011016845,0.1099880585619192,0.5221758552135575,l40s
resnet152,gemm,453,layer3.10.conv3,256,1024,1,1,0,1.047843199968338,0.03094727301985564,0.4259086887335793,l40s
resnet152,gemm,453,layer3.11.conv1,1024,256,1,1,0,1.1595632135868073,0.022103844789618566,0.4713186551359739,l40s
resnet152,gemm,453,layer3.11.conv2,256,256,3,1,1,1.2864239990711213,0.09657715649346332,0.5228827735068987,l40s
resnet152,gemm,453,layer3.11.conv3,256,1024,1,1,0,1.0531375885009766,0.026800680994323187,0.428060657728225,l40s
resnet152,gemm,453,layer3.12.conv1,1024,256,1,1,0,1.153521603345871,0.03220695604518672,0.46886296873591493,l40s
resnet152,gemm,453,layer3.12.conv2,256,256,3,1,1,1.290859192609787,0.1068235058297605,0.5246855121842026,l40s
resnet152,gemm,453,layer3.12.conv3,256,1024,1,1,0,1.052240002155304,0.026542244653182064,0.42769582277627594,l40s
resnet152,gemm,453,layer3.13.conv1,1024,256,1,1,0,1.1567343950271607,0.02301676931242293,0.4701688472224992,l40s
resnet152,gemm,453,layer3.13.conv2,256,256,3,1,1,1.297537589073181,0.11140371252184787,0.527400028135304,l40s
resnet152,gemm,453,layer3.13.conv3,256,1024,1,1,0,1.0521087944507599,0.021751469370627458,0.42764249179946967,l40s
resnet152,gemm,453,layer3.14.conv1,1024,256,1,1,0,1.1496591985225677,0.03144229328874161,0.4672930470399006,l40s
resnet152,gemm,453,layer3.14.conv2,256,256,3,1,1,1.2800160109996797,0.10286636340619507,0.5202781683550873,l40s
resnet152,gemm,453,layer3.14.conv3,256,1024,1,1,0,1.048499184846878,0.025580846206206223,0.42617532181327716,l40s
resnet152,gemm,453,layer3.15.conv1,1024,256,1,1,0,1.1589216113090515,0.02830996627855577,0.4710578680403324,l40s
resnet152,gemm,453,layer3.15.conv2,256,256,3,1,1,1.280715185403824,0.03623394451373793,0.5205623563458803,l40s
resnet152,gemm,453,layer3.15.conv3,256,1024,1,1,0,1.06039519906044,0.03389414041811694,0.4310106023352172,l40s
resnet152,gemm,453,layer3.16.conv1,1024,256,1,1,0,1.1585584163665772,0.026916866718342966,0.47091024301236195,l40s
resnet152,gemm,453,layer3.16.conv2,256,256,3,1,1,1.2852384209632874,0.10501660429749163,0.5224008807797101,l40s
resnet152,gemm,453,layer3.16.conv3,256,1024,1,1,0,1.049537605047226,0.02775382219514245,0.4265974004085269,l40s
resnet152,gemm,453,layer3.17.conv1,1024,256,1,1,0,1.1589424073696137,0.02716380425171573,0.47106632085358263,l40s
resnet152,gemm,453,layer3.17.conv2,256,256,3,1,1,1.2918383955955506,0.09895911775265408,0.5250835212180763,l40s
resnet152,gemm,453,layer3.17.conv3,256,1024,1,1,0,1.051166409254074,0.028578566398038286,0.4272594478064233,l40s
resnet152,gemm,453,layer3.18.conv1,1024,256,1,1,0,1.153553593158722,0.02778615808104452,0.46887597138673576,l40s
resnet152,gemm,453,layer3.18.conv2,256,256,3,1,1,1.2874863982200622,0.10755431977131225,0.5233145986391806,l40s
resnet152,gemm,453,layer3.18.conv3,256,1024,1,1,0,1.0682160079479217,0.031018089097921614,0.4341894657932268,l40s
resnet152,gemm,453,layer3.19.conv1,1024,256,1,1,0,1.1619967937469482,0.032282852348475506,0.47230781356632395,l40s
resnet152,gemm,453,layer3.19.conv2,256,256,3,1,1,1.2951568007469176,0.11397241446120342,0.5264323275917286,l40s
resnet152,gemm,453,layer3.19.conv3,256,1024,1,1,0,1.0588400065898895,0.0202471590849815,0.4303784753281607,l40s
resnet152,gemm,453,layer3.20.conv1,1024,256,1,1,0,1.1573375940322876,0.029920468799893088,0.470414024838126,l40s
resnet152,gemm,453,layer3.20.conv2,256,256,3,1,1,1.2779696047306062,0.10502357525234028,0.5194463814897399,l40s
resnet152,gemm,453,layer3.20.conv3,256,1024,1,1,0,1.0537424027919768,0.026670354851749276,0.4283064918965576,l40s
resnet152,gemm,453,layer3.21.conv1,1024,256,1,1,0,1.1574096083641052,0.022530668160953348,0.470443295944371,l40s
resnet152,gemm,453,layer3.21.conv2,256,256,3,1,1,1.2890927910804748,0.11337780901093317,0.5239675366711211,l40s
resnet152,gemm,453,layer3.21.conv3,256,1024,1,1,0,1.0629119992256164,0.03178312324220742,0.4320335865547904,l40s
resnet152,gemm,453,layer3.22.conv1,1024,256,1,1,0,1.14827361702919,0.026776856182781115,0.46672986048966497,l40s
resnet152,gemm,453,layer3.22.conv2,256,256,3,1,1,1.2840752065181733,0.09800555035270742,0.5219280780368479,l40s
resnet152,gemm,453,layer3.22.conv3,256,1024,1,1,0,1.0580432057380675,0.031683472298971525,0.4300546058732732,l40s
resnet152,gemm,453,layer3.23.conv1,1024,256,1,1,0,1.1673472046852111,0.03332227782938445,0.4744825535531561,l40s
resnet152,gemm,453,layer3.23.conv2,256,256,3,1,1,1.2632943928241729,0.026857446088189744,0.5134814620627252,l40s
resnet152,gemm,453,layer3.23.conv3,256,1024,1,1,0,1.0610351979732513,0.027232142879396657,0.43127073772356017,l40s
resnet152,gemm,453,layer3.24.conv1,1024,256,1,1,0,1.1571647942066192,0.024945185530186237,0.47034378823481926,l40s
resnet152,gemm,453,layer3.24.conv2,256,256,3,1,1,1.2785376012325287,0.10610695881190255,0.5196772506172451,l40s
resnet152,gemm,453,layer3.24.conv3,256,1024,1,1,0,1.045692789554596,0.029326880342138623,0.42503462811116594,l40s
resnet152,gemm,453,layer3.25.conv1,1024,256,1,1,0,1.1698144018650054,0.030284355532562784,0.4754853760324404,l40s
resnet152,gemm,453,layer3.25.conv2,256,256,3,1,1,1.289108794927597,0.11160786739570172,0.5239740416305869,l40s
resnet152,gemm,453,layer3.25.conv3,256,1024,1,1,0,1.051800000667572,0.026680636380945925,0.4275169787882762,l40s
resnet152,gemm,453,layer3.26.conv1,1024,256,1,1,0,1.1591440081596374,0.0314779603441784,0.4711482639612243,l40s
resnet152,gemm,453,layer3.26.conv2,256,256,3,1,1,1.266915202140808,0.0323011698445298,0.514953184309192,l40s
resnet152,gemm,453,layer3.26.conv3,256,1024,1,1,0,1.056110405921936,0.03112478423385209,0.4292689957406713,l40s
resnet152,gemm,453,layer3.27.conv1,1024,256,1,1,0,1.1587999939918519,0.023912214818612255,0.4710084351937983,l40s
resnet152,gemm,453,layer3.27.conv2,256,256,3,1,1,1.258622407913208,0.019592726143696226,0.5115824766350655,l40s
resnet152,gemm,453,layer3.27.conv3,256,1024,1,1,0,1.05971999168396,0.028800363062578212,0.430736156036049,l40s
resnet152,gemm,453,layer3.28.conv1,1024,256,1,1,0,1.1622112154960633,0.030429533023138052,0.4723949679096497,l40s
resnet152,gemm,453,layer3.28.conv2,256,256,3,1,1,1.2602383852005006,0.022845705855587074,0.5122393103745743,l40s
resnet152,gemm,453,layer3.28.conv3,256,1024,1,1,0,1.04823197722435,0.024140299265686272,0.4260667120058804,l40s
resnet152,gemm,453,layer3.29.conv1,1024,256,1,1,0,1.1637391984462737,0.02790447905106558,0.4730160352742621,l40s
resnet152,gemm,453,layer3.29.conv2,256,256,3,1,1,1.2659791946411132,0.03099096962704196,0.5145727326091172,l40s
resnet152,gemm,453,layer3.29.conv3,256,1024,1,1,0,1.0554239928722382,0.027249595898025794,0.4289899947585251,l40s
resnet152,gemm,453,layer3.30.conv1,1024,256,1,1,0,1.1561648011207581,0.024116026635872027,0.469937328810399,l40s
resnet152,gemm,453,layer3.30.conv2,256,256,3,1,1,1.2646816074848175,0.027810687414207547,0.5140453124337778,l40s
resnet152,gemm,453,layer3.30.conv3,256,1024,1,1,0,1.0528463900089264,0.024071358382677252,0.42794229653838856,l40s
resnet152,gemm,453,layer3.31.conv1,1024,256,1,1,0,1.166185599565506,0.02511130299537244,0.4740104049402961,l40s
resnet152,gemm,453,layer3.31.conv2,256,256,3,1,1,1.26320960521698,0.028261738874167667,0.5134469991024259,l40s
resnet152,gemm,453,layer3.31.conv3,256,1024,1,1,0,1.0520575940608978,0.04101295646375429,0.4276216807745859,l40s
resnet152,gemm,453,layer3.32.conv1,1024,256,1,1,0,1.1575984120368958,0.034807401587847446,0.4705200375071437,l40s
resnet152,gemm,453,layer3.32.conv2,256,256,3,1,1,1.2782864093780517,0.03755808735192613,0.5195751506147218,l40s
resnet152,gemm,453,layer3.32.conv3,256,1024,1,1,0,1.0454800009727478,0.02057737963535992,0.4249481375886573,l40s
resnet152,gemm,453,layer3.33.conv1,1024,256,1,1,0,1.1739840030670166,0.03444036359736261,0.4771801614550534,l40s
resnet152,gemm,453,layer3.33.conv2,256,256,3,1,1,1.2715200006961822,0.034480531077503894,0.5168248610206131,l40s
resnet152,gemm,453,layer3.33.conv3,256,1024,1,1,0,1.0430896043777467,0.02369931586761988,0.4239765316466987,l40s
resnet152,gemm,453,layer3.34.conv1,1024,256,1,1,0,1.1540304124355316,0.032213352112416264,0.4690697804155628,l40s
resnet152,gemm,453,layer3.34.conv2,256,256,3,1,1,1.256385612487793,0.027245313861305284,0.5106733037677581,l40s
resnet152,gemm,453,layer3.34.conv3,256,1024,1,1,0,1.070083212852478,0.03510898484449933,0.4349484140714811,l40s
resnet152,gemm,453,layer3.35.conv1,1024,256,1,1,0,1.1616735994815826,0.02081998898394641,0.47217644730296293,l40s
resnet152,gemm,453,layer3.35.conv2,256,256,3,1,1,1.2685312032699585,0.02135704356888893,0.5156100277395156,l40s
resnet152,gemm,453,layer3.35.conv3,256,1024,1,1,0,1.0472688019275664,0.023063667212742472,0.4256752176222875,l40s
resnet152,gemm,453,layer4.0.conv1,1024,512,1,1,0,1.5236559987068177,0.04259924603064857,0.6193086222345876,l40s
resnet152,gemm,453,layer4.0.conv2,512,512,3,2,1,2.2195472002029417,0.03632732545411177,0.9021621151421189,l40s
resnet152,gemm,453,layer4.0.conv3,512,2048,1,1,0,1.2693839967250824,0.022361741972242256,0.5159566560730711,l40s
resnet152,gemm,453,layer4.0.downsample.0,1024,2048,1,2,0,2.0437711834907533,0.037144854604884765,0.8307158025726791,l40s
resnet152,gemm,453,layer4.1.conv1,2048,512,1,1,0,1.4436800062656403,0.03155765672031122,0.5868014016200742,l40s
resnet152,gemm,453,layer4.1.conv2,512,512,3,1,1,1.9002623915672303,0.030358866828240193,0.772384898300232,l40s
resnet152,gemm,453,layer4.1.conv3,512,2048,1,1,0,1.272577601671219,0.02110584957252003,0.5172547358764071,l40s
resnet152,gemm,453,layer4.2.conv1,2048,512,1,1,0,1.448652797937393,0.03053354196205937,0.5888226536359534,l40s
resnet152,gemm,453,layer4.2.conv2,512,512,3,1,1,1.8773232042789458,0.025383970594854536,0.763060984971537,l40s
resnet152,gemm,453,layer4.2.conv3,512,2048,1,1,0,1.2535311877727509,0.015943141009167584,0.5095130879191377,l40s
resnet152,gemm,456,conv1,3,64,7,2,3,2.6558272004127503,0.20987570320831744,1.0829081576824053,l40s
resnet152,gemm,456,layer1.0.conv1,64,64,1,1,0,1.3814111948013306,0.05881004272919863,0.5632676145991992,l40s
resnet152,gemm,456,layer1.0.conv2,64,64,3,1,1,1.6649695992469788,0.03311457761564014,0.6788879792471239,l40s
resnet152,gemm,456,layer1.0.conv3,64,256,1,1,0,2.714612805843353,0.06181399862404441,1.10687786913999,l40s
resnet152,gemm,456,layer1.0.downsample.0,64,256,1,1,0,2.4456655859947203,0.15537510712000527,0.9972151853950444,l40s
resnet152,gemm,456,layer1.1.conv1,256,64,1,1,0,2.467745578289032,0.03395417518762331,1.0062182574975362,l40s
resnet152,gemm,456,layer1.1.conv2,64,64,3,1,1,1.6716943979263306,0.025377157596604208,0.6816300022776547,l40s
resnet152,gemm,456,layer1.1.conv3,64,256,1,1,0,2.775059175491333,0.11572378109855685,1.1315247538408888,l40s
resnet152,gemm,456,layer1.2.conv1,256,64,1,1,0,2.4022416353225706,0.03351640275042141,0.9795091575275833,l40s
resnet152,gemm,456,layer1.2.conv2,64,64,3,1,1,1.6546816051006317,0.032406178655283134,0.6746930704874212,l40s
resnet152,gemm,456,layer1.2.conv3,64,256,1,1,0,2.550379192829132,0.08967364766205028,1.039911946330285,l40s
resnet152,gemm,456,layer2.0.conv1,256,128,1,1,0,2.7508864045143127,0.03102495868012818,1.121668355472525,l40s
resnet152,gemm,456,layer2.0.conv2,128,128,3,2,1,1.7280592143535614,0.04319304633464149,0.7046126419259847,l40s
resnet152,gemm,456,layer2.0.conv3,128,512,1,1,0,1.5202031970024108,0.03360643280370094,0.6198597721692646,l40s
resnet152,gemm,456,layer2.0.downsample.0,256,512,1,2,0,2.717801594734192,0.04898051969639318,1.1081780913466455,l40s
resnet152,gemm,456,layer2.1.conv1,512,128,1,1,0,1.4399872124195099,0.027609512246641665,0.5871518670510968,l40s
resnet152,gemm,456,layer2.1.conv2,128,128,3,1,1,1.291023987531662,0.027734158645607004,0.5264124140472798,l40s
resnet152,gemm,456,layer2.1.conv3,128,512,1,1,0,1.4886383891105652,0.02290374199880057,0.6069892857323287,l40s
resnet152,gemm,456,layer2.2.conv1,512,128,1,1,0,1.4606240034103393,0.028308168114606715,0.5955664767474215,l40s
resnet152,gemm,456,layer2.2.conv2,128,128,3,1,1,1.2982128024101258,0.03655518005057903,0.5293436387424509,l40s
resnet152,gemm,456,layer2.2.conv3,128,512,1,1,0,1.481366401910782,0.023886552889093464,0.6040241476917275,l40s
resnet152,gemm,456,layer2.3.conv1,512,128,1,1,0,1.4589679956436157,0.0336001994622932,0.5948912429372203,l40s
resnet152,gemm,456,layer2.3.conv2,128,128,3,1,1,1.2758208096027375,0.04283897412841662,0.5202133490631683,l40s
resnet152,gemm,456,layer2.3.conv3,128,512,1,1,0,1.4647872030735016,0.01863638726316729,0.5972640129713891,l40s
resnet152,gemm,456,layer2.4.conv1,512,128,1,1,0,1.4659616112709046,0.036406917009827525,0.5977428755333883,l40s
resnet152,gemm,456,layer2.4.conv2,128,128,3,1,1,1.289977592229843,0.03769221939338936,0.5259857484839765,l40s
resnet152,gemm,456,layer2.4.conv3,128,512,1,1,0,1.477804809808731,0.022642624550760077,0.6025719157313617,l40s
resnet152,gemm,456,layer2.5.conv1,512,128,1,1,0,1.4576560020446778,0.022803108168017304,0.594356280206627,l40s
resnet152,gemm,456,layer2.5.conv2,128,128,3,1,1,1.2815088033676147,0.046350644954231225,0.5225326169913961,l40s
resnet152,gemm,456,layer2.5.conv3,128,512,1,1,0,1.47013920545578,0.026850748955061315,0.5994462810944071,l40s
resnet152,gemm,456,layer2.6.conv1,512,128,1,1,0,1.4677184045314788,0.02702582724073666,0.5984592044244177,l40s
resnet152,gemm,456,layer2.6.conv2,128,128,3,1,1,1.27774720788002,0.039777463214135854,0.5209988340559759,l40s
resnet152,gemm,456,layer2.6.conv3,128,512,1,1,0,1.4822687923908233,0.025789275717619787,0.6043920955808446,l40s
resnet152,gemm,456,layer2.7.conv1,512,128,1,1,0,1.4511136174201966,0.02715296362281082,0.5916886361372216,l40s
resnet152,gemm,456,layer2.7.conv2,128,128,3,1,1,1.2838031947612762,0.03999091553214907,0.5234681504314957,l40s
resnet152,gemm,456,layer2.7.conv3,128,512,1,1,0,1.478515201807022,0.022662392661140646,0.6028615766287205,l40s
resnet152,gemm,456,layer3.0.conv1,512,256,1,1,0,1.8477279901504517,0.04351927909746916,0.7534073426919756,l40s
resnet152,gemm,456,layer3.0.conv2,256,256,3,2,1,1.612276804447174,0.03703657834396314,0.6574025989742939,l40s
resnet152,gemm,456,layer3.0.conv3,256,1024,1,1,0,1.1871599972248077,0.058976433349573615,0.48406208252900224,l40s
resnet152,gemm,456,layer3.0.downsample.0,512,1024,1,2,0,1.9874335944652557,0.0923456199258547,0.8103720196720664,l40s
resnet152,gemm,456,layer3.1.conv1,1024,256,1,1,0,1.1739695966243744,0.06418574618938654,0.4786837234207409,l40s
resnet152,gemm,456,layer3.1.conv2,256,256,3,1,1,1.2611823976039886,0.018822240109506956,0.5142445662423216,l40s
resnet152,gemm,456,layer3.1.conv3,256,1024,1,1,0,1.0720464169979096,0.049599614226684664,0.4371247535234244,l40s
resnet152,gemm,456,layer3.2.conv1,1024,256,1,1,0,1.1683055818080903,0.06294129566550863,0.4763742328601974,l40s
resnet152,gemm,456,layer3.2.conv2,256,256,3,1,1,1.271588808298111,0.02738329687074687,0.5184877591093526,l40s
resnet152,gemm,456,layer3.2.conv3,256,1024,1,1,0,1.0610752165317536,0.04714518505920746,0.4326512687716594,l40s
resnet152,gemm,456,layer3.3.conv1,1024,256,1,1,0,1.1717504024505616,0.06206591664368754,0.477778851494612,l40s
resnet152,gemm,456,layer3.3.conv2,256,256,3,1,1,1.2635327994823455,0.026081046568369678,0.515202937844024,l40s
resnet152,gemm,456,layer3.3.conv3,256,1024,1,1,0,1.194758403301239,0.06708423872932312,0.48716031720491504,l40s
resnet152,gemm,456,layer3.4.conv1,1024,256,1,1,0,1.1743711948394775,0.053989147998461384,0.4788474742789211,l40s
resnet152,gemm,456,layer3.4.conv2,256,256,3,1,1,1.2603583931922913,0.030443451809058282,0.5139085801136853,l40s
resnet152,gemm,456,layer3.4.conv3,256,1024,1,1,0,1.0795983910560607,0.05076025877342099,0.4402040556379998,l40s
resnet152,gemm,456,layer3.5.conv1,1024,256,1,1,0,1.1809408009052276,0.06217732727969262,0.48152621783582683,l40s
resnet152,gemm,456,layer3.5.conv2,256,256,3,1,1,1.2556080043315887,0.023907995221171922,0.5119716186846365,l40s
resnet152,gemm,456,layer3.5.conv3,256,1024,1,1,0,1.067254400253296,0.05545211016522899,0.4351708184090894,l40s
resnet152,gemm,456,layer3.6.conv1,1024,256,1,1,0,1.1866128027439118,0.06747949754754509,0.4838389650885645,l40s
resnet152,gemm,456,layer3.6.conv2,256,256,3,1,1,1.259416002035141,0.03747558820085411,0.5135243220295573,l40s
resnet152,gemm,456,layer3.6.conv3,256,1024,1,1,0,1.1808847963809967,0.074435613220728,0.48150338210459126,l40s
resnet152,gemm,456,layer3.7.conv1,1024,256,1,1,0,1.1828303933143616,0.06536881905510988,0.4822966953105014,l40s
resnet152,gemm,456,layer3.7.conv2,256,256,3,1,1,1.2678048014640808,0.027641365391607376,0.5169448379928506,l40s
resnet152,gemm,456,layer3.7.conv3,256,1024,1,1,0,1.0551855981349945,0.044549330836202536,0.43024978880846915,l40s
resnet152,gemm,456,layer3.8.conv1,1024,256,1,1,0,1.1636448085308075,0.06406020820943073,0.4744738120036397,l40s
resnet152,gemm,456,layer3.8.conv2,256,256,3,1,1,1.2579983949661255,0.01971333650698293,0.5129462956206153,l40s
resnet152,gemm,456,layer3.8.conv3,256,1024,1,1,0,1.059887981414795,0.04257453903743766,0.4321671760592112,l40s
resnet152,gemm,456,layer3.9.conv1,1024,256,1,1,0,1.1792736113071443,0.08117218787522311,0.4808464246565541,l40s
resnet152,gemm,456,layer3.9.conv2,256,256,3,1,1,1.2661407947540284,0.023094036833439024,0.5162663426297208,l40s
resnet152,gemm,456,layer3.9.conv3,256,1024,1,1,0,1.1918319940567017,0.07469137956578341,0.4859670797672029,l40s
resnet152,gemm,456,layer3.10.conv1,1024,256,1,1,0,1.162771189212799,0.05444233050384037,0.4741175954975231,l40s
resnet152,gemm,456,layer3.10.conv2,256,256,3,1,1,1.263017612695694,0.021283696379123012,0.5149928714760358,l40s
resnet152,gemm,456,layer3.10.conv3,256,1024,1,1,0,1.0544048011302949,0.048942994343024175,0.42993142041245613,l40s
resnet152,gemm,456,layer3.11.conv1,1024,256,1,1,0,1.1708624005317687,0.056447077296370086,0.47741677051217873,l40s
resnet152,gemm,456,layer3.11.conv2,256,256,3,1,1,1.2587487995624542,0.02922878985556583,0.5132522715737197,l40s
resnet152,gemm,456,layer3.11.conv3,256,1024,1,1,0,1.0624640107154846,0.05058684877152359,0.43321754678502955,l40s
resnet152,gemm,456,layer3.12.conv1,1024,256,1,1,0,1.1785648047924042,0.06231239194911114,0.48055741023689935,l40s
resnet152,gemm,456,layer3.12.conv2,256,256,3,1,1,1.2628159999847413,0.02860927882483675,0.514910664301808,l40s
resnet152,gemm,456,layer3.12.conv3,256,1024,1,1,0,1.1839792072772979,0.07376272101608349,0.48276512187527554,l40s
resnet152,gemm,456,layer3.13.conv1,1024,256,1,1,0,1.170929604768753,0.05692231222052518,0.4774441729035879,l40s
resnet152,gemm,456,layer3.13.conv2,256,256,3,1,1,1.2592688024044036,0.024849974764733385,0.5134643016784936,l40s
resnet152,gemm,456,layer3.13.conv3,256,1024,1,1,0,1.0477663993835449,0.04813348388808376,0.42722462555606955,l40s
resnet152,gemm,456,layer3.14.conv1,1024,256,1,1,0,1.1680416107177733,0.059881997967798306,0.47626659918318254,l40s
resnet152,gemm,456,layer3.14.conv2,256,256,3,1,1,1.2779616057872771,0.03986576166199779,0.5210862543680815,l40s
resnet152,gemm,456,layer3.14.conv3,256,1024,1,1,0,1.0607760012149812,0.046897652577033294,0.4325292643327463,l40s
resnet152,gemm,456,layer3.15.conv1,1024,256,1,1,0,1.1787343978881837,0.04762571275060574,0.4806265614779431,l40s
resnet152,gemm,456,layer3.15.conv2,256,256,3,1,1,1.273232001066208,0.030080301678188374,0.5191577676298393,l40s
resnet152,gemm,456,layer3.15.conv3,256,1024,1,1,0,1.190126395225525,0.07208203712727909,0.4852716253009907,l40s
resnet152,gemm,456,layer3.16.conv1,1024,256,1,1,0,1.1778159976005553,0.05808541725857647,0.4802520856222338,l40s
resnet152,gemm,456,layer3.16.conv2,256,256,3,1,1,1.2678655982017517,0.03380780848624193,0.5169696277394027,l40s
resnet152,gemm,456,layer3.16.conv3,256,1024,1,1,0,1.0623488068580627,0.045336770257557814,0.4331705726456807,l40s
resnet152,gemm,456,layer3.17.conv1,1024,256,1,1,0,1.2508928060531617,0.40491091637325305,0.5100490061441801,l40s
resnet152,gemm,456,layer3.17.conv2,256,256,3,1,1,1.2600768148899077,0.02759974841013119,0.5137937671316397,l40s
resnet152,gemm,456,layer3.17.conv3,256,1024,1,1,0,1.0708591878414153,0.05149667905648531,0.4366406632413435,l40s
resnet152,gemm,456,layer3.18.conv1,1024,256,1,1,0,1.1638736188411714,0.05978773628841283,0.4745671089438986,l40s
resnet152,gemm,456,layer3.18.conv2,256,256,3,1,1,1.25589280128479,0.02874062519570279,0.5120877440650291,l40s
resnet152,gemm,456,layer3.18.conv3,256,1024,1,1,0,1.17840319275856,0.06905568921128731,0.48049151325768247,l40s
resnet152,gemm,456,layer3.19.conv1,1024,256,1,1,0,1.1707632005214692,0.05812046853325764,0.4773763219090547,l40s
resnet152,gemm,456,layer3.19.conv2,256,256,3,1,1,1.2630991995334626,0.023185652735467372,0.5150261383437618,l40s
resnet152,gemm,456,layer3.19.conv3,256,1024,1,1,0,1.0703183948993682,0.05502382935769956,0.43642015601539563,l40s
resnet152,gemm,456,layer3.20.conv1,1024,256,1,1,0,1.173417592048645,0.05572268613680902,0.47845864467388477,l40s
resnet152,gemm,456,layer3.20.conv2,256,256,3,1,1,1.2584096014499664,0.025337073427696345,0.5131139642308976,l40s
resnet152,gemm,456,layer3.20.conv3,256,1024,1,1,0,1.0737616002559662,0.055508286460840765,0.43782411602026955,l40s
resnet152,gemm,456,layer3.21.conv1,1024,256,1,1,0,1.1733456015586854,0.054158560505618646,0.4784292906975264,l40s
resnet152,gemm,456,layer3.21.conv2,256,256,3,1,1,1.2558367848396301,0.027805999056012987,0.5120649034730588,l40s
resnet152,gemm,456,layer3.21.conv3,256,1024,1,1,0,1.201195192337036,0.07664045468640093,0.48978490488707377,l40s
resnet152,gemm,456,layer3.22.conv1,1024,256,1,1,0,1.1807759940624236,0.04596043593435923,0.48145901817973225,l40s
resnet152,gemm,456,layer3.22.conv2,256,256,3,1,1,1.2713840067386628,0.023624502176081207,0.5184042516886146,l40s
resnet152,gemm,456,layer3.22.conv3,256,1024,1,1,0,1.0645551979541779,0.055675268501602114,0.4340702241428299,l40s
resnet152,gemm,456,layer3.23.conv1,1024,256,1,1,0,1.1754159927368164,0.052894602152876,0.47927348850378554,l40s
resnet152,gemm,456,layer3.23.conv2,256,256,3,1,1,1.264468777179718,0.03409072454761309,0.5155845808529277,l40s
resnet152,gemm,456,layer3.23.conv3,256,1024,1,1,0,1.0655248045921326,0.05940898077928838,0.43446557928409096,l40s
resnet152,gemm,456,layer3.24.conv1,1024,256,1,1,0,1.1745696008205413,0.051126056964130404,0.4789283739155366,l40s
resnet152,gemm,456,layer3.24.conv2,256,256,3,1,1,1.2676095962524414,0.023740115910157355,0.5168652434634801,l40s
resnet152,gemm,456,layer3.24.conv3,256,1024,1,1,0,1.1927231967449188,0.07616956195684746,0.48633046585688106,l40s
resnet152,gemm,456,layer3.25.conv1,1024,256,1,1,0,1.1756831884384156,0.049353543752130934,0.4793824370095146,l40s
resnet152,gemm,456,layer3.25.conv2,256,256,3,1,1,1.2630303978919983,0.03297590341883616,0.5149980846139137,l40s
resnet152,gemm,456,layer3.25.conv3,256,1024,1,1,0,1.0509183943271636,0.06135308817183145,0.42850984510532636,l40s
resnet152,gemm,456,layer3.26.conv1,1024,256,1,1,0,1.1620944142341614,0.05089610168383903,0.4738416418717872,l40s
resnet152,gemm,456,layer3.26.conv2,256,256,3,1,1,1.2631712019443513,0.03125235077456635,0.5150554971808549,l40s
resnet152,gemm,456,layer3.26.conv3,256,1024,1,1,0,1.0715728044509887,0.06037093736422802,0.4369316389674165,l40s
resnet152,gemm,456,layer3.27.conv1,1024,256,1,1,0,1.1691215932369232,0.04769995698606064,0.47670695986627215,l40s
resnet152,gemm,456,layer3.27.conv2,256,256,3,1,1,1.2758544087409973,0.02462586199097554,0.5202270490436892,l40s
resnet152,gemm,456,layer3.27.conv3,256,1024,1,1,0,1.1767567992210388,0.07788644268377085,0.47982019962995076,l40s
resnet152,gemm,456,layer3.28.conv1,1024,256,1,1,0,1.1714336037635804,0.05069237585990891,0.47764967747213727,l40s
resnet152,gemm,456,layer3.28.conv2,256,256,3,1,1,1.2647648096084594,0.022819526421857177,0.5157052874756977,l40s
resnet152,gemm,456,layer3.28.conv3,256,1024,1,1,0,1.0484272062778472,0.05564331443004862,0.4274940682277847,l40s
resnet152,gemm,456,layer3.29.conv1,1024,256,1,1,0,1.1733488023281098,0.05198393140159935,0.4784305958047713,l40s
resnet152,gemm,456,layer3.29.conv2,256,256,3,1,1,1.2696543991565705,0.030486529499448696,0.5176990077028816,l40s
resnet152,gemm,456,layer3.29.conv3,256,1024,1,1,0,1.0709456086158753,0.04840712789302278,0.4366759011369571,l40s
resnet152,gemm,456,layer3.30.conv1,1024,256,1,1,0,1.1764815986156463,0.06461026690349844,0.4797079871409257,l40s
resnet152,gemm,456,layer3.30.conv2,256,256,3,1,1,1.260832005739212,0.03487886349453206,0.5141016946696931,l40s
resnet152,gemm,456,layer3.30.conv3,256,1024,1,1,0,1.1888127982616425,0.07691465351316656,0.4847360088015912,l40s
resnet152,gemm,456,layer3.31.conv1,1024,256,1,1,0,1.1675439953804017,0.057566336478417676,0.47606369753802125,l40s
resnet152,gemm,456,layer3.31.conv2,256,256,3,1,1,1.277512001991272,0.03812850732835504,0.5209029293315945,l40s
resnet152,gemm,456,layer3.31.conv3,256,1024,1,1,0,1.0580687880516053,0.04717516383238004,0.4314254036528236,l40s
resnet152,gemm,456,layer3.32.conv1,1024,256,1,1,0,1.164873605966568,0.04645213910724204,0.4749748516673338,l40s
resnet152,gemm,456,layer3.32.conv2,256,256,3,1,1,1.264032006263733,0.02741826372796107,0.515406488397257,l40s
resnet152,gemm,456,layer3.32.conv3,256,1024,1,1,0,1.0603792011737823,0.05531909054766544,0.4323674699202498,l40s
resnet152,gemm,456,layer3.33.conv1,1024,256,1,1,0,1.175411194562912,0.054351074934914125,0.4792715320581018,l40s
resnet152,gemm,456,layer3.33.conv2,256,256,3,1,1,1.262072002887726,0.025187976706499773,0.514607300993561,l40s
resnet152,gemm,456,layer3.33.conv3,256,1024,1,1,0,1.1923711895942688,0.08111607984517176,0.48618693565471194,l40s
resnet152,gemm,456,layer3.34.conv1,1024,256,1,1,0,1.1626207947731018,0.05081467821306691,0.47405627246958176,l40s
resnet152,gemm,456,layer3.34.conv2,256,256,3,1,1,1.26320960521698,0.027055040459852613,0.5150711560374268,l40s
resnet152,gemm,456,layer3.34.conv3,256,1024,1,1,0,1.0509311974048614,0.051945039451045213,0.4285150655343062,l40s
resnet152,gemm,456,layer3.35.conv1,1024,256,1,1,0,1.1652639925479888,0.0530150776355137,0.4751340310046056,l40s
resnet152,gemm,456,layer3.35.conv2,256,256,3,1,1,1.2711855888366699,0.02545533533080653,0.5183233471912643,l40s
resnet152,gemm,456,layer3.35.conv3,256,1024,1,1,0,1.0603983998298645,0.042469547624564764,0.43237529813335224,l40s
resnet152,gemm,456,layer4.0.conv1,1024,512,1,1,0,1.5085071921348572,0.05339013993944473,0.6150907498919875,l40s
resnet152,gemm,456,layer4.0.conv2,512,512,3,2,1,2.2425455689430236,0.04511182688314132,0.9143934101606892,l40s
resnet152,gemm,456,layer4.0.conv3,512,2048,1,1,0,1.2751520097255706,0.03161401324771908,0.5199406472688918,l40s
resnet152,gemm,456,layer4.0.downsample.0,1024,2048,1,2,0,2.047374403476715,0.03786015409623577,0.834812763048181,l40s
resnet152,gemm,456,layer4.1.conv1,2048,512,1,1,0,1.4430672109127045,0.028542782426328055,0.5884077301936279,l40s
resnet152,gemm,456,layer4.1.conv2,512,512,3,1,1,1.8986623942852021,0.026308958409176842,0.7741757427353374,l40s
resnet152,gemm,456,layer4.1.conv3,512,2048,1,1,0,1.2643312096595765,0.02545503911690227,0.5155284879754354,l40s
resnet152,gemm,456,layer4.2.conv1,2048,512,1,1,0,1.4491407990455627,0.0326599359424501,0.5908842234438111,l40s
resnet152,gemm,456,layer4.2.conv2,512,512,3,1,1,1.8834704041481019,0.030333676782227113,0.7679812395506649,l40s
resnet152,gemm,456,layer4.2.conv3,512,2048,1,1,0,1.2789551854133605,0.03592460955019095,0.5214913844466595,l40s
resnet152,gemm,459,conv1,3,64,7,2,3,2.335081601142883,0.2704986718789065,0.9584875397515584,l40s
resnet152,gemm,459,layer1.0.conv1,64,64,1,1,0,1.4105632066726685,0.13389375034214485,0.5789978632721136,l40s
resnet152,gemm,459,layer1.0.conv2,64,64,3,1,1,1.5585343956947326,0.03382387483534823,0.6397360151424611,l40s
resnet152,gemm,459,layer1.0.conv3,64,256,1,1,0,2.7729520201683044,0.028800801488165877,1.138221447318748,l40s
resnet152,gemm,459,layer1.0.downsample.0,64,256,1,1,0,2.9313008189201355,0.05319562817741181,1.2032193259641761,l40s
resnet152,gemm,459,layer1.1.conv1,256,64,1,1,0,2.464897620677948,0.04760066390241052,1.0117734879272473,l40s
resnet152,gemm,459,layer1.1.conv2,64,64,3,1,1,1.554585611820221,0.02647732397859732,0.6381151466730086,l40s
resnet152,gemm,459,layer1.1.conv3,64,256,1,1,0,2.6815823793411253,0.0521613445634317,1.100716692794725,l40s
resnet152,gemm,459,layer1.2.conv1,256,64,1,1,0,2.396385598182678,0.028358440999449785,0.9836511645562979,l40s
resnet152,gemm,459,layer1.2.conv2,64,64,3,1,1,1.5544320106506349,0.061237791136418196,0.6380520975671155,l40s
resnet152,gemm,459,layer1.2.conv3,64,256,1,1,0,2.4734640240669252,0.056275217619783234,1.0152897637202654,l40s
resnet152,gemm,459,layer2.0.conv1,256,128,1,1,0,2.8023167848587036,0.09368899118923894,1.1502748852156113,l40s
resnet152,gemm,459,layer2.0.conv2,128,128,3,2,1,1.7190271973609925,0.03842348303805731,0.7056139487194452,l40s
resnet152,gemm,459,layer2.0.conv3,128,512,1,1,0,1.7242880046367646,0.029181357446220364,0.707773367139938,l40s
resnet152,gemm,459,layer2.0.downsample.0,256,512,1,2,0,2.7771759986877442,0.06051215999841663,1.1399552757113316,l40s
resnet152,gemm,459,layer2.1.conv1,512,128,1,1,0,1.473747193813324,0.050293972958736555,0.6049331729231767,l40s
resnet152,gemm,459,layer2.1.conv2,128,128,3,1,1,1.320382398366928,0.021661417052602164,0.5419810921907644,l40s
resnet152,gemm,459,layer2.1.conv3,128,512,1,1,0,1.5343728065490723,0.025324033616610023,0.6298183394066851,l40s
resnet152,gemm,459,layer2.2.conv1,512,128,1,1,0,1.4701632142066956,0.019114384043515203,0.6034620466918725,l40s
resnet152,gemm,459,layer2.2.conv2,128,128,3,1,1,1.299697607755661,0.03465444012267036,0.5334905477688625,l40s
resnet152,gemm,459,layer2.2.conv3,128,512,1,1,0,1.5091279983520507,0.02580120172363841,0.61945603168758,l40s
resnet152,gemm,459,layer2.3.conv1,512,128,1,1,0,1.4606528222560882,0.027178593463609527,0.5995582892478718,l40s
resnet152,gemm,459,layer2.3.conv2,128,128,3,1,1,1.310369610786438,0.03553244406222497,0.5378711149936586,l40s
resnet152,gemm,459,layer2.3.conv3,128,512,1,1,0,1.5063696026802063,0.018583645729941305,0.618323785225669,l40s
resnet152,gemm,459,layer2.4.conv1,512,128,1,1,0,1.4673887968063355,0.022414416710304103,0.6023232237458077,l40s
resnet152,gemm,459,layer2.4.conv2,128,128,3,1,1,1.3009327948093414,0.02656672774371452,0.5339975584873041,l40s
resnet152,gemm,459,layer2.4.conv3,128,512,1,1,0,1.5188575983047485,0.02523135856322239,0.6234497680593042,l40s
resnet152,gemm,459,layer2.5.conv1,512,128,1,1,0,1.4674783945083618,0.02301729386575187,0.6023600011676077,l40s
resnet152,gemm,459,layer2.5.conv2,128,128,3,1,1,1.3052831947803498,0.03817429354908362,0.5357832794501631,l40s
resnet152,gemm,459,layer2.5.conv3,128,512,1,1,0,1.5216608047485352,0.03398495419084181,0.6246004081253326,l40s
resnet152,gemm,459,layer2.6.conv1,512,128,1,1,0,1.4746655881404878,0.027821461885839838,0.6053101488364527,l40s
resnet152,gemm,459,layer2.6.conv2,128,128,3,1,1,1.2900991976261138,0.02524692774374839,0.5295506612543642,l40s
resnet152,gemm,459,layer2.6.conv3,128,512,1,1,0,1.5148815870285035,0.017983115192768222,0.6218177234813642,l40s
resnet152,gemm,459,layer2.7.conv1,512,128,1,1,0,1.4686624169349671,0.02304946721288707,0.6028460101970705,l40s
resnet152,gemm,459,layer2.7.conv2,128,128,3,1,1,1.2990815877914428,0.0311529516097106,0.5332376883143354,l40s
resnet152,gemm,459,layer2.7.conv3,128,512,1,1,0,1.5077328085899353,0.0199787149493311,0.6188833442055143,l40s
resnet152,gemm,459,layer3.0.conv1,512,256,1,1,0,1.853193610906601,0.03046738287697281,0.7606856154113842,l40s
resnet152,gemm,459,layer3.0.conv2,256,256,3,2,1,1.6307391941547393,0.034633377427138894,0.6693741226930993,l40s
resnet152,gemm,459,layer3.0.conv3,256,1024,1,1,0,1.104876810312271,0.0256438975770721,0.4535219048132773,l40s
resnet152,gemm,459,layer3.0.downsample.0,512,1024,1,2,0,1.9673119843006135,0.030533822032653608,0.807528106440966,l40s
resnet152,gemm,459,layer3.1.conv1,1024,256,1,1,0,1.1610064029693603,0.027384282364894073,0.47656157723706716,l40s
resnet152,gemm,459,layer3.1.conv2,256,256,3,1,1,1.2882928013801576,0.02782258369385347,0.528809184685513,l40s
resnet152,gemm,459,layer3.1.conv3,256,1024,1,1,0,1.0619455933570863,0.028866333020118515,0.43589980693979175,l40s
resnet152,gemm,459,layer3.2.conv1,1024,256,1,1,0,1.1701263904571533,0.03630626309551661,0.48030508425860385,l40s
resnet152,gemm,459,layer3.2.conv2,256,256,3,1,1,1.261225599050522,0.0321714658559446,0.5176988336998377,l40s
resnet152,gemm,459,layer3.2.conv3,256,1024,1,1,0,1.0730496048927307,0.03090985282792768,0.4404577019156948,l40s
resnet152,gemm,459,layer3.3.conv1,1024,256,1,1,0,1.1598735928535462,0.016984963163938823,0.476096589469453,l40s
resnet152,gemm,459,layer3.3.conv2,256,256,3,1,1,1.2569328129291535,0.02750815618909127,0.5159367616565582,l40s
resnet152,gemm,459,layer3.3.conv3,256,1024,1,1,0,1.0523775935173034,0.03127733899828514,0.43197240302282014,l40s
resnet152,gemm,459,layer3.4.conv1,1024,256,1,1,0,1.1624399900436402,0.02727624635718907,0.47715002577230187,l40s
resnet152,gemm,459,layer3.4.conv2,256,256,3,1,1,1.3591168105602265,0.40336180147524897,0.5578805157606758,l40s
resnet152,gemm,459,layer3.4.conv3,256,1024,1,1,0,1.1022591948509217,0.1656727684260189,0.4524474448019714,l40s
resnet152,gemm,459,layer3.5.conv1,1024,256,1,1,0,1.1745984077453613,0.027617104957940775,0.4821407258251355,l40s
resnet152,gemm,459,layer3.5.conv2,256,256,3,1,1,1.262060785293579,0.026066341341691605,0.5180416549558273,l40s
resnet152,gemm,459,layer3.5.conv3,256,1024,1,1,0,1.0553215980529784,0.033651013064915976,0.4331808368792796,l40s
resnet152,gemm,459,layer3.6.conv1,1024,256,1,1,0,1.1712704122066497,0.03438625178864871,0.4807746740971605,l40s
resnet152,gemm,459,layer3.6.conv2,256,256,3,1,1,1.281007993221283,0.03095674262900454,0.5258189689061825,l40s
resnet152,gemm,459,layer3.6.conv3,256,1024,1,1,0,1.0620495975017548,0.02886588248426065,0.4359424978147909,l40s
resnet152,gemm,459,layer3.7.conv1,1024,256,1,1,0,1.1716224014759065,0.02859916884424309,0.4809191561266295,l40s
resnet152,gemm,459,layer3.7.conv2,256,256,3,1,1,1.2597152054309846,0.02775599236730904,0.5170788581650477,l40s
resnet152,gemm,459,layer3.7.conv3,256,1024,1,1,0,1.0593680024147034,0.021303597995820725,0.43484177590582646,l40s
resnet152,gemm,459,layer3.8.conv1,1024,256,1,1,0,1.165388810634613,0.03461396716102548,0.4783604364885814,l40s
resnet152,gemm,459,layer3.8.conv2,256,256,3,1,1,1.2671632051467896,0.03027711101827659,0.5201360596436505,l40s
resnet152,gemm,459,layer3.8.conv3,256,1024,1,1,0,1.0618591964244843,0.02678918618874479,0.43586434334685725,l40s
resnet152,gemm,459,layer3.9.conv1,1024,256,1,1,0,1.1564032018184662,0.03254005578922112,0.4746720882599185,l40s
resnet152,gemm,459,layer3.9.conv2,256,256,3,1,1,1.2676640033721924,0.02692493772452047,0.5203416237056274,l40s
resnet152,gemm,459,layer3.9.conv3,256,1024,1,1,0,1.060699200630188,0.030291301870526876,0.43538819659701644,l40s
resnet152,gemm,459,layer3.10.conv1,1024,256,1,1,0,1.1632192075252532,0.02664856900869087,0.47746987337270996,l40s
resnet152,gemm,459,layer3.10.conv2,256,256,3,1,1,1.287668812274933,0.07540542644309717,0.5285530541151698,l40s
resnet152,gemm,459,layer3.10.conv3,256,1024,1,1,0,1.0579328060150146,0.02694480104943007,0.4342526667862459,l40s
resnet152,gemm,459,layer3.11.conv1,1024,256,1,1,0,1.1651487946510315,0.034560055927503525,0.4782619164499276,l40s
resnet152,gemm,459,layer3.11.conv2,256,256,3,1,1,1.2781072080135345,0.10003477554151992,0.5246282754093207,l40s
resnet152,gemm,459,layer3.11.conv3,256,1024,1,1,0,1.0476415932178498,0.020390301578033752,0.4300284036041,l40s
resnet152,gemm,459,layer3.12.conv1,1024,256,1,1,0,1.1548944056034087,0.03067955410407139,0.47405276841625693,l40s
resnet152,gemm,459,layer3.12.conv2,256,256,3,1,1,1.2873759984970092,0.10468373011360596,0.5284328620167567,l40s
resnet152,gemm,459,layer3.12.conv3,256,1024,1,1,0,1.0731791973114013,0.028687842432785046,0.44051089608179206,l40s
resnet152,gemm,459,layer3.13.conv1,1024,256,1,1,0,1.164528000354767,0.0365407621631854,0.4780070972618414,l40s
resnet152,gemm,459,layer3.13.conv2,256,256,3,1,1,1.2857904016971589,0.1120783623206292,0.5277820176201484,l40s
resnet152,gemm,459,layer3.13.conv3,256,1024,1,1,0,1.0573520064353943,0.030485573339812406,0.434014264342457,l40s
resnet152,gemm,459,layer3.14.conv1,1024,256,1,1,0,1.1553328037261963,0.028963445237596218,0.4742327189318777,l40s
resnet152,gemm,459,layer3.14.conv2,256,256,3,1,1,1.291484808921814,0.0991340606678541,0.5301194170362682,l40s
resnet152,gemm,459,layer3.14.conv3,256,1024,1,1,0,1.0562736213207244,0.02929488357238012,0.433571616558774,l40s
resnet152,gemm,459,layer3.15.conv1,1024,256,1,1,0,1.1696063995361328,0.030004564757311277,0.4800916421166513,l40s
resnet152,gemm,459,layer3.15.conv2,256,256,3,1,1,1.2618544101715088,0.03366936484513901,0.5179569435766095,l40s
resnet152,gemm,459,layer3.15.conv3,256,1024,1,1,0,1.0615760028362273,0.02620260464755432,0.43574810007486664,l40s
resnet152,gemm,459,layer3.16.conv1,1024,256,1,1,0,1.167783999443054,0.050662704217769056,0.4793435964034723,l40s
resnet152,gemm,459,layer3.16.conv2,256,256,3,1,1,1.2829728186130525,0.11389162298169114,0.5266254763339644,l40s
resnet152,gemm,459,layer3.16.conv3,256,1024,1,1,0,1.0669568002223968,0.02943998282123061,0.43795677117486026,l40s
resnet152,gemm,459,layer3.17.conv1,1024,256,1,1,0,1.1742591977119445,0.026705498172460134,0.48200148932469383,l40s
resnet152,gemm,459,layer3.17.conv2,256,256,3,1,1,1.289545601606369,0.10916413179712577,0.529323425132628,l40s
resnet152,gemm,459,layer3.17.conv3,256,1024,1,1,0,1.0713263928890229,0.02453061963035871,0.439750370217695,l40s
resnet152,gemm,459,layer3.18.conv1,1024,256,1,1,0,1.1583999991416931,0.036110481796748896,0.4754917192967035,l40s
resnet152,gemm,459,layer3.18.conv2,256,256,3,1,1,1.2928655922412873,0.09742945986629595,0.5306861910651347,l40s
resnet152,gemm,459,layer3.18.conv3,256,1024,1,1,0,1.0584447979927063,0.030769926816625527,0.4344628255793391,l40s
resnet152,gemm,459,layer3.19.conv1,1024,256,1,1,0,1.1592896044254304,0.03072102756041919,0.4758568780900159,l40s
resnet152,gemm,459,layer3.19.conv2,256,256,3,1,1,1.283217591047287,0.10643129648122313,0.5267259487663511,l40s
resnet152,gemm,459,layer3.19.conv3,256,1024,1,1,0,1.0558176040649414,0.025284177627951977,0.4333844338678712,l40s
resnet152,gemm,459,layer3.20.conv1,1024,256,1,1,0,1.1714576125144958,0.028693528791900586,0.48085151473622867,l40s
resnet152,gemm,459,layer3.20.conv2,256,256,3,1,1,1.2851087987422942,0.10286445018102643,0.5275022381302258,l40s
resnet152,gemm,459,layer3.20.conv3,256,1024,1,1,0,1.051803195476532,0.02808024317272011,0.4317366282367623,l40s
resnet152,gemm,459,layer3.21.conv1,1024,256,1,1,0,1.1809984028339386,0.06176922924331263,0.48476774988453886,l40s
resnet152,gemm,459,layer3.21.conv2,256,256,3,1,1,1.28678719997406,0.09615052410881816,0.5281911762241082,l40s
resnet152,gemm,459,layer3.21.conv3,256,1024,1,1,0,1.054427194595337,0.02577456126054935,0.4328137085659733,l40s
resnet152,gemm,459,layer3.22.conv1,1024,256,1,1,0,1.1562352001667022,0.028480340001722174,0.4746031281474349,l40s
resnet152,gemm,459,layer3.22.conv2,256,256,3,1,1,1.2923967957496643,0.09283597892077686,0.5304937628452044,l40s
resnet152,gemm,459,layer3.22.conv3,256,1024,1,1,0,1.061864000558853,0.026067618264373357,0.4358663153134598,l40s
resnet152,gemm,459,layer3.23.conv1,1024,256,1,1,0,1.1795487999916077,0.03747671762531529,0.4841727273117591,l40s
resnet152,gemm,459,layer3.23.conv2,256,256,3,1,1,1.2787728011608124,0.030667691523378754,0.5249014833083069,l40s
resnet152,gemm,459,layer3.23.conv3,256,1024,1,1,0,1.056486392021179,0.027686807605371677,0.4336589531491143,l40s
resnet152,gemm,459,layer3.24.conv1,1024,256,1,1,0,1.1550000071525575,0.027705830168299587,0.47409611498238463,l40s
resnet152,gemm,459,layer3.24.conv2,256,256,3,1,1,1.2969744026660919,0.110701572629837,0.5323727460846462,l40s
resnet152,gemm,459,layer3.24.conv3,256,1024,1,1,0,1.0647711992263793,0.023178581492952578,0.43705964136127007,l40s
resnet152,gemm,459,layer3.25.conv1,1024,256,1,1,0,1.1636559903621673,0.025402964160614893,0.47764916085737635,l40s
resnet152,gemm,459,layer3.25.conv2,256,256,3,1,1,1.2905951917171479,0.11129324307382517,0.5297542533497385,l40s
resnet152,gemm,459,layer3.25.conv3,256,1024,1,1,0,1.0589471936225892,0.028541651963121396,0.4346690453324443,l40s
resnet152,gemm,459,layer3.26.conv1,1024,256,1,1,0,1.1584192097187043,0.02193110377540082,0.47549960471650543,l40s
resnet152,gemm,459,layer3.26.conv2,256,256,3,1,1,1.2855488002300262,0.10136427216777591,0.5276828467835837,l40s
resnet152,gemm,459,layer3.26.conv3,256,1024,1,1,0,1.0609824001789092,0.027175117959110102,0.4355044423156156,l40s
resnet152,gemm,459,layer3.27.conv1,1024,256,1,1,0,1.1726719975471496,0.02377024448233803,0.48134998679034857,l40s
resnet152,gemm,459,layer3.27.conv2,256,256,3,1,1,1.285671991109848,0.10407624874093128,0.5277334132919501,l40s
resnet152,gemm,459,layer3.27.conv3,256,1024,1,1,0,1.0610959887504579,0.02820392614499648,0.4355510673373854,l40s
resnet152,gemm,459,layer3.28.conv1,1024,256,1,1,0,1.1606143772602082,0.02740646024630715,0.47640066133704007,l40s
resnet152,gemm,459,layer3.28.conv2,256,256,3,1,1,1.2869632065296173,0.10549938398400253,0.52826342213206,l40s
resnet152,gemm,459,layer3.28.conv3,256,1024,1,1,0,1.0606640040874482,0.029522389103297932,0.435373749372713,l40s
resnet152,gemm,459,layer3.29.conv1,1024,256,1,1,0,1.1583328008651734,0.023970634064172637,0.47546413623035355,l40s
resnet152,gemm,459,layer3.29.conv2,256,256,3,1,1,1.3028271973133088,0.11984874576991383,0.5347751592334358,l40s
resnet152,gemm,459,layer3.29.conv3,256,1024,1,1,0,1.0611727833747864,0.03171006916543935,0.43558258944372324,l40s
resnet152,gemm,459,layer3.30.conv1,1024,256,1,1,0,1.158347201347351,0.023781228396118043,0.475470047236944,l40s
resnet152,gemm,459,layer3.30.conv2,256,256,3,1,1,1.2834671974182128,0.09862233190075788,0.5268284053983839,l40s
resnet152,gemm,459,layer3.30.conv3,256,1024,1,1,0,1.0651375949382782,0.02384751210102665,0.4372100368439383,l40s
resnet152,gemm,459,layer3.31.conv1,1024,256,1,1,0,1.1573120057582855,0.018300542031606876,0.4750451275798154,l40s
resnet152,gemm,459,layer3.31.conv2,256,256,3,1,1,1.2734863996505736,0.031608192779438646,0.5227315591501073,l40s
resnet152,gemm,459,layer3.31.conv3,256,1024,1,1,0,1.0602832019329071,0.02742135853866802,0.4352174404368457,l40s
resnet152,gemm,459,layer3.32.conv1,1024,256,1,1,0,1.1616976022720338,0.029406736166274927,0.4768452957669777,l40s
resnet152,gemm,459,layer3.32.conv2,256,256,3,1,1,1.2969039976596832,0.10017807599126291,0.5323438467428221,l40s
resnet152,gemm,459,layer3.32.conv3,256,1024,1,1,0,1.0670224010944367,0.031056142572540395,0.4379836985500819,l40s
resnet152,gemm,459,layer3.33.conv1,1024,256,1,1,0,1.170164805650711,0.023787516174172792,0.48032085265159896,l40s
resnet152,gemm,459,layer3.33.conv2,256,256,3,1,1,1.2940399885177611,0.10312669143465251,0.5311682488215661,l40s
resnet152,gemm,459,layer3.33.conv3,256,1024,1,1,0,1.0522863924503327,0.034950129367772385,0.4319349674632831,l40s
resnet152,gemm,459,layer3.34.conv1,1024,256,1,1,0,1.165934407711029,0.03170106280961318,0.4785843892614582,l40s
resnet152,gemm,459,layer3.34.conv2,256,256,3,1,1,1.2794640004634856,0.09854995905561319,0.5251852018382175,l40s
resnet152,gemm,459,layer3.34.conv3,256,1024,1,1,0,1.05557279586792,0.025915677966314075,0.43328394675583226,l40s
resnet152,gemm,459,layer3.35.conv1,1024,256,1,1,0,1.1515967965126037,0.02702735599261845,0.47269918949937406,l40s
resnet152,gemm,459,layer3.35.conv2,256,256,3,1,1,1.2936511993408204,0.10516714152918445,0.5310086614300566,l40s
resnet152,gemm,459,layer3.35.conv3,256,1024,1,1,0,1.0546271979808808,0.021563766124977225,0.4328958045205036,l40s
resnet152,gemm,459,layer4.0.conv1,1024,512,1,1,0,1.5178287982940675,0.030431103240029105,0.6230274736132979,l40s
resnet152,gemm,459,layer4.0.conv2,512,512,3,2,1,2.2531232118606566,0.06944162680226804,0.9248458482292264,l40s
resnet152,gemm,459,layer4.0.conv3,512,2048,1,1,0,1.3087535977363587,0.10167969716767374,0.5372077855529148,l40s
resnet152,gemm,459,layer4.0.downsample.0,1024,2048,1,2,0,2.1417919874191282,0.08989742319208342,0.8791474061018674,l40s
resnet152,gemm,459,layer4.1.conv1,2048,512,1,1,0,1.4806928038597107,0.10514365372286315,0.6077841570952829,l40s
resnet152,gemm,459,layer4.1.conv2,512,512,3,1,1,1.9370480060577393,0.12775422295300912,0.795105565817585,l40s
resnet152,gemm,459,layer4.1.conv3,512,2048,1,1,0,1.3772799968719482,0.08073442803942246,0.56533601014402,l40s
resnet152,gemm,459,layer4.2.conv1,2048,512,1,1,0,1.464648002386093,0.08044556845234357,0.6011982021193528,l40s
resnet152,gemm,459,layer4.2.conv2,512,512,3,1,1,1.907049584388733,0.06204866681429488,0.7827920289510861,l40s
resnet152,gemm,459,layer4.2.conv3,512,2048,1,1,0,1.3447920024394988,0.08849045136351837,0.5520005713140538,l40s
resnet152,gemm,462,conv1,3,64,7,2,3,2.2852752089500425,0.05861883285965999,0.9269408682136793,l40s
resnet152,gemm,462,layer1.0.conv1,64,64,1,1,0,1.3794256031513215,0.04414077598910506,0.5595150908798994,l40s
resnet152,gemm,462,layer1.0.conv2,64,64,3,1,1,1.6933743894100188,0.048149572456289716,0.6868572855396715,l40s
resnet152,gemm,462,layer1.0.conv3,64,256,1,1,0,2.46283198595047,0.09111157026759614,0.998960479849696,l40s
resnet152,gemm,462,layer1.0.downsample.0,64,256,1,1,0,2.842520022392273,0.10807675592108844,1.152967470680097,l40s
resnet152,gemm,462,layer1.1.conv1,256,64,1,1,0,2.433412790298462,0.0498808667285182,0.9870276261378012,l40s
resnet152,gemm,462,layer1.1.conv2,64,64,3,1,1,1.6836112022399903,0.03798237419329604,0.6828971948002822,l40s
resnet152,gemm,462,layer1.1.conv3,64,256,1,1,0,2.4343135952949524,0.048598307265567256,0.9873930057482166,l40s
resnet152,gemm,462,layer1.2.conv1,256,64,1,1,0,2.3843007922172545,0.03891868235717581,0.9671070852931741,l40s
resnet152,gemm,462,layer1.2.conv2,64,64,3,1,1,1.686096006631851,0.04747779057302343,0.6839050676075976,l40s
resnet152,gemm,462,layer1.2.conv3,64,256,1,1,0,2.5734992027282715,0.06718362372978617,1.043848712829713,l40s
resnet152,gemm,462,layer2.0.conv1,256,128,1,1,0,2.803158402442932,0.08201295349785567,1.13700182504265,l40s
resnet152,gemm,462,layer2.0.conv2,128,128,3,2,1,1.6870159924030304,0.037813949323485134,0.6842782272192458,l40s
resnet152,gemm,462,layer2.0.conv3,128,512,1,1,0,1.5335520088672638,0.07102535169802805,0.622031003085777,l40s
resnet152,gemm,462,layer2.0.downsample.0,256,512,1,2,0,2.800324785709381,0.11727388346944385,1.1358524688754383,l40s
resnet152,gemm,462,layer2.1.conv1,512,128,1,1,0,1.4422000050544739,0.024403518418786838,0.5849773014590955,l40s
resnet152,gemm,462,layer2.1.conv2,128,128,3,1,1,1.3038047850131989,0.023093776897166025,0.5288421870014273,l40s
resnet152,gemm,462,layer2.1.conv3,128,512,1,1,0,1.5145408034324646,0.06572401204601504,0.614319781609035,l40s
resnet152,gemm,462,layer2.2.conv1,512,128,1,1,0,1.452846395969391,0.01875587745738833,0.5892956324852084,l40s
resnet152,gemm,462,layer2.2.conv2,128,128,3,1,1,1.3029088079929352,0.02805703956120825,0.528478765688401,l40s
resnet152,gemm,462,layer2.2.conv3,128,512,1,1,0,1.5232464015483855,0.058520178635509124,0.6178508988435315,l40s
resnet152,gemm,462,layer2.3.conv1,512,128,1,1,0,1.4571359932422638,0.03356134292974327,0.5910355555390409,l40s
resnet152,gemm,462,layer2.3.conv2,128,128,3,1,1,1.2732848048210144,0.022197431601547732,0.5164628390671337,l40s
resnet152,gemm,462,layer2.3.conv3,128,512,1,1,0,1.5068031966686248,0.051028263462288614,0.6111812957481286,l40s
resnet152,gemm,462,layer2.4.conv1,512,128,1,1,0,1.4537984013557435,0.029449150670119616,0.5896817797185541,l40s
resnet152,gemm,462,layer2.4.conv2,128,128,3,1,1,1.2954591929912567,0.024897568892335974,0.5254570934755886,l40s
resnet152,gemm,462,layer2.4.conv3,128,512,1,1,0,1.5211919903755189,0.06260291862213165,0.6170175997866886,l40s
resnet152,gemm,462,layer2.5.conv1,512,128,1,1,0,1.454336017370224,0.023863690851599652,0.5898998445946253,l40s
resnet152,gemm,462,layer2.5.conv2,128,128,3,1,1,1.283737599849701,0.02625439409365465,0.5207026447855889,l40s
resnet152,gemm,462,layer2.5.conv3,128,512,1,1,0,1.5116400063037871,0.048142559612457836,0.6131431760962998,l40s
resnet152,gemm,462,layer2.6.conv1,512,128,1,1,0,1.45971999168396,0.031127710108952777,0.5920836628959264,l40s
resnet152,gemm,462,layer2.6.conv2,128,128,3,1,1,1.2690240025520325,0.02233665066075548,0.514734595685755,l40s
resnet152,gemm,462,layer2.6.conv3,128,512,1,1,0,1.507073599100113,0.05268851160186344,0.6112909749078329,l40s
resnet152,gemm,462,layer2.7.conv1,512,128,1,1,0,1.4461088001728057,0.019629274278019818,0.5865627656195896,l40s
resnet152,gemm,462,layer2.7.conv2,128,128,3,1,1,1.2836192071437835,0.023291846119566584,0.5206546229818327,l40s
resnet152,gemm,462,layer2.7.conv3,128,512,1,1,0,1.5107599914073944,0.0431004397188529,0.6127862292529136,l40s
resnet152,gemm,462,layer3.0.conv1,512,256,1,1,0,1.840449607372284,0.031782952480728766,0.7465131334203713,l40s
resnet152,gemm,462,layer3.0.conv2,256,256,3,2,1,1.6102367877960204,0.03576002634849515,0.6531354649381654,l40s
resnet152,gemm,462,layer3.0.conv3,256,1024,1,1,0,1.1463983952999115,0.028835148176275832,0.4649958655729235,l40s
resnet152,gemm,462,layer3.0.downsample.0,512,1024,1,2,0,2.1231632232666016,0.04175000692268039,0.8611858886082723,l40s
resnet152,gemm,462,layer3.1.conv1,1024,256,1,1,0,1.1444128155708313,0.022920971671698216,0.4641904855509581,l40s
resnet152,gemm,462,layer3.1.conv2,256,256,3,1,1,1.2709631979465486,0.030431765876704243,0.515521161546877,l40s
resnet152,gemm,462,layer3.1.conv3,256,1024,1,1,0,1.2092208027839662,0.0456096854868212,0.49047754791406173,l40s
resnet152,gemm,462,layer3.2.conv1,1024,256,1,1,0,1.1600512087345123,0.03657289466381094,0.4705336453068763,l40s
resnet152,gemm,462,layer3.2.conv2,256,256,3,1,1,1.2624847948551179,0.01912944088539786,0.5120821979192766,l40s
resnet152,gemm,462,layer3.2.conv3,256,1024,1,1,0,1.184419196844101,0.04473245174873104,0.48041765576061085,l40s
resnet152,gemm,462,layer3.3.conv1,1024,256,1,1,0,1.1491856038570405,0.024317284211451316,0.4661263979086875,l40s
resnet152,gemm,462,layer3.3.conv2,256,256,3,1,1,1.274918407201767,0.03259705798292895,0.5171254519564699,l40s
resnet152,gemm,462,layer3.3.conv3,256,1024,1,1,0,1.1964368104934693,0.04978901271297055,0.4852921746747333,l40s
resnet152,gemm,462,layer3.4.conv1,1024,256,1,1,0,1.1731952011585236,0.03520545150043411,0.4758650398372115,l40s
resnet152,gemm,462,layer3.4.conv2,256,256,3,1,1,1.26353919506073,0.024287720701163598,0.5125098779808319,l40s
resnet152,gemm,462,layer3.4.conv3,256,1024,1,1,0,1.208184003829956,0.05845960796699542,0.4900570071761981,l40s
resnet152,gemm,462,layer3.5.conv1,1024,256,1,1,0,1.1444432139396667,0.026779902415943236,0.46420281557155707,l40s
resnet152,gemm,462,layer3.5.conv2,256,256,3,1,1,1.2515743970870972,0.025080263857604906,0.5076567818730875,l40s
resnet152,gemm,462,layer3.5.conv3,256,1024,1,1,0,1.1722704112529754,0.051860414702099886,0.47548993159877845,l40s
resnet152,gemm,462,layer3.6.conv1,1024,256,1,1,0,1.1466495990753174,0.03759327879894988,0.4650977574784416,l40s
resnet152,gemm,462,layer3.6.conv2,256,256,3,1,1,1.265419179201126,0.03197419520722283,0.5132724268959481,l40s
resnet152,gemm,462,layer3.6.conv3,256,1024,1,1,0,1.1839280009269715,0.04336048381676387,0.4802184195512896,l40s
resnet152,gemm,462,layer3.7.conv1,1024,256,1,1,0,1.1621407985687255,0.03195468727811359,0.4713812133404988,l40s
resnet152,gemm,462,layer3.7.conv2,256,256,3,1,1,1.268254393339157,0.024317932369899917,0.5144224309936539,l40s
resnet152,gemm,462,layer3.7.conv3,256,1024,1,1,0,1.1860720038414,0.04428711544633297,0.4810880583217842,l40s
resnet152,gemm,462,layer3.8.conv1,1024,256,1,1,0,1.1563615918159484,0.031103252009941844,0.46903708301255165,l40s
resnet152,gemm,462,layer3.8.conv2,256,256,3,1,1,1.2571376025676728,0.027798675489204918,0.5099132989429003,l40s
resnet152,gemm,462,layer3.8.conv3,256,1024,1,1,0,1.1949680030345917,0.046145385114713645,0.48469640500295,l40s
resnet152,gemm,462,layer3.9.conv1,1024,256,1,1,0,1.209113597869873,0.26608710274254094,0.49043406404141604,l40s
resnet152,gemm,462,layer3.9.conv2,256,256,3,1,1,1.2568495929241181,0.032111743461721805,0.509796478041853,l40s
resnet152,gemm,462,layer3.9.conv3,256,1024,1,1,0,1.176577615737915,0.04455713147305721,0.4772369963939539,l40s
resnet152,gemm,462,layer3.10.conv1,1024,256,1,1,0,1.1615008115768433,0.029768049906173398,0.47112162530682244,l40s
resnet152,gemm,462,layer3.10.conv2,256,256,3,1,1,1.2551295936107636,0.034656839622670896,0.5090988212998537,l40s
resnet152,gemm,462,layer3.10.conv3,256,1024,1,1,0,1.1820159912109376,0.04677387822387453,0.4794428805968249,l40s
resnet152,gemm,462,layer3.11.conv1,1024,256,1,1,0,1.1654384136199951,0.03423840363769504,0.47271877397507234,l40s
resnet152,gemm,462,layer3.11.conv2,256,256,3,1,1,1.2673087894916535,0.03683942163988806,0.5140388803175873,l40s
resnet152,gemm,462,layer3.11.conv3,256,1024,1,1,0,1.1925680041313171,0.05384361893220025,0.48372293053545445,l40s
resnet152,gemm,462,layer3.12.conv1,1024,256,1,1,0,1.1674143970012665,0.027525758547062355,0.47352026157877014,l40s
resnet152,gemm,462,layer3.12.conv2,256,256,3,1,1,1.2540415942668914,0.025439036929856114,0.5086575129390598,l40s
resnet152,gemm,462,layer3.12.conv3,256,1024,1,1,0,1.1892336070537568,0.04954782144260439,0.48237045057595634,l40s
resnet152,gemm,462,layer3.13.conv1,1024,256,1,1,0,1.1583872079849242,0.02521418193342804,0.4698587023969411,l40s
resnet152,gemm,462,layer3.13.conv2,256,256,3,1,1,1.250680011510849,0.02099274023509657,0.5072940060729044,l40s
resnet152,gemm,462,layer3.13.conv3,256,1024,1,1,0,1.16629438996315,0.042459852310081155,0.4730659704315809,l40s
resnet152,gemm,462,layer3.14.conv1,1024,256,1,1,0,1.1536080062389373,0.030099764982899607,0.4679201886466306,l40s
resnet152,gemm,462,layer3.14.conv2,256,256,3,1,1,1.255000013113022,0.027990396916995498,0.5090462615649869,l40s
resnet152,gemm,462,layer3.14.conv3,256,1024,1,1,0,1.1803999960422515,0.03944653679202604,0.4787874094488316,l40s
resnet152,gemm,462,layer3.15.conv1,1024,256,1,1,0,1.1521503984928132,0.02166125484577238,0.46732896174126015,l40s
resnet152,gemm,462,layer3.15.conv2,256,256,3,1,1,1.2575008034706117,0.0317733180018014,0.5100606185125467,l40s
resnet152,gemm,462,layer3.15.conv3,256,1024,1,1,0,1.195723193883896,0.037549587528312424,0.4850027213970453,l40s
resnet152,gemm,462,layer3.16.conv1,1024,256,1,1,0,1.1598912000656127,0.026893298405032243,0.4704687434631549,l40s
resnet152,gemm,462,layer3.16.conv2,256,256,3,1,1,1.2555616080760956,0.03099561859049182,0.5092740526514247,l40s
resnet152,gemm,462,layer3.16.conv3,256,1024,1,1,0,1.193552017211914,0.04641244107821395,0.4841220605551956,l40s
resnet152,gemm,462,layer3.17.conv1,1024,256,1,1,0,1.1609871983528137,0.03757887194260533,0.4709132963117222,l40s
resnet152,gemm,462,layer3.17.conv2,256,256,3,1,1,1.2498159885406495,0.024949195922069928,0.5069435457874137,l40s
resnet152,gemm,462,layer3.17.conv3,256,1024,1,1,0,1.17188640832901,0.051559366321319876,0.4753341744268006,l40s
resnet152,gemm,462,layer3.18.conv1,1024,256,1,1,0,1.169219183921814,0.028892718898610552,0.4742523094076361,l40s
resnet152,gemm,462,layer3.18.conv2,256,256,3,1,1,1.258076798915863,0.033436940702754825,0.5102942506440367,l40s
resnet152,gemm,462,layer3.18.conv3,256,1024,1,1,0,1.167060798406601,0.04759320338386742,0.4733768368450424,l40s
resnet152,gemm,462,layer3.19.conv1,1024,256,1,1,0,1.1598111927509307,0.03404121526705935,0.4704362913324688,l40s
resnet152,gemm,462,layer3.19.conv2,256,256,3,1,1,1.261129581928253,0.030549097377026647,0.5115325038421157,l40s
resnet152,gemm,462,layer3.19.conv3,256,1024,1,1,0,1.1854288041591645,0.04717009102193121,0.48082716717416607,l40s
resnet152,gemm,462,layer3.20.conv1,1024,256,1,1,0,1.1555680096149445,0.027427209373718862,0.46871519452773525,l40s
resnet152,gemm,462,layer3.20.conv2,256,256,3,1,1,1.2676176130771637,0.032695262342622204,0.5141641436562682,l40s
resnet152,gemm,462,layer3.20.conv3,256,1024,1,1,0,1.180783998966217,0.04661879728959746,0.47894316662080944,l40s
resnet152,gemm,462,layer3.21.conv1,1024,256,1,1,0,1.16700798869133,0.03121918081835,0.47335541645631557,l40s
resnet152,gemm,462,layer3.21.conv2,256,256,3,1,1,1.2456143915653228,0.02071350180672921,0.5052393169343897,l40s
resnet152,gemm,462,layer3.21.conv3,256,1024,1,1,0,1.1806800007820129,0.046321127694321146,0.4789009834444544,l40s
resnet152,gemm,462,layer3.22.conv1,1024,256,1,1,0,1.1676015913486482,0.028492013915403326,0.4735961903291487,l40s
resnet152,gemm,462,layer3.22.conv2,256,256,3,1,1,1.2671408116817475,0.029382934484117884,0.5139707460743482,l40s
resnet152,gemm,462,layer3.22.conv3,256,1024,1,1,0,1.1757392108440399,0.04855927294216837,0.4768969271728817,l40s
resnet152,gemm,462,layer3.23.conv1,1024,256,1,1,0,1.1516752004623414,0.02972669929048254,0.4671362145074855,l40s
resnet152,gemm,462,layer3.23.conv2,256,256,3,1,1,1.2647263944149016,0.029508168169436643,0.512991423308847,l40s
resnet152,gemm,462,layer3.23.conv3,256,1024,1,1,0,1.1842528104782104,0.04654354452452352,0.4803501670302149,l40s
resnet152,gemm,462,layer3.24.conv1,1024,256,1,1,0,1.1660320043563843,0.028101752621516936,0.47295954301260323,l40s
resnet152,gemm,462,layer3.24.conv2,256,256,3,1,1,1.2624175906181336,0.02442675722081014,0.5120549389031485,l40s
resnet152,gemm,462,layer3.24.conv3,256,1024,1,1,0,1.168830394744873,0.03282616589197164,0.47409461086182664,l40s
resnet152,gemm,462,layer3.25.conv1,1024,256,1,1,0,1.1587584018707275,0.0397615731100472,0.47000926403670973,l40s
resnet152,gemm,462,layer3.25.conv2,256,256,3,1,1,1.2505216121673584,0.026953399366160227,0.5072297569949795,l40s
resnet152,gemm,462,layer3.25.conv3,256,1024,1,1,0,1.1897616028785705,0.04486981339744602,0.48258461336315556,l40s
resnet152,gemm,462,layer3.26.conv1,1024,256,1,1,0,1.1586559891700745,0.028233425389648046,0.46996772395554687,l40s
resnet152,gemm,462,layer3.26.conv2,256,256,3,1,1,1.25559521317482,0.027478023483370983,0.5092876833683142,l40s
resnet152,gemm,462,layer3.26.conv3,256,1024,1,1,0,1.1798160016536712,0.05118894654172264,0.4785505328295682,l40s
resnet152,gemm,462,layer3.27.conv1,1024,256,1,1,0,1.1620719969272613,0.04247646430376221,0.47135330639387657,l40s
resnet152,gemm,462,layer3.27.conv2,256,256,3,1,1,1.2524960041046143,0.024440982943618256,0.5080305990858343,l40s
resnet152,gemm,462,layer3.27.conv3,256,1024,1,1,0,1.1793680012226104,0.04584938898349303,0.4783688173377529,l40s
resnet152,gemm,462,layer3.28.conv1,1024,256,1,1,0,1.1697039902210236,0.030885120617182755,0.47444895389498043,l40s
resnet152,gemm,462,layer3.28.conv2,256,256,3,1,1,1.2688271939754485,0.02214217261008529,0.5146547672641556,l40s
resnet152,gemm,462,layer3.28.conv3,256,1024,1,1,0,1.1844576060771943,0.0487429536281177,0.4804332351042853,l40s
resnet152,gemm,462,layer3.29.conv1,1024,256,1,1,0,1.1573712050914764,0.042103575198649684,0.46944659684375795,l40s
resnet152,gemm,462,layer3.29.conv2,256,256,3,1,1,1.2527488052845002,0.026254856184739002,0.5081331389218466,l40s
resnet152,gemm,462,layer3.29.conv3,256,1024,1,1,0,1.1835535943508149,0.036029130221984014,0.4800665547975793,l40s
resnet152,gemm,462,layer3.30.conv1,1024,256,1,1,0,1.1541872024536133,0.02002492392380707,0.4681551190567602,l40s
resnet152,gemm,462,layer3.30.conv2,256,256,3,1,1,1.2624800086021424,0.022307954197420734,0.512080256545445,l40s
resnet152,gemm,462,layer3.30.conv3,256,1024,1,1,0,1.1880015850067138,0.05298974141184699,0.4818707245116855,l40s
resnet152,gemm,462,layer3.31.conv1,1024,256,1,1,0,1.1543680012226105,0.03163981818791955,0.4682284536675108,l40s
resnet152,gemm,462,layer3.31.conv2,256,256,3,1,1,1.2599567949771882,0.027634411378145846,0.5110568043944551,l40s
resnet152,gemm,462,layer3.31.conv3,256,1024,1,1,0,1.189792001247406,0.05071778943608625,0.48259694338375453,l40s
resnet152,gemm,462,layer3.32.conv1,1024,256,1,1,0,1.1660959899425507,0.02939621411561571,0.47298549649713845,l40s
resnet152,gemm,462,layer3.32.conv2,256,256,3,1,1,1.243720006942749,0.019769857551820615,0.5044709269742211,l40s
resnet152,gemm,462,layer3.32.conv3,256,1024,1,1,0,1.1892192125320435,0.037427785495955206,0.48236461194855507,l40s
resnet152,gemm,462,layer3.33.conv1,1024,256,1,1,0,1.1562928020954133,0.02675168463454091,0.46900918090123156,l40s
resnet152,gemm,462,layer3.33.conv2,256,256,3,1,1,1.2604927897453309,0.030499127865494163,0.5112742116694277,l40s
resnet152,gemm,462,layer3.33.conv3,256,1024,1,1,0,1.1725071966648102,0.044217807830413104,0.475585975206291,l40s
resnet152,gemm,462,layer3.34.conv1,1024,256,1,1,0,1.1648144006729126,0.03176600414599413,0.4724656652463381,l40s
resnet152,gemm,462,layer3.34.conv2,256,256,3,1,1,1.2683824002742767,0.03117951374435845,0.514474352468631,l40s
resnet152,gemm,462,layer3.34.conv3,256,1024,1,1,0,1.1915263891220094,0.0401345121458665,0.48330043633550396,l40s
resnet152,gemm,462,layer3.35.conv1,1024,256,1,1,0,1.1581551909446717,0.04353348713290888,0.469764592910307,l40s
resnet152,gemm,462,layer3.35.conv2,256,256,3,1,1,1.2536336064338685,0.02215152463346151,0.5084920271390643,l40s
resnet152,gemm,462,layer3.35.conv3,256,1024,1,1,0,1.1754000008106231,0.04600642893337668,0.476759338648904,l40s
resnet152,gemm,462,layer4.0.conv1,1024,512,1,1,0,1.5039967894554138,0.029267896974509894,0.6100429761581786,l40s
resnet152,gemm,462,layer4.0.conv2,512,512,3,2,1,2.213177573680878,0.03817672478968659,0.8976970185579272,l40s
resnet152,gemm,462,layer4.0.conv3,512,2048,1,1,0,1.2735215902328492,0.02773546785873709,0.5165588826746462,l40s
resnet152,gemm,462,layer4.0.downsample.0,1024,2048,1,2,0,2.01703360080719,0.0250382015055151,0.8181381698913149,l40s
resnet152,gemm,462,layer4.1.conv1,2048,512,1,1,0,1.4518303990364074,0.038219878212999395,0.5888835293496762,l40s
resnet152,gemm,462,layer4.1.conv2,512,512,3,1,1,1.8874863982200623,0.025723695438911273,0.7655919400234747,l40s
resnet152,gemm,462,layer4.1.conv3,512,2048,1,1,0,1.2562111973762513,0.03174177328619659,0.5095375355210198,l40s
resnet152,gemm,462,layer4.2.conv1,2048,512,1,1,0,1.442548793554306,0.02902354319089909,0.5851187751483874,l40s
resnet152,gemm,462,layer4.2.conv2,512,512,3,1,1,1.8696960031986236,0.027710677282673873,0.7583758970092888,l40s
resnet152,gemm,462,layer4.2.conv3,512,2048,1,1,0,1.2497695982456207,0.02529920207056301,0.5069247292089193,l40s
resnet152,gemm,465,conv1,3,64,7,2,3,2.277248001098633,0.03416342908499137,0.9099920798556014,l40s
resnet152,gemm,465,layer1.0.conv1,64,64,1,1,0,1.4009951949119568,0.07365147040524707,0.5598400045452128,l40s
resnet152,gemm,465,layer1.0.conv2,64,64,3,1,1,1.6200383961200715,0.05105303555437767,0.6473700312043372,l40s
resnet152,gemm,465,layer1.0.conv3,64,256,1,1,0,2.791332793235779,0.039736184056037634,1.1154212158097552,l40s
resnet152,gemm,465,layer1.0.downsample.0,64,256,1,1,0,3.214299201965332,0.06975906680748294,1.2844392945623424,l40s
resnet152,gemm,465,layer1.1.conv1,256,64,1,1,0,2.556022381782532,0.08194398861427618,1.0213907849446442,l40s
resnet152,gemm,465,layer1.1.conv2,64,64,3,1,1,1.6283775925636292,0.027294341276446095,0.6507023879403346,l40s
resnet152,gemm,465,layer1.1.conv3,64,256,1,1,0,3.0682511925697327,0.05774445758556399,1.226078267671747,l40s
resnet152,gemm,465,layer1.2.conv1,256,64,1,1,0,2.484182393550873,0.07394125114650946,0.9926834064438438,l40s
resnet152,gemm,465,layer1.2.conv2,64,64,3,1,1,1.607233601808548,0.02872854847013935,0.6422532141505755,l40s
resnet152,gemm,465,layer1.2.conv3,64,256,1,1,0,2.468670380115509,0.03431704152600448,0.9864847801361317,l40s
resnet152,gemm,465,layer2.0.conv1,256,128,1,1,0,2.804960012435913,0.06494757251768266,1.1208666752136478,l40s
resnet152,gemm,465,layer2.0.conv2,128,128,3,2,1,1.8222432076930999,0.03593204092502267,0.7281714094254967,l40s
resnet152,gemm,465,layer2.0.conv3,128,512,1,1,0,1.7898320019245149,0.03639237231931021,0.7152198378207557,l40s
resnet152,gemm,465,layer2.0.downsample.0,256,512,1,2,0,2.879691183567047,0.0964990886613518,1.1507293751983914,l40s
resnet152,gemm,465,layer2.1.conv1,512,128,1,1,0,1.4965535938739776,0.07015536510118348,0.5980252993296056,l40s
resnet152,gemm,465,layer2.1.conv2,128,128,3,1,1,1.4128224015235902,0.028912358094369248,0.5645661759319962,l40s
resnet152,gemm,465,layer2.1.conv3,128,512,1,1,0,1.5555679976940155,0.030749603393245496,0.6216075530181483,l40s
resnet152,gemm,465,layer2.2.conv1,512,128,1,1,0,1.4907215893268586,0.03591799156121778,0.5956948206355855,l40s
resnet152,gemm,465,layer2.2.conv2,128,128,3,1,1,1.3979711949825286,0.025409370683954068,0.5586316091557181,l40s
resnet152,gemm,465,layer2.2.conv3,128,512,1,1,0,1.552859216928482,0.03188848177138596,0.6205251197295862,l40s
resnet152,gemm,465,layer2.3.conv1,512,128,1,1,0,1.4803472101688384,0.0332997251311433,0.5915492015099291,l40s
resnet152,gemm,465,layer2.3.conv2,128,128,3,1,1,1.391209602355957,0.0332551929089245,0.5559296655226919,l40s
resnet152,gemm,465,layer2.3.conv3,128,512,1,1,0,1.5473360061645507,0.021942379540090685,0.6183180355437066,l40s
resnet152,gemm,465,layer2.4.conv1,512,128,1,1,0,1.4776160001754761,0.023540219917738945,0.59045780546471,l40s
resnet152,gemm,465,layer2.4.conv2,128,128,3,1,1,1.3830767929553986,0.022652905413904748,0.5526797813915332,l40s
resnet152,gemm,465,layer2.4.conv3,128,512,1,1,0,1.551769608259201,0.03236207392204858,0.6200897102973638,l40s
resnet152,gemm,465,layer2.5.conv1,512,128,1,1,0,1.4870544016361236,0.027577461625090498,0.5942294063494371,l40s
resnet152,gemm,465,layer2.5.conv2,128,128,3,1,1,1.3968064129352569,0.031380675016043705,0.5581661603169162,l40s
resnet152,gemm,465,layer2.5.conv3,128,512,1,1,0,1.5452655792236327,0.025516098855970372,0.6174906895026754,l40s
resnet152,gemm,465,layer2.6.conv1,512,128,1,1,0,1.4808688044548035,0.034851034043511815,0.5917576314520773,l40s
resnet152,gemm,465,layer2.6.conv2,128,128,3,1,1,1.4009279906749725,0.042695538373453495,0.5598131496206025,l40s
resnet152,gemm,465,layer2.6.conv3,128,512,1,1,0,1.5414335966110229,0.02280438712142406,0.6159594228923032,l40s
resnet152,gemm,465,layer2.7.conv1,512,128,1,1,0,1.479663997888565,0.04406647447532898,0.591276188749084,l40s
resnet152,gemm,465,layer2.7.conv2,128,128,3,1,1,1.4030432045459746,0.03259427656705522,0.5606583925932097,l40s
resnet152,gemm,465,layer2.7.conv3,128,512,1,1,0,1.562281608581543,0.0388442285446502,0.6242903230686369,l40s
resnet152,gemm,465,layer3.0.conv1,512,256,1,1,0,1.8499263942241668,0.04512854748544869,0.739233656697767,l40s
resnet152,gemm,465,layer3.0.conv2,256,256,3,2,1,1.6315840005874633,0.03994389520331399,0.6519836739070219,l40s
resnet152,gemm,465,layer3.0.conv3,256,1024,1,1,0,1.1859264016151427,0.030208083800841237,0.47389815788214235,l40s
resnet152,gemm,465,layer3.0.downsample.0,512,1024,1,2,0,2.188051187992096,0.04350509661158894,0.8743488853347806,l40s
resnet152,gemm,465,layer3.1.conv1,1024,256,1,1,0,1.160124796628952,0.023639809814758463,0.4635877937172956,l40s
resnet152,gemm,465,layer3.1.conv2,256,256,3,1,1,1.304691207408905,0.027506890837732736,0.5213567713426758,l40s
resnet152,gemm,465,layer3.1.conv3,256,1024,1,1,0,1.2454639971256256,0.02914829396731089,0.497689479838314,l40s
resnet152,gemm,465,layer3.2.conv1,1024,256,1,1,0,1.1507248044013978,0.026096084953890104,0.4598315412258446,l40s
resnet152,gemm,465,layer3.2.conv2,256,256,3,1,1,1.3033008098602294,0.027670381004364773,0.5208011661751512,l40s
resnet152,gemm,465,layer3.2.conv3,256,1024,1,1,0,1.2216511964797974,0.04642771028409391,0.4881738451878807,l40s
resnet152,gemm,465,layer3.3.conv1,1024,256,1,1,0,1.1508207857608794,0.03404381166975538,0.45986989553635443,l40s
resnet152,gemm,465,layer3.3.conv2,256,256,3,1,1,1.2840671956539154,0.044493888869904914,0.5131153820241495,l40s
resnet152,gemm,465,layer3.3.conv3,256,1024,1,1,0,1.2277455985546113,0.03191437921306067,0.49060917836936146,l40s
resnet152,gemm,465,layer3.4.conv1,1024,256,1,1,0,1.158374398946762,0.02221933777115802,0.4628883318990738,l40s
resnet152,gemm,465,layer3.4.conv2,256,256,3,1,1,1.2791279911994935,0.02483036028632846,0.5111416677285863,l40s
resnet152,gemm,465,layer3.4.conv3,256,1024,1,1,0,1.2149423956871033,0.03455954108071691,0.485492997259269,l40s
resnet152,gemm,465,layer3.5.conv1,1024,256,1,1,0,1.1586288034915924,0.024044273494216443,0.4629899923773191,l40s
resnet152,gemm,465,layer3.5.conv2,256,256,3,1,1,1.2779295980930327,0.022923601888859117,0.5106627878547619,l40s
resnet152,gemm,465,layer3.5.conv3,256,1024,1,1,0,1.2169663965702058,0.02688695506214686,0.4863017913705627,l40s
resnet152,gemm,465,layer3.6.conv1,1024,256,1,1,0,1.1580543994903565,0.03610204311245928,0.46276045958532197,l40s
resnet152,gemm,465,layer3.6.conv2,256,256,3,1,1,1.2840976059436797,0.024829559213551542,0.5131275340263989,l40s
resnet152,gemm,465,layer3.6.conv3,256,1024,1,1,0,1.2203456044197083,0.030906190704175468,0.48765212843431227,l40s
resnet152,gemm,465,layer3.7.conv1,1024,256,1,1,0,1.160286408662796,0.029241618340201926,0.463652374154181,l40s
resnet152,gemm,465,layer3.7.conv2,256,256,3,1,1,1.2850480020046233,0.025580335087902206,0.5135073138693355,l40s
resnet152,gemm,465,layer3.7.conv3,256,1024,1,1,0,1.2274560153484344,0.038982339746009176,0.4904934604396704,l40s
resnet152,gemm,465,layer3.8.conv1,1024,256,1,1,0,1.1542271852493287,0.025836017029655097,0.46123109842414595,l40s
resnet152,gemm,465,layer3.8.conv2,256,256,3,1,1,1.2780511975288391,0.03445946505243434,0.5107113791910789,l40s
resnet152,gemm,465,layer3.8.conv3,256,1024,1,1,0,1.227675187587738,0.03466156681786935,0.49058104203016667,l40s
resnet152,gemm,465,layer3.9.conv1,1024,256,1,1,0,1.1509552001953125,0.01674773616041292,0.4599236077673865,l40s
resnet152,gemm,465,layer3.9.conv2,256,256,3,1,1,1.2789551973342896,0.02979066986327139,0.5110726190133354,l40s
resnet152,gemm,465,layer3.9.conv3,256,1024,1,1,0,1.2186223983764648,0.03916863828780755,0.48696353244013235,l40s
resnet152,gemm,465,layer3.10.conv1,1024,256,1,1,0,1.1606015980243682,0.03301948302535892,0.46377832434605604,l40s
resnet152,gemm,465,layer3.10.conv2,256,256,3,1,1,1.2776608049869538,0.019449390079752483,0.5105553776835668,l40s
resnet152,gemm,465,layer3.10.conv3,256,1024,1,1,0,1.2218144059181213,0.03254983844438014,0.48823906395024685,l40s
resnet152,gemm,465,layer3.11.conv1,1024,256,1,1,0,1.1602239966392518,0.03007865486440664,0.46362743420601304,l40s
resnet152,gemm,465,layer3.11.conv2,256,256,3,1,1,1.2928448021411896,0.03377435055684404,0.5166229281410657,l40s
resnet152,gemm,465,layer3.11.conv3,256,1024,1,1,0,1.226204788684845,0.030545603465617372,0.4899934681887512,l40s
resnet152,gemm,465,layer3.12.conv1,1024,256,1,1,0,1.1684623956680298,0.04268338375020544,0.46691951212781213,l40s
resnet152,gemm,465,layer3.12.conv2,256,256,3,1,1,1.2800432026386261,0.027764823579885297,0.5115073877382655,l40s
resnet152,gemm,465,layer3.12.conv3,256,1024,1,1,0,1.233276790380478,0.02475728282004926,0.49281945180083336,l40s
resnet152,gemm,465,layer3.13.conv1,1024,256,1,1,0,1.1600399971008302,0.03358883846841134,0.463553907685151,l40s
resnet152,gemm,465,layer3.13.conv2,256,256,3,1,1,1.2720431983470917,0.025262129307405675,0.5083105727490351,l40s
resnet152,gemm,465,layer3.13.conv3,256,1024,1,1,0,1.2135551989078521,0.03808242619780412,0.4849386711245174,l40s
resnet152,gemm,465,layer3.14.conv1,1024,256,1,1,0,1.163046407699585,0.0373961056743574,0.4647552743489228,l40s
resnet152,gemm,465,layer3.14.conv2,256,256,3,1,1,1.292336004972458,0.028440487912376945,0.5164196119481982,l40s
resnet152,gemm,465,layer3.14.conv3,256,1024,1,1,0,1.2296144127845765,0.04155644751331181,0.4913559596365618,l40s
resnet152,gemm,465,layer3.15.conv1,1024,256,1,1,0,1.1580271959304809,0.03327141023495657,0.46274958899765706,l40s
resnet152,gemm,465,layer3.15.conv2,256,256,3,1,1,1.2916848003864287,0.02843507666321583,0.5161593895150831,l40s
resnet152,gemm,465,layer3.15.conv3,256,1024,1,1,0,1.2196879982948303,0.0325672957512996,0.48738934793565125,l40s
resnet152,gemm,465,layer3.16.conv1,1024,256,1,1,0,1.1647104024887085,0.032503468156019254,0.46542020942770773,l40s
resnet152,gemm,465,layer3.16.conv2,256,256,3,1,1,1.2900496006011963,0.03311247492870091,0.5155059609676323,l40s
resnet152,gemm,465,layer3.16.conv3,256,1024,1,1,0,1.2223168015480042,0.030269129228437715,0.4884398220775685,l40s
resnet152,gemm,465,layer3.17.conv1,1024,256,1,1,0,1.163092803955078,0.026469515898068993,0.4647738143696027,l40s
resnet152,gemm,465,layer3.17.conv2,256,256,3,1,1,1.29342240691185,0.03624807021917214,0.516853739965836,l40s
resnet152,gemm,465,layer3.17.conv3,256,1024,1,1,0,1.2293839931488038,0.02768568698597754,0.49126388356777384,l40s
resnet152,gemm,465,layer3.18.conv1,1024,256,1,1,0,1.1556272029876709,0.02872963766461997,0.461790547835424,l40s
resnet152,gemm,465,layer3.18.conv2,256,256,3,1,1,1.2833023905754088,0.02376737958488251,0.5128097646457443,l40s
resnet152,gemm,465,layer3.18.conv3,256,1024,1,1,0,1.227835202217102,0.04048486989611737,0.49064498414157126,l40s
resnet152,gemm,465,layer3.19.conv1,1024,256,1,1,0,1.1610688090324401,0.02709802667745146,0.46396502264012046,l40s
resnet152,gemm,465,layer3.19.conv2,256,256,3,1,1,1.286360001564026,0.027469449158682244,0.5140315910702614,l40s
resnet152,gemm,465,layer3.19.conv3,256,1024,1,1,0,1.2310112059116363,0.024186938526726518,0.49191412048782085,l40s
resnet152,gemm,465,layer3.20.conv1,1024,256,1,1,0,1.1565167963504792,0.029812441582756324,0.4621460308192962,l40s
resnet152,gemm,465,layer3.20.conv2,256,256,3,1,1,1.2800240099430085,0.02470312956688809,0.5114997183052504,l40s
resnet152,gemm,465,layer3.20.conv3,256,1024,1,1,0,1.225239986181259,0.046567044873044715,0.4896079315074304,l40s
resnet152,gemm,465,layer3.21.conv1,1024,256,1,1,0,1.1525375902652741,0.025132788704688065,0.46055593346498835,l40s
resnet152,gemm,465,layer3.21.conv2,256,256,3,1,1,1.2720144033432006,0.025106929589527482,0.5082990662177009,l40s
resnet152,gemm,465,layer3.21.conv3,256,1024,1,1,0,1.2274479925632478,0.03114964307459617,0.4904902545213977,l40s
resnet152,gemm,465,layer3.22.conv1,1024,256,1,1,0,1.1500624120235443,0.030879019285132547,0.4595668481325528,l40s
resnet152,gemm,465,layer3.22.conv2,256,256,3,1,1,1.2753392040729523,0.02850264118765665,0.5096276621061209,l40s
resnet152,gemm,465,layer3.22.conv3,256,1024,1,1,0,1.2283456087112428,0.03751471007052044,0.49084894342354274,l40s
resnet152,gemm,465,layer3.23.conv1,1024,256,1,1,0,1.1562047958374024,0.025494766944702388,0.4620213548965712,l40s
resnet152,gemm,465,layer3.23.conv2,256,256,3,1,1,1.2790655970573426,0.03565294112254929,0.5111167349258527,l40s
resnet152,gemm,465,layer3.23.conv3,256,1024,1,1,0,1.2277072072029114,0.02937766001802449,0.49059383712151977,l40s
resnet152,gemm,465,layer3.24.conv1,1024,256,1,1,0,1.1594975948333741,0.023555670471130434,0.46333716283907245,l40s
resnet152,gemm,465,layer3.24.conv2,256,256,3,1,1,1.2906000018119812,0.02909770301740968,0.5157259022047376,l40s
resnet152,gemm,465,layer3.24.conv3,256,1024,1,1,0,1.2132528007030488,0.021653180783173704,0.48481783230011133,l40s
resnet152,gemm,465,layer3.25.conv1,1024,256,1,1,0,1.1596720099449158,0.022656724901082233,0.46340685940704995,l40s
resnet152,gemm,465,layer3.25.conv2,256,256,3,1,1,1.2859471917152405,0.030490055874263813,0.5138666315697151,l40s
resnet152,gemm,465,layer3.25.conv3,256,1024,1,1,0,1.2278320074081421,0.03229872165676339,0.4906437074906098,l40s
resnet152,gemm,465,layer3.26.conv1,1024,256,1,1,0,1.1622751951217651,0.029055477105514985,0.4644470965231601,l40s
resnet152,gemm,465,layer3.26.conv2,256,256,3,1,1,1.2830352008342742,0.03019698078805838,0.5127029951818415,l40s
resnet152,gemm,465,layer3.26.conv3,256,1024,1,1,0,1.2275072038173676,0.027866471035426176,0.4905139154367927,l40s
resnet152,gemm,465,layer3.27.conv1,1024,256,1,1,0,1.1519519925117492,0.028675105905868335,0.4603219276310029,l40s
resnet152,gemm,465,layer3.27.conv2,256,256,3,1,1,1.2839599907398225,0.02856709753432453,0.513072542762594,l40s
resnet152,gemm,465,layer3.27.conv3,256,1024,1,1,0,1.2394256055355073,0.03466664343597003,0.4952765285394553,l40s
resnet152,gemm,465,layer3.28.conv1,1024,256,1,1,0,1.1595935881137849,0.025045641126434467,0.4633755219132054,l40s
resnet152,gemm,465,layer3.28.conv2,256,256,3,1,1,1.2947968006134034,0.041197196959169034,0.5174029499694954,l40s
resnet152,gemm,465,layer3.28.conv3,256,1024,1,1,0,1.230467188358307,0.025079742113074417,0.49169673017082705,l40s
resnet152,gemm,465,layer3.29.conv1,1024,256,1,1,0,1.1649552047252656,0.028846352782037666,0.46551803280763404,l40s
resnet152,gemm,465,layer3.29.conv2,256,256,3,1,1,1.2801600098609924,0.030761762890673915,0.5115540640981403,l40s
resnet152,gemm,465,layer3.29.conv3,256,1024,1,1,0,1.2412800014019012,0.029765344410290856,0.4960175482046482,l40s
resnet152,gemm,465,layer3.30.conv1,1024,256,1,1,0,1.1504479885101317,0.026018571363767777,0.45972092513637663,l40s
resnet152,gemm,465,layer3.30.conv2,256,256,3,1,1,1.2765616118907928,0.02908951396782954,0.5101161382984599,l40s
resnet152,gemm,465,layer3.30.conv3,256,1024,1,1,0,1.2245680093765259,0.02983267866912681,0.4893394084612541,l40s
resnet152,gemm,465,layer3.31.conv1,1024,256,1,1,0,1.154547208547592,0.02802586578687859,0.4613589802651437,l40s
resnet152,gemm,465,layer3.31.conv2,256,256,3,1,1,1.2814016044139862,0.03453906791723251,0.5120502073416829,l40s
resnet152,gemm,465,layer3.31.conv3,256,1024,1,1,0,1.236572802066803,0.03392010139669203,0.4941365435397306,l40s
resnet152,gemm,465,layer3.32.conv1,1024,256,1,1,0,1.166832011938095,0.03106857787462466,0.46626800808404956,l40s
resnet152,gemm,465,layer3.32.conv2,256,256,3,1,1,1.2833248019218444,0.032267357975304375,0.512818720256967,l40s
resnet152,gemm,465,layer3.32.conv3,256,1024,1,1,0,1.2323439955711364,0.025036987674500025,0.49244670544724256,l40s
resnet152,gemm,465,layer3.33.conv1,1024,256,1,1,0,1.1689664006233216,0.03614686607947278,0.4671209133442375,l40s
resnet152,gemm,465,layer3.33.conv2,256,256,3,1,1,1.288647997379303,0.028867226115819482,0.5149458779944964,l40s
resnet152,gemm,465,layer3.33.conv3,256,1024,1,1,0,1.2273295938968658,0.023858675491798383,0.4904429422178537,l40s
resnet152,gemm,465,layer3.34.conv1,1024,256,1,1,0,1.1659247934818269,0.027349052306471663,0.4659054820835856,l40s
resnet152,gemm,465,layer3.34.conv2,256,256,3,1,1,1.2898879945278168,0.030774419320956117,0.5154413829125584,l40s
resnet152,gemm,465,layer3.34.conv3,256,1024,1,1,0,1.2298352122306824,0.039178979976647474,0.4914441914615961,l40s
resnet152,gemm,465,layer3.35.conv1,1024,256,1,1,0,1.162505602836609,0.028314586744259244,0.46453916782832505,l40s
resnet152,gemm,465,layer3.35.conv2,256,256,3,1,1,1.2816559970378876,0.017709002957285867,0.5121518630563052,l40s
resnet152,gemm,465,layer3.35.conv3,256,1024,1,1,0,1.238787204027176,0.020873549595377117,0.49502142223743234,l40s
resnet152,gemm,465,layer4.0.conv1,1024,512,1,1,0,1.4643599927425384,0.02735401928639044,0.5851606828989373,l40s
resnet152,gemm,465,layer4.0.conv2,512,512,3,2,1,2.232924783229828,0.036843902050870334,0.8922804484501206,l40s
resnet152,gemm,465,layer4.0.conv3,512,2048,1,1,0,1.2669871926307679,0.02694486563033227,0.5062901844754084,l40s
resnet152,gemm,465,layer4.0.downsample.0,1024,2048,1,2,0,2.029952013492584,0.027560181300205815,0.8111721928722748,l40s
resnet152,gemm,465,layer4.1.conv1,2048,512,1,1,0,1.4410399973392487,0.031595536501025416,0.5758419740411297,l40s
resnet152,gemm,465,layer4.1.conv2,512,512,3,1,1,1.8852240085601806,0.01897783383713667,0.7533386419554438,l40s
resnet152,gemm,465,layer4.1.conv3,512,2048,1,1,0,1.2645280003547668,0.02956106067289985,0.5053074871614034,l40s
resnet152,gemm,465,layer4.2.conv1,2048,512,1,1,0,1.4384287893772125,0.030570877470363966,0.5747985310067467,l40s
resnet152,gemm,465,layer4.2.conv2,512,512,3,1,1,1.8690224051475526,0.025065717923303015,0.7468644543485866,l40s
resnet152,gemm,465,layer4.2.conv3,512,2048,1,1,0,1.2671119928359986,0.039350482124312275,0.5063400548444985,l40s
resnet152,gemm,468,conv1,3,64,7,2,3,2.3710959792137145,0.031365721912329794,0.9437240826581561,l40s
resnet152,gemm,468,layer1.0.conv1,64,64,1,1,0,1.4356159925460816,0.05972564855945537,0.5713920471765156,l40s
resnet152,gemm,468,layer1.0.conv2,64,64,3,1,1,1.7445744037628175,0.024206305697815338,0.6943611280408525,l40s
resnet152,gemm,468,layer1.0.conv3,64,256,1,1,0,2.486177587509155,0.053742221924476245,0.9895279160632698,l40s
resnet152,gemm,468,layer1.0.downsample.0,64,256,1,1,0,2.513169598579407,0.04846537255409163,1.0002710538821022,l40s
resnet152,gemm,468,layer1.1.conv1,256,64,1,1,0,2.564999985694885,0.06669465255329828,1.0209001574541103,l40s
resnet152,gemm,468,layer1.1.conv2,64,64,3,1,1,1.7513408005237578,0.03252226229999095,0.6970542335212292,l40s
resnet152,gemm,468,layer1.1.conv3,64,256,1,1,0,2.4585424065589905,0.051921960635035694,0.9785287890688684,l40s
resnet152,gemm,468,layer1.2.conv1,256,64,1,1,0,2.4846240162849424,0.07757334764979179,0.9889095764467941,l40s
resnet152,gemm,468,layer1.2.conv2,64,64,3,1,1,1.7435615956783295,0.033286815888855514,0.6939580185130977,l40s
resnet152,gemm,468,layer1.2.conv3,64,256,1,1,0,2.4409535765647887,0.05676941522668126,0.9715282278951225,l40s
resnet152,gemm,468,layer2.0.conv1,256,128,1,1,0,2.8466800332069395,0.05450806506709759,1.1330121287837447,l40s
resnet152,gemm,468,layer2.0.conv2,128,128,3,2,1,1.8105119943618775,0.02674041452137947,0.7206050644931518,l40s
resnet152,gemm,468,layer2.0.conv3,128,512,1,1,0,1.7612399935722352,0.019351739973374395,0.7009942287642004,l40s
resnet152,gemm,468,layer2.0.downsample.0,256,512,1,2,0,3.1576064109802244,0.057013309271037045,1.256764483479914,l40s
resnet152,gemm,468,layer2.1.conv1,512,128,1,1,0,1.4732080101966858,0.03473006690491348,0.5863541122652304,l40s
resnet152,gemm,468,layer2.1.conv2,128,128,3,1,1,1.4143584072589874,0.02714021514321494,0.5629312782534275,l40s
resnet152,gemm,468,layer2.1.conv3,128,512,1,1,0,1.784670388698578,0.019123706676872982,0.7103198015544924,l40s
resnet152,gemm,468,layer2.2.conv1,512,128,1,1,0,1.4712815940380097,0.022751505456319047,0.5855873759803638,l40s
resnet152,gemm,468,layer2.2.conv2,128,128,3,1,1,1.3853280067443847,0.028581018381258975,0.5513768374652789,l40s
resnet152,gemm,468,layer2.2.conv3,128,512,1,1,0,1.6798111915588378,0.029211118305166994,0.6685846079999118,l40s
resnet152,gemm,468,layer2.3.conv1,512,128,1,1,0,1.4801472008228302,0.03096702050808196,0.5891159917359298,l40s
resnet152,gemm,468,layer2.3.conv2,128,128,3,1,1,1.4011344015598297,0.02629618483593051,0.5576679684773119,l40s
resnet152,gemm,468,layer2.3.conv3,128,512,1,1,0,1.7090448021888733,0.04547390849671543,0.6802199288036546,l40s
resnet152,gemm,468,layer2.4.conv1,512,128,1,1,0,1.4682864010334016,0.017886321203505397,0.5843952539425223,l40s
resnet152,gemm,468,layer2.4.conv2,128,128,3,1,1,1.4015327930450439,0.034795979974663716,0.5578265329733165,l40s
resnet152,gemm,468,layer2.4.conv3,128,512,1,1,0,1.7025520026683807,0.03865683794537811,0.677635718242346,l40s
resnet152,gemm,468,layer2.5.conv1,512,128,1,1,0,1.4782640039920807,0.025941262514130786,0.5883664572518161,l40s
resnet152,gemm,468,layer2.5.conv2,128,128,3,1,1,1.3796928107738495,0.026367749594294932,0.5491339632018524,l40s
resnet152,gemm,468,layer2.5.conv3,128,512,1,1,0,1.7011984050273896,0.04546502802110455,0.6770969704635842,l40s
resnet152,gemm,468,layer2.6.conv1,512,128,1,1,0,1.4731055855751038,0.02768737370735388,0.5863133460613772,l40s
resnet152,gemm,468,layer2.6.conv2,128,128,3,1,1,1.381388783454895,0.025166935240574076,0.5498089802727192,l40s
resnet152,gemm,468,layer2.6.conv3,128,512,1,1,0,1.7120511949062347,0.04665142198027764,0.6814165084588749,l40s
resnet152,gemm,468,layer2.7.conv1,512,128,1,1,0,1.490307205915451,0.04665575263075095,0.5931597932394924,l40s
resnet152,gemm,468,layer2.7.conv2,128,128,3,1,1,1.4032272100448608,0.03573629870925592,0.5585009308647604,l40s
resnet152,gemm,468,layer2.7.conv3,128,512,1,1,0,1.7144847869873048,0.057969305649492625,0.6823851067249955,l40s
resnet152,gemm,468,layer3.0.conv1,512,256,1,1,0,1.8610096096992492,0.03542215141765433,0.7407037092247281,l40s
resnet152,gemm,468,layer3.0.conv2,256,256,3,2,1,1.6472672045230865,0.04722797349796636,0.6556317184582839,l40s
resnet152,gemm,468,layer3.0.conv3,256,1024,1,1,0,1.2721136093139649,0.03045200007525744,0.5063161759419316,l40s
resnet152,gemm,468,layer3.0.downsample.0,512,1024,1,2,0,1.9999264121055602,0.03361062066855596,0.7959942301762141,l40s
resnet152,gemm,468,layer3.1.conv1,1024,256,1,1,0,1.1630544006824493,0.026018372844489917,0.4629093284235397,l40s
resnet152,gemm,468,layer3.1.conv2,256,256,3,1,1,1.2826336026191711,0.023476529317701757,0.5105032569873889,l40s
resnet152,gemm,468,layer3.1.conv3,256,1024,1,1,0,1.0889056086540223,0.03380544930201943,0.4333972372426325,l40s
resnet152,gemm,468,layer3.2.conv1,1024,256,1,1,0,1.1687824010849,0.026104205751936845,0.46518913994220334,l40s
resnet152,gemm,468,layer3.2.conv2,256,256,3,1,1,1.2794895827770234,0.033714571321791675,0.5092519001180756,l40s
resnet152,gemm,468,layer3.2.conv3,256,1024,1,1,0,1.0771983921527863,0.03479508434990429,0.42873762740399024,l40s
resnet152,gemm,468,layer3.3.conv1,1024,256,1,1,0,1.1665183901786804,0.023849148617905453,0.4642880369778651,l40s
resnet152,gemm,468,layer3.3.conv2,256,256,3,1,1,1.2880272090435028,0.03218075318758579,0.5126499757704511,l40s
resnet152,gemm,468,layer3.3.conv3,256,1024,1,1,0,1.07364319562912,0.02913854516177998,0.4273226173801956,l40s
resnet152,gemm,468,layer3.4.conv1,1024,256,1,1,0,1.1643392026424408,0.025990770003161606,0.46342069471226016,l40s
resnet152,gemm,468,layer3.4.conv2,256,256,3,1,1,1.2700703978538512,0.025551781987457025,0.5055029537536371,l40s
resnet152,gemm,468,layer3.4.conv3,256,1024,1,1,0,1.0768096089363097,0.028343494904268535,0.42858288711193177,l40s
resnet152,gemm,468,layer3.5.conv1,1024,256,1,1,0,1.1801695942878723,0.029211035817979514,0.46972137674481895,l40s
resnet152,gemm,468,layer3.5.conv2,256,256,3,1,1,1.2750592052936554,0.025390233401395068,0.507488557780619,l40s
resnet152,gemm,468,layer3.5.conv3,256,1024,1,1,0,1.0816224098205567,0.02825938557213685,0.4304984384600507,l40s
resnet152,gemm,468,layer3.6.conv1,1024,256,1,1,0,1.1598399937152863,0.030113969548241633,0.4616299566507523,l40s
resnet152,gemm,468,layer3.6.conv2,256,256,3,1,1,1.2721951961517335,0.027351384334582673,0.5063486484627848,l40s
resnet152,gemm,468,layer3.6.conv3,256,1024,1,1,0,1.0758863925933837,0.033815399615922614,0.42821543615087376,l40s
resnet152,gemm,468,layer3.7.conv1,1024,256,1,1,0,1.1586831986904145,0.023210308967692175,0.46116953862750854,l40s
resnet152,gemm,468,layer3.7.conv2,256,256,3,1,1,1.291449600458145,0.02591906195273139,0.5140121277991309,l40s
resnet152,gemm,468,layer3.7.conv3,256,1024,1,1,0,1.0767487943172456,0.032507939876531465,0.42855868217839405,l40s
resnet152,gemm,468,layer3.8.conv1,1024,256,1,1,0,1.1614191830158234,0.02590134299162604,0.4622584925628613,l40s
resnet152,gemm,468,layer3.8.conv2,256,256,3,1,1,1.2750224053859711,0.029118980105702266,0.5074739109846117,l40s
resnet152,gemm,468,layer3.8.conv3,256,1024,1,1,0,1.0752015948295592,0.02647569263594684,0.4279428785879842,l40s
resnet152,gemm,468,layer3.9.conv1,1024,256,1,1,0,1.17529439330101,0.0547141894730005,0.46778098942206436,l40s
resnet152,gemm,468,layer3.9.conv2,256,256,3,1,1,1.283017599582672,0.03649664857761449,0.510656092294479,l40s
resnet152,gemm,468,layer3.9.conv3,256,1024,1,1,0,1.0824768006801606,0.02896495170599054,0.43083849606939245,l40s
resnet152,gemm,468,layer3.10.conv1,1024,256,1,1,0,1.1568336009979248,0.0276713399925056,0.4604333769955319,l40s
resnet152,gemm,468,layer3.10.conv2,256,256,3,1,1,1.2759168028831482,0.029533490513341146,0.5078298917061661,l40s
resnet152,gemm,468,layer3.10.conv3,256,1024,1,1,0,1.0789167940616609,0.031318867998103496,0.42942157157128985,l40s
resnet152,gemm,468,layer3.11.conv1,1024,256,1,1,0,1.1656208097934724,0.02913444247812006,0.46393078942944516,l40s
resnet152,gemm,468,layer3.11.conv2,256,256,3,1,1,1.2584944069385529,0.018326542684352125,0.5008955732413468,l40s
resnet152,gemm,468,layer3.11.conv3,256,1024,1,1,0,1.0865967929363252,0.03682053555533404,0.43247830143644345,l40s
resnet152,gemm,468,layer3.12.conv1,1024,256,1,1,0,1.1554783940315247,0.027432939124644916,0.4598939886863324,l40s
resnet152,gemm,468,layer3.12.conv2,256,256,3,1,1,1.2682784020900726,0.03383913766369248,0.5047897183666579,l40s
resnet152,gemm,468,layer3.12.conv3,256,1024,1,1,0,1.0771888017654419,0.03139299106469747,0.4287338103170489,l40s
resnet152,gemm,468,layer3.13.conv1,1024,256,1,1,0,1.1791696012020112,0.023079612439284986,0.4693233677372157,l40s
resnet152,gemm,468,layer3.13.conv2,256,256,3,1,1,1.2819487869739532,0.02216647160781867,0.5102306923074945,l40s
resnet152,gemm,468,layer3.13.conv3,256,1024,1,1,0,1.064662379026413,0.02581708838197101,0.4237481467622996,l40s
resnet152,gemm,468,layer3.14.conv1,1024,256,1,1,0,1.1685648024082185,0.025793988443210118,0.46510253311002986,l40s
resnet152,gemm,468,layer3.14.conv2,256,256,3,1,1,1.2778223931789399,0.0305570916650841,0.5085883390527026,l40s
resnet152,gemm,468,layer3.14.conv3,256,1024,1,1,0,1.0709711968898774,0.029051469982136466,0.42625913046057645,l40s
resnet152,gemm,468,layer3.15.conv1,1024,256,1,1,0,1.1607503950595857,0.02982677361638742,0.4619923070916587,l40s
resnet152,gemm,468,layer3.15.conv2,256,256,3,1,1,1.2832800030708313,0.029450304582917114,0.5107605319685034,l40s
resnet152,gemm,468,layer3.15.conv3,256,1024,1,1,0,1.0757615923881532,0.028973929012280353,0.42816576420160246,l40s
resnet152,gemm,468,layer3.16.conv1,1024,256,1,1,0,1.1490624010562898,0.022868212165253244,0.4573403480332439,l40s
resnet152,gemm,468,layer3.16.conv2,256,256,3,1,1,1.2864128172397613,0.04416123726476333,0.5120074288481025,l40s
resnet152,gemm,468,layer3.16.conv3,256,1024,1,1,0,1.081371194124222,0.02904157894262482,0.4303984516587356,l40s
resnet152,gemm,468,layer3.17.conv1,1024,256,1,1,0,1.161950409412384,0.03304808607246788,0.4624699269156554,l40s
resnet152,gemm,468,layer3.17.conv2,256,256,3,1,1,1.2691551983356475,0.03038523067203326,0.5051386935830925,l40s
resnet152,gemm,468,layer3.17.conv3,256,1024,1,1,0,1.0734048008918762,0.03715577676006236,0.4272277334713669,l40s
resnet152,gemm,468,layer3.18.conv1,1024,256,1,1,0,1.1592880070209504,0.03366652534172499,0.46141025945531255,l40s
resnet152,gemm,468,layer3.18.conv2,256,256,3,1,1,1.2704447984695435,0.031190034634081574,0.5056519696014511,l40s
resnet152,gemm,468,layer3.18.conv3,256,1024,1,1,0,1.0606832027435302,0.022690843138712703,0.42216438780854193,l40s
resnet152,gemm,468,layer3.19.conv1,1024,256,1,1,0,1.1649968147277832,0.02981741067772824,0.46368243205542353,l40s
resnet152,gemm,468,layer3.19.conv2,256,256,3,1,1,1.268316811323166,0.03053232923572459,0.5048050056931028,l40s
resnet152,gemm,468,layer3.19.conv3,256,1024,1,1,0,1.0801424026489257,0.027793689170730437,0.4299093782015799,l40s
resnet152,gemm,468,layer3.20.conv1,1024,256,1,1,0,1.1742256045341493,0.025891481284907324,0.46735559892441964,l40s
resnet152,gemm,468,layer3.20.conv2,256,256,3,1,1,1.275519996881485,0.028321545003988795,0.5076719582512592,l40s
resnet152,gemm,468,layer3.20.conv3,256,1024,1,1,0,1.076283198595047,0.0325224605222748,0.42837336960578054,l40s
resnet152,gemm,468,layer3.21.conv1,1024,256,1,1,0,1.1643664121627808,0.029212868483601672,0.4634315244213262,l40s
resnet152,gemm,468,layer3.21.conv2,256,256,3,1,1,1.2700255870819093,0.027693797321155848,0.5054851185394514,l40s
resnet152,gemm,468,layer3.21.conv3,256,1024,1,1,0,1.067107194662094,0.025317400487776996,0.424721212135139,l40s
resnet152,gemm,468,layer3.22.conv1,1024,256,1,1,0,1.1647216141223908,0.03438856024265122,0.46357289897825266,l40s
resnet152,gemm,468,layer3.22.conv2,256,256,3,1,1,1.2659888029098512,0.02423783126987237,0.5038784309683613,l40s
resnet152,gemm,468,layer3.22.conv3,256,1024,1,1,0,1.0653280079364777,0.02375355166577916,0.4240130748959765,l40s
resnet152,gemm,468,layer3.23.conv1,1024,256,1,1,0,1.1571951746940612,0.02834476505618018,0.4605772875785243,l40s
resnet152,gemm,468,layer3.23.conv2,256,256,3,1,1,1.2701663970947266,0.02753984416749051,0.5055411625804096,l40s
resnet152,gemm,468,layer3.23.conv3,256,1024,1,1,0,1.0807920038700103,0.02971968023640256,0.4301679271265647,l40s
resnet152,gemm,468,layer3.24.conv1,1024,256,1,1,0,1.1713663935661316,0.030390523349125547,0.46621759933622353,l40s
resnet152,gemm,468,layer3.24.conv2,256,256,3,1,1,1.2818688035011292,0.023831193067917006,0.5101988579447438,l40s
resnet152,gemm,468,layer3.24.conv3,256,1024,1,1,0,1.0680591881275177,0.024788287032989634,0.42510011672935594,l40s
resnet152,gemm,468,layer3.25.conv1,1024,256,1,1,0,1.1685727953910827,0.031109559211350554,0.4651057144112035,l40s
resnet152,gemm,468,layer3.25.conv2,256,256,3,1,1,1.2724543869495393,0.023346897393678876,0.5064518094482687,l40s
resnet152,gemm,468,layer3.25.conv3,256,1024,1,1,0,1.0698768019676208,0.02909059610381567,0.42582354841196834,l40s
resnet152,gemm,468,layer3.26.conv1,1024,256,1,1,0,1.1684848010540008,0.038980742113251546,0.46507069163027437,l40s
resnet152,gemm,468,layer3.26.conv2,256,256,3,1,1,1.2716000080108643,0.027241153068625294,0.5061117565835969,l40s
resnet152,gemm,468,layer3.26.conv3,256,1024,1,1,0,1.0768703877925874,0.030245498025879416,0.4286070778114599,l40s
resnet152,gemm,468,layer3.27.conv1,1024,256,1,1,0,1.1677392184734345,0.03007273988249204,0.4647739409955219,l40s
resnet152,gemm,468,layer3.27.conv2,256,256,3,1,1,1.27325439453125,0.025223070361915262,0.5067702218734882,l40s
resnet152,gemm,468,layer3.27.conv3,256,1024,1,1,0,1.0818336009979248,0.02779260909101303,0.43058249503214835,l40s
resnet152,gemm,468,layer3.28.conv1,1024,256,1,1,0,1.1604223906993867,0.032897333081703194,0.4618617574991285,l40s
resnet152,gemm,468,layer3.28.conv2,256,256,3,1,1,1.2731600046157836,0.03135043587194491,0.5067326535771532,l40s
resnet152,gemm,468,layer3.28.conv3,256,1024,1,1,0,1.07115039229393,0.03034627188894175,0.4263304523386399,l40s
resnet152,gemm,468,layer3.29.conv1,1024,256,1,1,0,1.1553392112255096,0.02730858337492161,0.45983859229281654,l40s
resnet152,gemm,468,layer3.29.conv2,256,256,3,1,1,1.2734880089759826,0.03388149711861578,0.5068632031696836,l40s
resnet152,gemm,468,layer3.29.conv3,256,1024,1,1,0,1.0669167935848236,0.02425171949594355,0.4246454302673616,l40s
resnet152,gemm,468,layer3.30.conv1,1024,256,1,1,0,1.1690751969814301,0.03917087750555498,0.4653056761521591,l40s
resnet152,gemm,468,layer3.30.conv2,256,256,3,1,1,1.2708959996700286,0.020284188896638154,0.5058315529851499,l40s
resnet152,gemm,468,layer3.30.conv3,256,1024,1,1,0,1.068008005619049,0.021616124902521808,0.4250797454891041,l40s
resnet152,gemm,468,layer3.31.conv1,1024,256,1,1,0,1.164652806520462,0.02165106079065776,0.4635455127435411,l40s
resnet152,gemm,468,layer3.31.conv2,256,256,3,1,1,1.2643584132194519,0.024958840756515298,0.5032295166989955,l40s
resnet152,gemm,468,layer3.31.conv3,256,1024,1,1,0,1.0701888024806976,0.02179533969244591,0.42594772828514665,l40s
resnet152,gemm,468,layer3.32.conv1,1024,256,1,1,0,1.161265593767166,0.026999265309187115,0.462197362235761,l40s
resnet152,gemm,468,layer3.32.conv2,256,256,3,1,1,1.2632128119468689,0.02633481937553159,0.5027735539207958,l40s
resnet152,gemm,468,layer3.32.conv3,256,1024,1,1,0,1.0728719890117646,0.0349034385801118,0.427015668077475,l40s
resnet152,gemm,468,layer3.33.conv1,1024,256,1,1,0,1.1755695998668672,0.038255871807772075,0.4678905248715703,l40s
resnet152,gemm,468,layer3.33.conv2,256,256,3,1,1,1.2638688027858733,0.016169071368035536,0.5030346459888516,l40s
resnet152,gemm,468,layer3.33.conv3,256,1024,1,1,0,1.0883360087871552,0.023835477145738478,0.43317052979740306,l40s
resnet152,gemm,468,layer3.34.conv1,1024,256,1,1,0,1.1529183983802795,0.017765820447024384,0.4588750803128377,l40s
resnet152,gemm,468,layer3.34.conv2,256,256,3,1,1,1.2789615869522095,0.033596290957987246,0.5090417515708265,l40s
resnet152,gemm,468,layer3.34.conv3,256,1024,1,1,0,1.063481616973877,0.03049779741908803,0.423278189580205,l40s
resnet152,gemm,468,layer3.35.conv1,1024,256,1,1,0,1.1626607954502106,0.02708744189053255,0.4627526689125034,l40s
resnet152,gemm,468,layer3.35.conv2,256,256,3,1,1,1.284169602394104,0.026162093102161634,0.5111146029604196,l40s
resnet152,gemm,468,layer3.35.conv3,256,1024,1,1,0,1.067969596385956,0.022312524867852717,0.4250644581626592,l40s
resnet152,gemm,468,layer4.0.conv1,1024,512,1,1,0,1.5409872174263,0.03578676281591337,0.6133310337930027,l40s
resnet152,gemm,468,layer4.0.conv2,512,512,3,2,1,2.2298112154006957,0.04077095522655714,0.8874910852207303,l40s
resnet152,gemm,468,layer4.0.conv3,512,2048,1,1,0,1.2893375873565673,0.033184831269124485,0.51317152174846,l40s
resnet152,gemm,468,layer4.0.downsample.0,1024,2048,1,2,0,2.1104432106018067,0.03746512660328648,0.839981215601314,l40s
resnet152,gemm,468,layer4.1.conv1,2048,512,1,1,0,1.4399215936660767,0.032107780300630336,0.5731057270540407,l40s
resnet152,gemm,468,layer4.1.conv2,512,512,3,1,1,1.8808063983917236,0.027056392677650008,0.7485830639249027,l40s
resnet152,gemm,468,layer4.1.conv3,512,2048,1,1,0,1.3344176054000854,0.028806553460305945,0.5311138990487834,l40s
resnet152,gemm,468,layer4.2.conv1,2048,512,1,1,0,1.443395185470581,0.03913277440062361,0.5744882574399772,l40s
resnet152,gemm,468,layer4.2.conv2,512,512,3,1,1,1.8705999851226807,0.023231608739725965,0.7445207914213866,l40s
resnet152,gemm,468,layer4.2.conv3,512,2048,1,1,0,1.3149423897266388,0.022416515413165156,0.5233625341917235,l40s
resnet152,gemm,471,conv1,3,64,7,2,3,2.3477936148643495,0.03039049656596232,0.9307721284983094,l40s
resnet152,gemm,471,layer1.0.conv1,64,64,1,1,0,1.4600895941257477,0.06887315085614817,0.5788458962996097,l40s
resnet152,gemm,471,layer1.0.conv2,64,64,3,1,1,1.6327439844608307,0.051045763483185284,0.6472939461491908,l40s
resnet152,gemm,471,layer1.0.conv3,64,256,1,1,0,2.556761610507965,0.05497824598143969,1.013616542445858,l40s
resnet152,gemm,471,layer1.0.downsample.0,64,256,1,1,0,2.56768319606781,0.0529072501750952,1.0179463554983144,l40s
resnet152,gemm,471,layer1.1.conv1,256,64,1,1,0,2.586119997501373,0.0605725539500422,1.0252555417932134,l40s
resnet152,gemm,471,layer1.1.conv2,64,64,3,1,1,1.6207776010036468,0.042786637853605106,0.6425499277097703,l40s
resnet152,gemm,471,layer1.1.conv3,64,256,1,1,0,2.5155263900756837,0.06584346806320444,0.9972690263576226,l40s
resnet152,gemm,471,layer1.2.conv1,256,64,1,1,0,2.4784255743026735,0.057750860259312316,0.9825605762419748,l40s
resnet152,gemm,471,layer1.2.conv2,64,64,3,1,1,1.6112111985683442,0.048455774790214276,0.6387573708596264,l40s
resnet152,gemm,471,layer1.2.conv3,64,256,1,1,0,2.5433296084403993,0.03600365765470525,1.008291486156724,l40s
resnet152,gemm,471,layer2.0.conv1,256,128,1,1,0,2.8711519956588747,0.08929936432458747,1.1382551844941382,l40s
resnet152,gemm,471,layer2.0.conv2,128,128,3,2,1,1.8326095998287202,0.03376834162092529,0.7265297627268517,l40s
resnet152,gemm,471,layer2.0.conv3,128,512,1,1,0,1.5786239981651307,0.03895794411332873,0.6258383230825701,l40s
resnet152,gemm,471,layer2.0.downsample.0,256,512,1,2,0,2.876532828807831,0.06590878364575832,1.1403883913873845,l40s
resnet152,gemm,471,layer2.1.conv1,512,128,1,1,0,1.491208004951477,0.029827988061252208,0.5911826491114289,l40s
resnet152,gemm,471,layer2.1.conv2,128,128,3,1,1,1.4468479931354523,0.049416726120414214,0.5735963236538579,l40s
resnet152,gemm,471,layer2.1.conv3,128,512,1,1,0,1.5652927994728087,0.0365293663092866,0.6205532298342851,l40s
resnet152,gemm,471,layer2.2.conv1,512,128,1,1,0,1.4804192066192627,0.028976068823182613,0.5869054789530143,l40s
resnet152,gemm,471,layer2.2.conv2,128,128,3,1,1,1.4288255989551544,0.04212031920495264,0.5664514272346721,l40s
resnet152,gemm,471,layer2.2.conv3,128,512,1,1,0,1.5649056017398835,0.030728307238140812,0.620399727049482,l40s
resnet152,gemm,471,layer2.3.conv1,512,128,1,1,0,1.4858704030513763,0.03984669360935416,0.5890665810506848,l40s
resnet152,gemm,471,layer2.3.conv2,128,128,3,1,1,1.4173776030540466,0.04325869889667385,0.5619129211903366,l40s
resnet152,gemm,471,layer2.3.conv3,128,512,1,1,0,1.5558176159858703,0.02376161365528813,0.6167968363224307,l40s
resnet152,gemm,471,layer2.4.conv1,512,128,1,1,0,1.4763567984104156,0.03358840552685852,0.585294955646605,l40s
resnet152,gemm,471,layer2.4.conv2,128,128,3,1,1,1.40760640501976,0.04365989444898316,0.5580391740539741,l40s
resnet152,gemm,471,layer2.4.conv3,128,512,1,1,0,1.5686399936676025,0.03771449059646136,0.6218802097891929,l40s
resnet152,gemm,471,layer2.5.conv1,512,128,1,1,0,1.4763920068740846,0.025014454694565303,0.5853089138823132,l40s
resnet152,gemm,471,layer2.5.conv2,128,128,3,1,1,1.507067197561264,0.39479018539741456,0.5974699540807495,l40s
resnet152,gemm,471,layer2.5.conv3,128,512,1,1,0,1.5630512058734893,0.032479159580793726,0.6196645602202027,l40s
resnet152,gemm,471,layer2.6.conv1,512,128,1,1,0,1.4882527947425843,0.030484583330368898,0.5900110694296049,l40s
resnet152,gemm,471,layer2.6.conv2,128,128,3,1,1,1.4143568098545074,0.04239540303116495,0.56071534142937,l40s
resnet152,gemm,471,layer2.6.conv3,128,512,1,1,0,1.5580704033374786,0.03119048655972186,0.6176899436488307,l40s
resnet152,gemm,471,layer2.7.conv1,512,128,1,1,0,1.4797904014587402,0.03291022305982177,0.5866561919995253,l40s
resnet152,gemm,471,layer2.7.conv2,128,128,3,1,1,1.409273588657379,0.04305042897393337,0.5587001214443919,l40s
resnet152,gemm,471,layer2.7.conv3,128,512,1,1,0,1.5599216103553772,0.022387693427996746,0.6184238462735893,l40s
resnet152,gemm,471,layer3.0.conv1,512,256,1,1,0,1.8713552057743073,0.04765532481053485,0.7418902824452829,l40s
resnet152,gemm,471,layer3.0.conv2,256,256,3,2,1,1.6424799978733062,0.04638188495065099,0.6511537445018417,l40s
resnet152,gemm,471,layer3.0.conv3,256,1024,1,1,0,1.2717584073543549,0.05861832163621404,0.5041828516162933,l40s
resnet152,gemm,471,layer3.0.downsample.0,512,1024,1,2,0,2.2038959741592405,0.11101463555425692,0.8737245615925116,l40s
resnet152,gemm,471,layer3.1.conv1,1024,256,1,1,0,1.1842576026916505,0.056353220417149685,0.4694935545308994,l40s
resnet152,gemm,471,layer3.1.conv2,256,256,3,1,1,1.2771999895572663,0.023556167419204764,0.5063401421964088,l40s
resnet152,gemm,471,layer3.1.conv3,256,1024,1,1,0,1.2702400028705596,0.04482151237164772,0.5035808870465135,l40s
resnet152,gemm,471,layer3.2.conv1,1024,256,1,1,0,1.1891375958919526,0.06543844499327157,0.47142820569842325,l40s
resnet152,gemm,471,layer3.2.conv2,256,256,3,1,1,1.2721248030662538,0.03070527158702812,0.504328107534223,l40s
resnet152,gemm,471,layer3.2.conv3,256,1024,1,1,0,1.2376432180404664,0.05988683653190534,0.4906580395668979,l40s
resnet152,gemm,471,layer3.3.conv1,1024,256,1,1,0,1.186508798599243,0.06722319505401213,0.4703860309365386,l40s
resnet152,gemm,471,layer3.3.conv2,256,256,3,1,1,1.273088002204895,0.0204797415563254,0.5047099634634515,l40s
resnet152,gemm,471,layer3.3.conv3,256,1024,1,1,0,1.250443196296692,0.054014175727404086,0.4957325328830268,l40s
resnet152,gemm,471,layer3.4.conv1,1024,256,1,1,0,1.182913601398468,0.059096672513499815,0.46896073131490634,l40s
resnet152,gemm,471,layer3.4.conv2,256,256,3,1,1,1.2660271942615509,0.025247067379546014,0.5019107381837099,l40s
resnet152,gemm,471,layer3.4.conv3,256,1024,1,1,0,1.2335808157920838,0.054311654309324525,0.48904751862348783,l40s
resnet152,gemm,471,layer3.5.conv1,1024,256,1,1,0,1.1833439826965333,0.05682196864138681,0.4691313540282189,l40s
resnet152,gemm,471,layer3.5.conv2,256,256,3,1,1,1.2779328107833863,0.02745673500464647,0.5066306658472638,l40s
resnet152,gemm,471,layer3.5.conv3,256,1024,1,1,0,1.2378559947013854,0.045017829155153385,0.49074239390891694,l40s
resnet152,gemm,471,layer3.6.conv1,1024,256,1,1,0,1.1784799993038177,0.06641956243621133,0.4672030498762887,l40s
resnet152,gemm,471,layer3.6.conv2,256,256,3,1,1,1.2704656004905701,0.02545138017208937,0.5036703241996056,l40s
resnet152,gemm,471,layer3.6.conv3,256,1024,1,1,0,1.242275208234787,0.05426625230767365,0.49249437106769733,l40s
resnet152,gemm,471,layer3.7.conv1,1024,256,1,1,0,1.1722719967365265,0.06408192010399238,0.4647419154193681,l40s
resnet152,gemm,471,layer3.7.conv2,256,256,3,1,1,1.2720447957515717,0.024509351912668235,0.5042963889972483,l40s
resnet152,gemm,471,layer3.7.conv3,256,1024,1,1,0,1.2433744013309478,0.04807358092996299,0.4929301411844856,l40s
resnet152,gemm,471,layer3.8.conv1,1024,256,1,1,0,1.1740608036518096,0.061964609491259565,0.46545107980650563,l40s
resnet152,gemm,471,layer3.8.conv2,256,256,3,1,1,1.2713519990444184,0.028059168370849513,0.5040217328853775,l40s
resnet152,gemm,471,layer3.8.conv3,256,1024,1,1,0,1.2351391971111298,0.05180948845211732,0.48966533182825894,l40s
resnet152,gemm,471,layer3.9.conv1,1024,256,1,1,0,1.173185610771179,0.058325970616861254,0.46510411355904946,l40s
resnet152,gemm,471,layer3.9.conv2,256,256,3,1,1,1.2788496017456055,0.0381148533718093,0.5069941234654677,l40s
resnet152,gemm,471,layer3.9.conv3,256,1024,1,1,0,1.2419615983963013,0.05029978645084815,0.4923700418698337,l40s
resnet152,gemm,471,layer3.10.conv1,1024,256,1,1,0,1.1698783874511718,0.05132199195289223,0.463792979876134,l40s
resnet152,gemm,471,layer3.10.conv2,256,256,3,1,1,1.2802223980426788,0.029477983174967477,0.5075383623301326,l40s
resnet152,gemm,471,layer3.10.conv3,256,1024,1,1,0,1.2384672045707703,0.057177172785727474,0.49098470528905047,l40s
resnet152,gemm,471,layer3.11.conv1,1024,256,1,1,0,1.1752112090587616,0.04679702493587051,0.46590715281159667,l40s
resnet152,gemm,471,layer3.11.conv2,256,256,3,1,1,1.2713792145252227,0.028775551670526207,0.504032522339287,l40s
resnet152,gemm,471,layer3.11.conv3,256,1024,1,1,0,1.239254403114319,0.057512838331709296,0.4912967865807324,l40s
resnet152,gemm,471,layer3.12.conv1,1024,256,1,1,0,1.179670399427414,0.05334287201950102,0.4676749786053684,l40s
resnet152,gemm,471,layer3.12.conv2,256,256,3,1,1,1.2658128023147583,0.02568663966895483,0.5018257434689336,l40s
resnet152,gemm,471,layer3.12.conv3,256,1024,1,1,0,1.241323208808899,0.054853859099659404,0.4921169552137854,l40s
resnet152,gemm,471,layer3.13.conv1,1024,256,1,1,0,1.1764271974563598,0.046975284943370964,0.4663892258958303,l40s
resnet152,gemm,471,layer3.13.conv2,256,256,3,1,1,1.2678768157958984,0.027894032448960493,0.5026440122507069,l40s
resnet152,gemm,471,layer3.13.conv3,256,1024,1,1,0,1.2443776071071624,0.049402660759380046,0.49332785756370107,l40s
resnet152,gemm,471,layer3.14.conv1,1024,256,1,1,0,1.177665603160858,0.05516630848694216,0.4668801862196946,l40s
resnet152,gemm,471,layer3.14.conv2,256,256,3,1,1,1.2778335809707642,0.03526313562850749,0.5065913266381783,l40s
resnet152,gemm,471,layer3.14.conv3,256,1024,1,1,0,1.239051204919815,0.05293316538918822,0.4912162295782736,l40s
resnet152,gemm,471,layer3.15.conv1,1024,256,1,1,0,1.1758319973945617,0.04932601000759347,0.46615326153129044,l40s
resnet152,gemm,471,layer3.15.conv2,256,256,3,1,1,1.2766495943069458,0.03730226347740037,0.5061219404961347,l40s
resnet152,gemm,471,layer3.15.conv3,256,1024,1,1,0,1.2428368031978607,0.054738662064885285,0.49271701284328806,l40s
resnet152,gemm,471,layer3.16.conv1,1024,256,1,1,0,1.1755248010158539,0.05441790662992019,0.46603147492046293,l40s
resnet152,gemm,471,layer3.16.conv2,256,256,3,1,1,1.2778384029865264,0.032970374917709044,0.5065932383044535,l40s
resnet152,gemm,471,layer3.16.conv3,256,1024,1,1,0,1.2337808012962341,0.054002997212438994,0.4891268019694295,l40s
resnet152,gemm,471,layer3.17.conv1,1024,256,1,1,0,1.1772047996520996,0.05792598995268201,0.46669750275895455,l40s
resnet152,gemm,471,layer3.17.conv2,256,256,3,1,1,1.2613952100276946,0.024739117283505713,0.5000744090459096,l40s
resnet152,gemm,471,layer3.17.conv3,256,1024,1,1,0,1.2458959996700287,0.05102608220597873,0.49392981740748265,l40s
resnet152,gemm,471,layer3.18.conv1,1024,256,1,1,0,1.189491206407547,0.059067202360958755,0.47156839298327463,l40s
resnet152,gemm,471,layer3.18.conv2,256,256,3,1,1,1.2656816005706788,0.024319513031074488,0.5017737291326536,l40s
resnet152,gemm,471,layer3.18.conv3,256,1024,1,1,0,1.243884801864624,0.0657779695675625,0.49313248716077107,l40s
resnet152,gemm,471,layer3.19.conv1,1024,256,1,1,0,1.1629792034626008,0.061733579447582655,0.46105782968009995,l40s
resnet152,gemm,471,layer3.19.conv2,256,256,3,1,1,1.271203202009201,0.029922728125197837,0.5039627429757421,l40s
resnet152,gemm,471,layer3.19.conv3,256,1024,1,1,0,1.2331616163253785,0.04842917672357124,0.4888813288964947,l40s
resnet152,gemm,471,layer3.20.conv1,1024,256,1,1,0,1.174291205406189,0.053669720519887235,0.4655424215368756,l40s
resnet152,gemm,471,layer3.20.conv2,256,256,3,1,1,1.2751696109771729,0.0333076665309127,0.5055352078185802,l40s
resnet152,gemm,471,layer3.20.conv3,256,1024,1,1,0,1.2293344020843506,0.04561077681408692,0.4873640471717353,l40s
resnet152,gemm,471,layer3.21.conv1,1024,256,1,1,0,1.182295995950699,0.04814992900480294,0.4687158844367341,l40s
resnet152,gemm,471,layer3.21.conv2,256,256,3,1,1,1.2739184021949768,0.025795785741131484,0.5050391717726402,l40s
resnet152,gemm,471,layer3.21.conv3,256,1024,1,1,0,1.2340255975723267,0.05090843411494554,0.489223850342636,l40s
resnet152,gemm,471,layer3.22.conv1,1024,256,1,1,0,1.185118407011032,0.05715441228879546,0.46983481649851816,l40s
resnet152,gemm,471,layer3.22.conv2,256,256,3,1,1,1.2742528080940247,0.03094922339996,0.5051717454743782,l40s
resnet152,gemm,471,layer3.22.conv3,256,1024,1,1,0,1.2433728098869323,0.04974395968980465,0.4929295102637248,l40s
resnet152,gemm,471,layer3.23.conv1,1024,256,1,1,0,1.182307195663452,0.04897438233298238,0.4687203245120507,l40s
resnet152,gemm,471,layer3.23.conv2,256,256,3,1,1,1.2773376107215881,0.026958752373014937,0.5063947014827239,l40s
resnet152,gemm,471,layer3.23.conv3,256,1024,1,1,0,1.2262400090694427,0.055185067274156674,0.4861372890978309,l40s
resnet152,gemm,471,layer3.24.conv1,1024,256,1,1,0,1.1755312025547027,0.05165685235943839,0.46603401278150064,l40s
resnet152,gemm,471,layer3.24.conv2,256,256,3,1,1,1.2795519948005676,0.02886492443296679,0.5072725840058961,l40s
resnet152,gemm,471,layer3.24.conv3,256,1024,1,1,0,1.234100776910782,0.055200782437385465,0.4892536548503363,l40s
resnet152,gemm,471,layer3.25.conv1,1024,256,1,1,0,1.1705776035785675,0.06094925640254263,0.46407018093804,l40s
resnet152,gemm,471,layer3.25.conv2,256,256,3,1,1,1.2711088001728057,0.027366626702034647,0.503925317795931,l40s
resnet152,gemm,471,layer3.25.conv3,256,1024,1,1,0,1.2229599952697754,0.04926264024648826,0.48483694250582565,l40s
resnet152,gemm,471,layer3.26.conv1,1024,256,1,1,0,1.1710319936275482,0.05283808844226686,0.4642503218117439,l40s
resnet152,gemm,471,layer3.26.conv2,256,256,3,1,1,1.2625760078430175,0.022776742974984165,0.5005425309834325,l40s
resnet152,gemm,471,layer3.26.conv3,256,1024,1,1,0,1.2264080047607422,0.04919178985510654,0.4862038902275806,l40s
resnet152,gemm,471,layer3.27.conv1,1024,256,1,1,0,1.1728112041950225,0.05108055760918011,0.46495568177032376,l40s
resnet152,gemm,471,layer3.27.conv2,256,256,3,1,1,1.2567759931087494,0.02858142789383671,0.49824314145219034,l40s
resnet152,gemm,471,layer3.27.conv3,256,1024,1,1,0,1.2318463981151582,0.06392028224084137,0.4883599166031755,l40s
resnet152,gemm,471,layer3.28.conv1,1024,256,1,1,0,1.1729952037334441,0.05396096105131162,0.46502862755266816,l40s
resnet152,gemm,471,layer3.28.conv2,256,256,3,1,1,1.2727856040000916,0.039679217402381395,0.5045900790669028,l40s
resnet152,gemm,471,layer3.28.conv3,256,1024,1,1,0,1.2371008038520812,0.07106437020629336,0.4904430019224242,l40s
resnet152,gemm,471,layer3.29.conv1,1024,256,1,1,0,1.1823888003826142,0.06799540877975262,0.4687526763327854,l40s
resnet152,gemm,471,layer3.29.conv2,256,256,3,1,1,1.2798816084861755,0.028341663007777834,0.5074032578563542,l40s
resnet152,gemm,471,layer3.29.conv3,256,1024,1,1,0,1.2323743999004364,0.06258565434542925,0.4885692405158154,l40s
resnet152,gemm,471,layer3.30.conv1,1024,256,1,1,0,1.1767168164253234,0.049139047996195485,0.4665040440222997,l40s
resnet152,gemm,471,layer3.30.conv2,256,256,3,1,1,1.2755984008312224,0.031534007353412,0.5057051996111318,l40s
resnet152,gemm,471,layer3.30.conv3,256,1024,1,1,0,1.2346016108989715,0.06671790864094376,0.48945220821305957,l40s
resnet152,gemm,471,layer3.31.conv1,1024,256,1,1,0,1.1721743941307068,0.06157191606962361,0.4647032213090381,l40s
resnet152,gemm,471,layer3.31.conv2,256,256,3,1,1,1.270361602306366,0.02513716238813782,0.5036290945912368,l40s
resnet152,gemm,471,layer3.31.conv3,256,1024,1,1,0,1.2237119853496552,0.057675616861268306,0.48513506556179964,l40s
resnet152,gemm,471,layer3.32.conv1,1024,256,1,1,0,1.1752399981021882,0.061844946820762414,0.46591856609726956,l40s
resnet152,gemm,471,layer3.32.conv2,256,256,3,1,1,1.2739824056625366,0.02079339557188396,0.5050645456570203,l40s
resnet152,gemm,471,layer3.32.conv3,256,1024,1,1,0,1.2296783924102783,0.05779311589031173,0.4875004205760326,l40s
resnet152,gemm,471,layer3.33.conv1,1024,256,1,1,0,1.1788608014583588,0.05572061224752172,0.46735401716305314,l40s
resnet152,gemm,471,layer3.33.conv2,256,256,3,1,1,1.269291204214096,0.0282624880517041,0.5032047401231204,l40s
resnet152,gemm,471,layer3.33.conv3,256,1024,1,1,0,1.2249456107616425,0.05965771438051623,0.4856241307603824,l40s
resnet152,gemm,471,layer3.34.conv1,1024,256,1,1,0,1.1868144035339356,0.06969040388085387,0.47050718662660534,l40s
resnet152,gemm,471,layer3.34.conv2,256,256,3,1,1,1.2802784025669098,0.028426331027329596,0.507560565069715,l40s
resnet152,gemm,471,layer3.34.conv3,256,1024,1,1,0,1.2261023938655853,0.05657386793130031,0.48608273217451475,l40s
resnet152,gemm,471,layer3.35.conv1,1024,256,1,1,0,1.1801999926567077,0.06081174925942619,0.467884933438769,l40s
resnet152,gemm,471,layer3.35.conv2,256,256,3,1,1,1.2776879966259003,0.028681258204996913,0.5065336103850601,l40s
resnet152,gemm,471,layer3.35.conv3,256,1024,1,1,0,1.224012804031372,0.06433489583052643,0.48525432376358574,l40s
resnet152,gemm,471,layer4.0.conv1,1024,512,1,1,0,1.487617599964142,0.026512255060761995,0.5897592493410765,l40s
resnet152,gemm,471,layer4.0.conv2,512,512,3,2,1,2.2657440066337586,0.06032226152017766,0.8982439335105862,l40s
resnet152,gemm,471,layer4.0.conv3,512,2048,1,1,0,1.2718751966953277,0.03859604308157185,0.5042291522207395,l40s
resnet152,gemm,471,layer4.0.downsample.0,1024,2048,1,2,0,2.06629758477211,0.0474953228284197,0.8191743042969194,l40s
resnet152,gemm,471,layer4.1.conv1,2048,512,1,1,0,1.44244641661644,0.03076383810778955,0.5718513386094267,l40s
resnet152,gemm,471,layer4.1.conv2,512,512,3,1,1,1.8829088091850281,0.030982681684702387,0.7464706561077452,l40s
resnet152,gemm,471,layer4.1.conv3,512,2048,1,1,0,1.2636255979537965,0.03372679972300297,0.5009586362216764,l40s
resnet152,gemm,471,layer4.2.conv1,2048,512,1,1,0,1.471374374628067,0.029270392602339605,0.5833196963394768,l40s
resnet152,gemm,471,layer4.2.conv2,512,512,3,1,1,1.8794640004634857,0.03638293529404922,0.7451049773165093,l40s
resnet152,gemm,471,layer4.2.conv3,512,2048,1,1,0,1.2534399926662445,0.031160853026838693,0.4969205992096002,l40s
resnet152,gemm,474,conv1,3,64,7,2,3,2.444695997238159,0.3148109359889578,0.9529229866201552,l40s
resnet152,gemm,474,layer1.0.conv1,64,64,1,1,0,1.4558256030082704,0.05324402736828414,0.567469199926694,l40s
resnet152,gemm,474,layer1.0.conv2,64,64,3,1,1,1.79656320810318,0.05939743048044652,0.7002859986892637,l40s
resnet152,gemm,474,layer1.0.conv3,64,256,1,1,0,2.876843202114105,0.10869156936293801,1.1213705177631537,l40s
resnet152,gemm,474,layer1.0.downsample.0,64,256,1,1,0,3.0067776441574097,0.20223056947935442,1.1720179261593753,l40s
resnet152,gemm,474,layer1.1.conv1,256,64,1,1,0,2.584334397315979,0.061873825551747724,1.0073529204030645,l40s
resnet152,gemm,474,layer1.1.conv2,64,64,3,1,1,1.7665760040283203,0.04482478874920702,0.6885972258931017,l40s
resnet152,gemm,474,layer1.1.conv3,64,256,1,1,0,2.688871991634369,0.08279541901352634,1.0481008402689724,l40s
resnet152,gemm,474,layer1.2.conv1,256,64,1,1,0,2.5499135732650755,0.06488073974159123,0.9939359579285607,l40s
resnet152,gemm,474,layer1.2.conv2,64,64,3,1,1,1.7519264101982117,0.0643679050267137,0.6828869311484258,l40s
resnet152,gemm,474,layer1.2.conv3,64,256,1,1,0,2.553003180027008,0.04621953656289986,0.9951402619837023,l40s
resnet152,gemm,474,layer2.0.conv1,256,128,1,1,0,2.875097596645355,0.08482792194105611,1.1206900946845293,l40s
resnet152,gemm,474,layer2.0.conv2,128,128,3,2,1,1.8524559915065766,0.04240108817305107,0.7220725595342313,l40s
resnet152,gemm,474,layer2.0.conv3,128,512,1,1,0,1.9432047963142396,0.024139054452407455,0.7574457193083803,l40s
resnet152,gemm,474,layer2.0.downsample.0,256,512,1,2,0,2.9213071703910827,0.10510551534380867,1.1387022176944943,l40s
resnet152,gemm,474,layer2.1.conv1,512,128,1,1,0,1.7534416019916534,0.050743637434266534,0.6834775408155337,l40s
resnet152,gemm,474,layer2.1.conv2,128,128,3,1,1,1.3534335911273956,0.02482746866371505,0.5275576109692943,l40s
resnet152,gemm,474,layer2.1.conv3,128,512,1,1,0,1.7262464106082915,0.06904176950497029,0.6728770722811979,l40s
resnet152,gemm,474,layer2.2.conv1,512,128,1,1,0,1.7173087894916534,0.03204773005695532,0.6693932589083418,l40s
resnet152,gemm,474,layer2.2.conv2,128,128,3,1,1,1.339801585674286,0.03080225793547248,0.5222439640517738,l40s
resnet152,gemm,474,layer2.2.conv3,128,512,1,1,0,1.7048400044441223,0.04171953571524739,0.6645330260203093,l40s
resnet152,gemm,474,layer2.3.conv1,512,128,1,1,0,1.7087952077388764,0.03155611665247825,0.6660747326949162,l40s
resnet152,gemm,474,layer2.3.conv2,128,128,3,1,1,1.3437840044498444,0.022786379196931977,0.5237962791035693,l40s
resnet152,gemm,474,layer2.3.conv3,128,512,1,1,0,1.7095327913761138,0.04416927561864591,0.6663622369094577,l40s
resnet152,gemm,474,layer2.4.conv1,512,128,1,1,0,1.7238880038261413,0.042964501970387536,0.6719577841418747,l40s
resnet152,gemm,474,layer2.4.conv2,128,128,3,1,1,1.3362240135669707,0.03562794137384508,0.5208494549998494,l40s
resnet152,gemm,474,layer2.4.conv3,128,512,1,1,0,1.7165856063365936,0.043883187739364914,0.6691113678868112,l40s
resnet152,gemm,474,layer2.5.conv1,512,128,1,1,0,1.718289589881897,0.027766340432822893,0.6697755670718947,l40s
resnet152,gemm,474,layer2.5.conv2,128,128,3,1,1,1.3383504033088685,0.03626077500508126,0.5216783047487985,l40s
resnet152,gemm,474,layer2.5.conv3,128,512,1,1,0,1.7111039996147155,0.05084546246983393,0.6669746813397762,l40s
resnet152,gemm,474,layer2.6.conv1,512,128,1,1,0,1.7244223952293396,0.06181670623998042,0.6721660856454298,l40s
resnet152,gemm,474,layer2.6.conv2,128,128,3,1,1,1.3400272130966187,0.03276240782377351,0.5223319118200834,l40s
resnet152,gemm,474,layer2.6.conv3,128,512,1,1,0,1.7093247830867768,0.050551171758469175,0.6662811569385572,l40s
resnet152,gemm,474,layer2.7.conv1,512,128,1,1,0,1.709201592206955,0.032048021360129415,0.666233138116889,l40s
resnet152,gemm,474,layer2.7.conv2,128,128,3,1,1,1.349014401435852,0.04496217241354718,0.525835046100671,l40s
resnet152,gemm,474,layer2.7.conv3,128,512,1,1,0,1.7128495872020721,0.05077497720214365,0.6676550974483763,l40s
resnet152,gemm,474,layer3.0.conv1,512,256,1,1,0,1.9135535955429077,0.043129847100786656,0.7458879179180183,l40s
resnet152,gemm,474,layer3.0.conv2,256,256,3,2,1,1.6510527968406676,0.05742287648135137,0.6435672018158493,l40s
resnet152,gemm,474,layer3.0.conv3,256,1024,1,1,0,1.1985616028308868,0.03284267018282243,0.46718974609037384,l40s
resnet152,gemm,474,layer3.0.downsample.0,512,1024,1,2,0,2.187499225139618,0.031618851471292654,0.852669737752366,l40s
resnet152,gemm,474,layer3.1.conv1,1024,256,1,1,0,1.1788064062595367,0.029897685668239915,0.4594893281491221,l40s
resnet152,gemm,474,layer3.1.conv2,256,256,3,1,1,1.2917328119277953,0.024734131705792205,0.5035071397212957,l40s
resnet152,gemm,474,layer3.1.conv3,256,1024,1,1,0,1.2461056053638457,0.027935577692161737,0.48572201879044236,l40s
resnet152,gemm,474,layer3.2.conv1,1024,256,1,1,0,1.168224000930786,0.03958022012861411,0.45536439101874243,l40s
resnet152,gemm,474,layer3.2.conv2,256,256,3,1,1,1.2840511977672577,0.026567104461851666,0.5005129078347164,l40s
resnet152,gemm,474,layer3.2.conv3,256,1024,1,1,0,1.2238640129566192,0.04010932740592987,0.4770524235983095,l40s
resnet152,gemm,474,layer3.3.conv1,1024,256,1,1,0,1.174592000246048,0.04961481725335656,0.4578465863236596,l40s
resnet152,gemm,474,layer3.3.conv2,256,256,3,1,1,1.2698320150375366,0.028527062180874915,0.49497038390151116,l40s
resnet152,gemm,474,layer3.3.conv3,256,1024,1,1,0,1.2313200056552887,0.04387512046530616,0.4799587100399206,l40s
resnet152,gemm,474,layer3.4.conv1,1024,256,1,1,0,1.1560736060142518,0.03045804031706968,0.45062826406244255,l40s
resnet152,gemm,474,layer3.4.conv2,256,256,3,1,1,1.2729439973831176,0.023112399253516967,0.49618340978056125,l40s
resnet152,gemm,474,layer3.4.conv3,256,1024,1,1,0,1.2210864067077636,0.02824602193096303,0.47596973485283584,l40s
resnet152,gemm,474,layer3.5.conv1,1024,256,1,1,0,1.1598848044872283,0.03406901283696295,0.45211383880693995,l40s
resnet152,gemm,474,layer3.5.conv2,256,256,3,1,1,1.2774896025657654,0.03250773068091922,0.4979552503985925,l40s
resnet152,gemm,474,layer3.5.conv3,256,1024,1,1,0,1.2281967997550964,0.038666781602894496,0.4787413093088672,l40s
resnet152,gemm,474,layer3.6.conv1,1024,256,1,1,0,1.1637152016162873,0.03726062088719205,0.45360689703433826,l40s
resnet152,gemm,474,layer3.6.conv2,256,256,3,1,1,1.2657327950000763,0.027661426263357426,0.4933725406501118,l40s
resnet152,gemm,474,layer3.6.conv3,256,1024,1,1,0,1.2106287956237793,0.029536043128681362,0.47189344152298196,l40s
resnet152,gemm,474,layer3.7.conv1,1024,256,1,1,0,1.1669663965702057,0.03920813709627261,0.45487418687694947,l40s
resnet152,gemm,474,layer3.7.conv2,256,256,3,1,1,1.2700224041938781,0.03195335403869139,0.4950445960750027,l40s
resnet152,gemm,474,layer3.7.conv3,256,1024,1,1,0,1.2095215976238252,0.04165658225228641,0.47146186458004585,l40s
resnet152,gemm,474,layer3.8.conv1,1024,256,1,1,0,1.163264000415802,0.029774807391999683,0.4534310224077921,l40s
resnet152,gemm,474,layer3.8.conv2,256,256,3,1,1,1.2715776026248933,0.027418780520369168,0.4956508000101112,l40s
resnet152,gemm,474,layer3.8.conv3,256,1024,1,1,0,1.2220672070980072,0.032819579047715944,0.47635204301638867,l40s
resnet152,gemm,474,layer3.9.conv1,1024,256,1,1,0,1.170279997587204,0.02596337975329549,0.45616580210483587,l40s
resnet152,gemm,474,layer3.9.conv2,256,256,3,1,1,1.2731551945209503,0.038926842969229485,0.4962657327391527,l40s
resnet152,gemm,474,layer3.9.conv3,256,1024,1,1,0,1.211870402097702,0.034148025609373724,0.4723774098162478,l40s
resnet152,gemm,474,layer3.10.conv1,1024,256,1,1,0,1.168908804655075,0.05867488516181309,0.45563132204449586,l40s
resnet152,gemm,474,layer3.10.conv2,256,256,3,1,1,1.2837311983108521,0.03390420225762174,0.5003881746007849,l40s
resnet152,gemm,474,layer3.10.conv3,256,1024,1,1,0,1.209497594833374,0.03523978989347396,0.47145250848391373,l40s
resnet152,gemm,474,layer3.11.conv1,1024,256,1,1,0,1.1612352073192596,0.030200618914766844,0.45264021505220453,l40s
resnet152,gemm,474,layer3.11.conv2,256,256,3,1,1,1.2926799952983856,0.09766548814447638,0.5038763442389124,l40s
resnet152,gemm,474,layer3.11.conv3,256,1024,1,1,0,1.2191727995872497,0.03933556678791871,0.4752238260713113,l40s
resnet152,gemm,474,layer3.12.conv1,1024,256,1,1,0,1.1653247952461243,0.025903743141251885,0.4542343037837754,l40s
resnet152,gemm,474,layer3.12.conv2,256,256,3,1,1,1.2898896098136903,0.09608901794549891,0.5027886742493098,l40s
resnet152,gemm,474,layer3.12.conv3,256,1024,1,1,0,1.2390000104904175,0.03845420705151302,0.4829523146243009,l40s
resnet152,gemm,474,layer3.13.conv1,1024,256,1,1,0,1.1613136112689972,0.027551760445643142,0.4526707762860067,l40s
resnet152,gemm,474,layer3.13.conv2,256,256,3,1,1,1.2921023964881897,0.09893389366810866,0.503651200832983,l40s
resnet152,gemm,474,layer3.13.conv3,256,1024,1,1,0,1.214158397912979,0.025447875587978487,0.4732692523226909,l40s
resnet152,gemm,474,layer3.14.conv1,1024,256,1,1,0,1.166654396057129,0.03220512394500663,0.45475257156728155,l40s
resnet152,gemm,474,layer3.14.conv2,256,256,3,1,1,1.2989600121974945,0.09599690586112801,0.5063242447002723,l40s
resnet152,gemm,474,layer3.14.conv3,256,1024,1,1,0,1.230872005224228,0.03401036056887953,0.4797840830477482,l40s
resnet152,gemm,474,layer3.15.conv1,1024,256,1,1,0,1.1557904064655304,0.03409479031371202,0.45051787513879643,l40s
resnet152,gemm,474,layer3.15.conv2,256,256,3,1,1,1.2769184172153474,0.03159087436403105,0.4977326069080935,l40s
resnet152,gemm,474,layer3.15.conv3,256,1024,1,1,0,1.2172608017921447,0.04312097777057605,0.4744785445919859,l40s
resnet152,gemm,474,layer3.16.conv1,1024,256,1,1,0,1.1589504063129425,0.028833247159852634,0.4517496178567937,l40s
resnet152,gemm,474,layer3.16.conv2,256,256,3,1,1,1.298959994316101,0.11000207619019005,0.5063242377302477,l40s
resnet152,gemm,474,layer3.16.conv3,256,1024,1,1,0,1.229779213666916,0.03327030690469755,0.4793581216211645,l40s
resnet152,gemm,474,layer3.17.conv1,1024,256,1,1,0,1.1636895835399628,0.0199774798585281,0.45359691131266566,l40s
resnet152,gemm,474,layer3.17.conv2,256,256,3,1,1,1.3022688031196594,0.11550630062445184,0.5076139849915857,l40s
resnet152,gemm,474,layer3.17.conv3,256,1024,1,1,0,1.221776008605957,0.027628400594348488,0.47623853616847905,l40s
resnet152,gemm,474,layer3.18.conv1,1024,256,1,1,0,1.157974398136139,0.029990612015782684,0.45136917765978923,l40s
resnet152,gemm,474,layer3.18.conv2,256,256,3,1,1,1.2890079975128175,0.10796923304833114,0.502445028811293,l40s
resnet152,gemm,474,layer3.18.conv3,256,1024,1,1,0,1.234524804353714,0.039523078527414275,0.48120791499246685,l40s
resnet152,gemm,474,layer3.19.conv1,1024,256,1,1,0,1.1681200027465821,0.043280273112626166,0.4553238533566337,l40s
resnet152,gemm,474,layer3.19.conv2,256,256,3,1,1,1.298911988735199,0.1055083850185197,0.5063055255379837,l40s
resnet152,gemm,474,layer3.19.conv3,256,1024,1,1,0,1.22254558801651,0.04075048889109475,0.4765385120800746,l40s
resnet152,gemm,474,layer3.20.conv1,1024,256,1,1,0,1.1739983797073363,0.037655814316283044,0.4576151977758373,l40s
resnet152,gemm,474,layer3.20.conv2,256,256,3,1,1,1.2950928032398223,0.09490082458171499,0.5048168375159057,l40s
resnet152,gemm,474,layer3.20.conv3,256,1024,1,1,0,1.2384272038936615,0.03286933718323398,0.4827290391849198,l40s
resnet152,gemm,474,layer3.21.conv1,1024,256,1,1,0,1.1676911950111388,0.024489933804553863,0.4551567075240205,l40s
resnet152,gemm,474,layer3.21.conv2,256,256,3,1,1,1.3028464019298553,0.11598837941833476,0.5078391283975151,l40s
resnet152,gemm,474,layer3.21.conv3,256,1024,1,1,0,1.2299167931079864,0.048077068217248276,0.4794117489891606,l40s
resnet152,gemm,474,layer3.22.conv1,1024,256,1,1,0,1.1593135952949525,0.027043123140641896,0.4518911860230751,l40s
resnet152,gemm,474,layer3.22.conv2,256,256,3,1,1,1.2982783913612366,0.10780927374116402,0.506058554338868,l40s
resnet152,gemm,474,layer3.22.conv3,256,1024,1,1,0,1.223120003938675,0.02737214462170749,0.4767624148216547,l40s
resnet152,gemm,474,layer3.23.conv1,1024,256,1,1,0,1.1751775979995727,0.038823002686248526,0.45807484765385253,l40s
resnet152,gemm,474,layer3.23.conv2,256,256,3,1,1,1.267868798971176,0.029402069079871442,0.4942051379488649,l40s
resnet152,gemm,474,layer3.23.conv3,256,1024,1,1,0,1.218703991174698,0.03895935279153261,0.4750410882940392,l40s
resnet152,gemm,474,layer3.24.conv1,1024,256,1,1,0,1.1567279994487762,0.0324452833292641,0.450883341399975,l40s
resnet152,gemm,474,layer3.24.conv2,256,256,3,1,1,1.297784000635147,0.11071062356755555,0.5058658447799722,l40s
resnet152,gemm,474,layer3.24.conv3,256,1024,1,1,0,1.212718403339386,0.03075398708878147,0.47270795393167003,l40s
resnet152,gemm,474,layer3.25.conv1,1024,256,1,1,0,1.1657328009605408,0.03062346502697475,0.45439334115463004,l40s
resnet152,gemm,474,layer3.25.conv2,256,256,3,1,1,1.3039727985858918,0.10926198123727762,0.5082781888233521,l40s
resnet152,gemm,474,layer3.25.conv3,256,1024,1,1,0,1.2125455856323242,0.02787681290883771,0.4726405909688557,l40s
resnet152,gemm,474,layer3.26.conv1,1024,256,1,1,0,1.1583279907703399,0.03199317541938877,0.45150700524629084,l40s
resnet152,gemm,474,layer3.26.conv2,256,256,3,1,1,1.3055120050907134,0.10894521920244242,0.508878159233275,l40s
resnet152,gemm,474,layer3.26.conv3,256,1024,1,1,0,1.2242975950241088,0.040648261040262375,0.4772214304274465,l40s
resnet152,gemm,474,layer3.27.conv1,1024,256,1,1,0,1.169209611415863,0.03666377579630979,0.4557485741188681,l40s
resnet152,gemm,474,layer3.27.conv2,256,256,3,1,1,1.2913615942001342,0.10105304342609189,0.5033624420140433,l40s
resnet152,gemm,474,layer3.27.conv3,256,1024,1,1,0,1.223147201538086,0.032567802686397966,0.476773016228819,l40s
resnet152,gemm,474,layer3.28.conv1,1024,256,1,1,0,1.1547519981861114,0.027602539464535746,0.4501131118798583,l40s
resnet152,gemm,474,layer3.28.conv2,256,256,3,1,1,1.2815136075019837,0.033790413869130405,0.49952377540388043,l40s
resnet152,gemm,474,layer3.28.conv3,256,1024,1,1,0,1.2211008012294768,0.030637379570316432,0.4759753457225052,l40s
resnet152,gemm,474,layer3.29.conv1,1024,256,1,1,0,1.1616048038005828,0.03355327132563154,0.4527842808105748,l40s
resnet152,gemm,474,layer3.29.conv2,256,256,3,1,1,1.2741568028926848,0.029839137271280198,0.4966561516878053,l40s
resnet152,gemm,474,layer3.29.conv3,256,1024,1,1,0,1.2293407917022705,0.02977521329128532,0.47918722823874726,l40s
resnet152,gemm,474,layer3.30.conv1,1024,256,1,1,0,1.162287986278534,0.03832761753302698,0.4530505798874462,l40s
resnet152,gemm,474,layer3.30.conv2,256,256,3,1,1,1.2755264043807983,0.03383554726048938,0.49719001141597063,l40s
resnet152,gemm,474,layer3.30.conv3,256,1024,1,1,0,1.218667197227478,0.023390652181716792,0.4750267463070952,l40s
resnet152,gemm,474,layer3.31.conv1,1024,256,1,1,0,1.1559439957141877,0.029966322719347294,0.45057774300200254,l40s
resnet152,gemm,474,layer3.31.conv2,256,256,3,1,1,1.2771168053150177,0.027206405631216676,0.4978099370058485,l40s
resnet152,gemm,474,layer3.31.conv3,256,1024,1,1,0,1.2204784035682679,0.028326720080040026,0.475732740082027,l40s
resnet152,gemm,474,layer3.32.conv1,1024,256,1,1,0,1.159412795305252,0.03009442845107106,0.45192985339529407,l40s
resnet152,gemm,474,layer3.32.conv2,256,256,3,1,1,1.2697776138782502,0.024302000721843117,0.49494917876384104,l40s
resnet152,gemm,474,layer3.32.conv3,256,1024,1,1,0,1.2235695898532868,0.029598987359185886,0.47693765982266034,l40s
resnet152,gemm,474,layer3.33.conv1,1024,256,1,1,0,1.1556784093379975,0.03445062361626764,0.45047421955242406,l40s
resnet152,gemm,474,layer3.33.conv2,256,256,3,1,1,1.2657487988471985,0.02541237239876387,0.4933787788219804,l40s
resnet152,gemm,474,layer3.33.conv3,256,1024,1,1,0,1.218729591369629,0.03683128551991704,0.47505106704568734,l40s
resnet152,gemm,474,layer3.34.conv1,1024,256,1,1,0,1.1546431958675385,0.027825315820444504,0.45007070160451823,l40s
resnet152,gemm,474,layer3.34.conv2,256,256,3,1,1,1.2734079957008362,0.030823491728104474,0.4963642726212607,l40s
resnet152,gemm,474,layer3.34.conv3,256,1024,1,1,0,1.2212272107601165,0.04031078019748331,0.4760246191485715,l40s
resnet152,gemm,474,layer3.35.conv1,1024,256,1,1,0,1.1634511947631836,0.031914394496947655,0.4535039892702515,l40s
resnet152,gemm,474,layer3.35.conv2,256,256,3,1,1,1.2675775945186616,0.029994730326294673,0.49409162877761387,l40s
resnet152,gemm,474,layer3.35.conv3,256,1024,1,1,0,1.2356752038002015,0.03002034801728957,0.48165633151443576,l40s
resnet152,gemm,474,layer4.0.conv1,1024,512,1,1,0,1.505072009563446,0.03583050337695813,0.5866650561263541,l40s
resnet152,gemm,474,layer4.0.conv2,512,512,3,2,1,2.230750393867493,0.04568129677735066,0.8695286980998042,l40s
resnet152,gemm,474,layer4.0.conv3,512,2048,1,1,0,1.2810736060142518,0.03149114181488236,0.4993522663359716,l40s
resnet152,gemm,474,layer4.0.downsample.0,1024,2048,1,2,0,2.0489456057548523,0.02350155496142566,0.798662642825094,l40s
resnet152,gemm,474,layer4.1.conv1,2048,512,1,1,0,1.4352143943309783,0.02820842828601237,0.5594351152990734,l40s
resnet152,gemm,474,layer4.1.conv2,512,512,3,1,1,1.8915983974933623,0.03318353375413838,0.7373299569605638,l40s
resnet152,gemm,474,layer4.1.conv3,512,2048,1,1,0,1.2415936052799226,0.02699918619999051,0.48396327717166443,l40s
resnet152,gemm,474,layer4.2.conv1,2048,512,1,1,0,1.4437471866607665,0.03040642630731834,0.5627611296420827,l40s
resnet152,gemm,474,layer4.2.conv2,512,512,3,1,1,1.8641551971435546,0.030736805042266918,0.7266328165106681,l40s
resnet152,gemm,474,layer4.2.conv3,512,2048,1,1,0,1.2476576030254365,0.02269694768708851,0.4863269750911773,l40s
resnet152,gemm,477,conv1,3,64,7,2,3,2.380798411369324,0.03141397234506822,0.9350963413260003,l40s
resnet152,gemm,477,layer1.0.conv1,64,64,1,1,0,1.4800032079219818,0.05038524618119477,0.5812947363664478,l40s
resnet152,gemm,477,layer1.0.conv2,64,64,3,1,1,1.7956495940685273,0.033682538015379966,0.7052698614458729,l40s
resnet152,gemm,477,layer1.0.conv3,64,256,1,1,0,2.890580785274506,0.04796346407736755,1.1353214550671697,l40s
resnet152,gemm,477,layer1.0.downsample.0,64,256,1,1,0,2.606336009502411,0.056414405863227005,1.0236798105683222,l40s
resnet152,gemm,477,layer1.1.conv1,256,64,1,1,0,2.658244776725769,0.043143455691938136,1.0440678022947563,l40s
resnet152,gemm,477,layer1.1.conv2,64,64,3,1,1,1.7967616081237794,0.0450214831759494,0.7057066226053241,l40s
resnet152,gemm,477,layer1.1.conv3,64,256,1,1,0,2.558454394340515,0.03315670712385989,1.0048735466944663,l40s
resnet152,gemm,477,layer1.2.conv1,256,64,1,1,0,2.553548777103424,0.03077936930268022,1.0029467877095628,l40s
resnet152,gemm,477,layer1.2.conv2,64,64,3,1,1,1.7741071939468385,0.03493378545806122,0.6968087420831521,l40s
resnet152,gemm,477,layer1.2.conv3,64,256,1,1,0,2.5277984142303467,0.024471931142898036,0.9928329242276974,l40s
resnet152,gemm,477,layer2.0.conv1,256,128,1,1,0,2.955347216129303,0.059395388199401176,1.1607594981387086,l40s
resnet152,gemm,477,layer2.0.conv2,128,128,3,2,1,1.874230396747589,0.04772769256094034,0.7361337181809706,l40s
resnet152,gemm,477,layer2.0.conv3,128,512,1,1,0,1.7374352037906646,0.026111525293683165,0.6824052362422446,l40s
resnet152,gemm,477,layer2.0.downsample.0,256,512,1,2,0,2.991035211086273,0.06495298525547126,1.1747765242565686,l40s
resnet152,gemm,477,layer2.1.conv1,512,128,1,1,0,1.750903993844986,0.05297810626350289,0.6876953171838898,l40s
resnet152,gemm,477,layer2.1.conv2,128,128,3,1,1,1.3718495965003967,0.03953584266607159,0.5388156899009595,l40s
resnet152,gemm,477,layer2.1.conv3,128,512,1,1,0,1.714364802837372,0.03459481691386809,0.6733439703150971,l40s
resnet152,gemm,477,layer2.2.conv1,512,128,1,1,0,1.7248784005641937,0.04684190081261069,0.6774733525935698,l40s
resnet152,gemm,477,layer2.2.conv2,128,128,3,1,1,1.3547855973243714,0.03130540690037164,0.5321135335479932,l40s
resnet152,gemm,477,layer2.2.conv3,128,512,1,1,0,1.716076797246933,0.03655378260543652,0.6740163832758528,l40s
resnet152,gemm,477,layer2.3.conv1,512,128,1,1,0,1.7402463972568512,0.077007850132002,0.6835093770684638,l40s
resnet152,gemm,477,layer2.3.conv2,128,128,3,1,1,1.3580096006393432,0.04395488780706457,0.5333798119904922,l40s
resnet152,gemm,477,layer2.3.conv3,128,512,1,1,0,1.707972800731659,0.032737984338555834,0.6708334100953587,l40s
resnet152,gemm,477,layer2.4.conv1,512,128,1,1,0,1.7299296081066131,0.04219573495271882,0.6794572944803077,l40s
resnet152,gemm,477,layer2.4.conv2,128,128,3,1,1,1.3509551882743835,0.03654863727292393,0.5306090796339948,l40s
resnet152,gemm,477,layer2.4.conv3,128,512,1,1,0,1.7109792113304139,0.026629881921107285,0.6720142255470132,l40s
resnet152,gemm,477,layer2.5.conv1,512,128,1,1,0,1.7234543979167938,0.057326159376985875,0.6769140529656537,l40s
resnet152,gemm,477,layer2.5.conv2,128,128,3,1,1,1.3455376029014587,0.0391645279826994,0.5284812370426812,l40s
resnet152,gemm,477,layer2.5.conv3,128,512,1,1,0,1.71116960644722,0.03386158023773383,0.6720890062492689,l40s
resnet152,gemm,477,layer2.6.conv1,512,128,1,1,0,1.7456752002239226,0.05469997311873293,0.6856416255478168,l40s
resnet152,gemm,477,layer2.6.conv2,128,128,3,1,1,1.3503199934959411,0.032934601419356155,0.5303595968090256,l40s
resnet152,gemm,477,layer2.6.conv3,128,512,1,1,0,1.6952576100826264,0.029061605804371966,0.6658393172740624,l40s
resnet152,gemm,477,layer2.7.conv1,512,128,1,1,0,1.7186480104923247,0.05052339733122249,0.6750262680636839,l40s
resnet152,gemm,477,layer2.7.conv2,128,128,3,1,1,1.3577568113803864,0.03452903616408334,0.5332805249991837,l40s
resnet152,gemm,477,layer2.7.conv3,128,512,1,1,0,1.706595206260681,0.030298315769781592,0.670292338014879,l40s
resnet152,gemm,477,layer3.0.conv1,512,256,1,1,0,1.9343919992446899,0.045341606347133086,0.7597631418712325,l40s
resnet152,gemm,477,layer3.0.conv2,256,256,3,2,1,1.6469199895858764,0.03434944714067686,0.6468539500715875,l40s
resnet152,gemm,477,layer3.0.conv3,256,1024,1,1,0,1.186924797296524,0.052225962705934305,0.4661835416559808,l40s
resnet152,gemm,477,layer3.0.downsample.0,512,1024,1,2,0,2.218505597114563,0.08841368220594688,0.8713532641681815,l40s
resnet152,gemm,477,layer3.1.conv1,1024,256,1,1,0,1.1533216118812561,0.04646403010476573,0.45298535755578073,l40s
resnet152,gemm,477,layer3.1.conv2,256,256,3,1,1,1.286383992433548,0.025415832889203654,0.5052477182110922,l40s
resnet152,gemm,477,layer3.1.conv3,256,1024,1,1,0,1.2666975915431977,0.05954833023277511,0.4975155719871472,l40s
resnet152,gemm,477,layer3.2.conv1,1024,256,1,1,0,1.1440191924571992,0.04400632654445509,0.4493316847679564,l40s
resnet152,gemm,477,layer3.2.conv2,256,256,3,1,1,1.2710943937301635,0.02388307402540987,0.4992424857900681,l40s
resnet152,gemm,477,layer3.2.conv3,256,1024,1,1,0,1.2377071976661682,0.05694061597137151,0.48612913493369747,l40s
resnet152,gemm,477,layer3.3.conv1,1024,256,1,1,0,1.1640560030937195,0.056431306887279035,0.4572014599780615,l40s
resnet152,gemm,477,layer3.3.conv2,256,256,3,1,1,1.2789568066596986,0.022272174780172287,0.5023305731851592,l40s
resnet152,gemm,477,layer3.3.conv3,256,1024,1,1,0,1.214904010295868,0.052610846484185965,0.47717282137992834,l40s
resnet152,gemm,477,layer3.4.conv1,1024,256,1,1,0,1.164089596271515,0.060391969906144774,0.45721465423151025,l40s
resnet152,gemm,477,layer3.4.conv2,256,256,3,1,1,1.2777263939380645,0.029738614045282243,0.5018473090713953,l40s
resnet152,gemm,477,layer3.4.conv3,256,1024,1,1,0,1.2411776065826416,0.052273201343593735,0.4874921930847792,l40s
resnet152,gemm,477,layer3.5.conv1,1024,256,1,1,0,1.1688256025314332,0.054183917854670936,0.45907479581468585,l40s
resnet152,gemm,477,layer3.5.conv2,256,256,3,1,1,1.2708415985107422,0.02350992396541129,0.49914319645769256,l40s
resnet152,gemm,477,layer3.5.conv3,256,1024,1,1,0,1.2880032002925872,0.25004648081718256,0.5058836877823096,l40s
resnet152,gemm,477,layer3.6.conv1,1024,256,1,1,0,1.175022405385971,0.1246762597221931,0.4615086884321898,l40s
resnet152,gemm,477,layer3.6.conv2,256,256,3,1,1,1.2694768130779266,0.029562995519530882,0.4986071553301336,l40s
resnet152,gemm,477,layer3.6.conv3,256,1024,1,1,0,1.2340992093086243,0.047755094942728865,0.48471204027479026,l40s
resnet152,gemm,477,layer3.7.conv1,1024,256,1,1,0,1.1689200103282928,0.052649669877862425,0.4591118759744401,l40s
resnet152,gemm,477,layer3.7.conv2,256,256,3,1,1,1.2728656113147736,0.028030830715789337,0.49993815959224797,l40s
resnet152,gemm,477,layer3.7.conv3,256,1024,1,1,0,1.237799996137619,0.053265934838377424,0.48616558300536944,l40s
resnet152,gemm,477,layer3.8.conv1,1024,256,1,1,0,1.1403551995754242,0.06663939857197541,0.44789259344378934,l40s
resnet152,gemm,477,layer3.8.conv2,256,256,3,1,1,1.2785600125789642,0.02900244787983034,0.5021747260158302,l40s
resnet152,gemm,477,layer3.8.conv3,256,1024,1,1,0,1.243388795852661,0.048207744739445536,0.48836067274542594,l40s
resnet152,gemm,477,layer3.9.conv1,1024,256,1,1,0,1.1798831939697265,0.06097500045158111,0.4634178402524041,l40s
resnet152,gemm,477,layer3.9.conv2,256,256,3,1,1,1.2703520119190217,0.023551731782068954,0.49895090355775873,l40s
resnet152,gemm,477,layer3.9.conv3,256,1024,1,1,0,1.2409392058849336,0.06205183659305529,0.4873985574291387,l40s
resnet152,gemm,477,layer3.10.conv1,1024,256,1,1,0,1.1500208020210265,0.05346664591846897,0.45168891212429274,l40s
resnet152,gemm,477,layer3.10.conv2,256,256,3,1,1,1.2737280070781707,0.03154071187582149,0.5002768792080192,l40s
resnet152,gemm,477,layer3.10.conv3,256,1024,1,1,0,1.237006390094757,0.057672140563562214,0.48585388164351095,l40s
resnet152,gemm,477,layer3.11.conv1,1024,256,1,1,0,1.164331191778183,0.053210483199138736,0.45730954469904717,l40s
resnet152,gemm,477,layer3.11.conv2,256,256,3,1,1,1.2711680054664611,0.02572799751267742,0.49927139796716036,l40s
resnet152,gemm,477,layer3.11.conv3,256,1024,1,1,0,1.242470395565033,0.05996553568995745,0.4879999564643949,l40s
resnet152,gemm,477,layer3.12.conv1,1024,256,1,1,0,1.1391424119472504,0.06018396037091228,0.4474162518650588,l40s
resnet152,gemm,477,layer3.12.conv2,256,256,3,1,1,1.26984800696373,0.024700468099270904,0.4987529476168219,l40s
resnet152,gemm,477,layer3.12.conv3,256,1024,1,1,0,1.2377247989177704,0.0628244037277578,0.48613604810446287,l40s
resnet152,gemm,477,layer3.13.conv1,1024,256,1,1,0,1.1578143954277038,0.04701445154611069,0.4547499695601362,l40s
resnet152,gemm,477,layer3.13.conv2,256,256,3,1,1,1.2708463966846466,0.018936861741494105,0.49914508101660426,l40s
resnet152,gemm,477,layer3.13.conv3,256,1024,1,1,0,1.2255360186100006,0.0511250165547731,0.48134871129484763,l40s
resnet152,gemm,477,layer3.14.conv1,1024,256,1,1,0,1.1385088086128234,0.0475558281599325,0.44716739410497075,l40s
resnet152,gemm,477,layer3.14.conv2,256,256,3,1,1,1.2718080043792725,0.027660512263453216,0.4995227676921084,l40s
resnet152,gemm,477,layer3.14.conv3,256,1024,1,1,0,1.2280416071414948,0.049908858432777876,0.48233282093532787,l40s
resnet152,gemm,477,layer3.15.conv1,1024,256,1,1,0,1.1695568084716796,0.05425360773273338,0.4593619885464246,l40s
resnet152,gemm,477,layer3.15.conv2,256,256,3,1,1,1.2530079901218414,0.01868751854376913,0.492138763878493,l40s
resnet152,gemm,477,layer3.15.conv3,256,1024,1,1,0,1.2373008012771607,0.04547445989402802,0.4859695163054783,l40s
resnet152,gemm,477,layer3.16.conv1,1024,256,1,1,0,1.1514911890029906,0.070823714381382,0.4522664299353775,l40s
resnet152,gemm,477,layer3.16.conv2,256,256,3,1,1,1.2814480125904084,0.03753963558554063,0.5033090338310383,l40s
resnet152,gemm,477,layer3.16.conv3,256,1024,1,1,0,1.2251120030879974,0.04889650768207861,0.4811821724726621,l40s
resnet152,gemm,477,layer3.17.conv1,1024,256,1,1,0,1.1596224129199981,0.04838678818501765,0.4554600971097953,l40s
resnet152,gemm,477,layer3.17.conv2,256,256,3,1,1,1.2754768013954163,0.031100182401134234,0.500963745916254,l40s
resnet152,gemm,477,layer3.17.conv3,256,1024,1,1,0,1.2336399853229523,0.05191193574617729,0.4845316727700068,l40s
resnet152,gemm,477,layer3.18.conv1,1024,256,1,1,0,1.1558096051216125,0.0614223722379895,0.4539625563665624,l40s
resnet152,gemm,477,layer3.18.conv2,256,256,3,1,1,1.27638720870018,0.024366708890647397,0.5013213228264769,l40s
resnet152,gemm,477,layer3.18.conv3,256,1024,1,1,0,1.2455312132835388,0.057956226031143365,0.48920214117536104,l40s
resnet152,gemm,477,layer3.19.conv1,1024,256,1,1,0,1.1693152070045472,0.07908693207922046,0.4592670957378207,l40s
resnet152,gemm,477,layer3.19.conv2,256,256,3,1,1,1.2689056038856505,0.031085280320515975,0.4983828038590984,l40s
resnet152,gemm,477,layer3.19.conv3,256,1024,1,1,0,1.2323888063430786,0.056931708478378806,0.48404025237891585,l40s
resnet152,gemm,477,layer3.20.conv1,1024,256,1,1,0,1.142896008491516,0.06728974203905894,0.44889053644900134,l40s
resnet152,gemm,477,layer3.20.conv2,256,256,3,1,1,1.267308807373047,0.02720836803140759,0.49775563669969203,l40s
resnet152,gemm,477,layer3.20.conv3,256,1024,1,1,0,1.2316287994384765,0.05750913041173907,0.483741747611573,l40s
resnet152,gemm,477,layer3.21.conv1,1024,256,1,1,0,1.1636864006519319,0.0629878981133592,0.4570562927562546,l40s
resnet152,gemm,477,layer3.21.conv2,256,256,3,1,1,1.2747216045856475,0.02954000717892591,0.5006671303899568,l40s
resnet152,gemm,477,layer3.21.conv3,256,1024,1,1,0,1.2196928083896637,0.0566431401528368,0.47905369779326634,l40s
resnet152,gemm,477,layer3.22.conv1,1024,256,1,1,0,1.1552352130413055,0.05583413208683042,0.4537369547657646,l40s
resnet152,gemm,477,layer3.22.conv2,256,256,3,1,1,1.2694447875022887,0.018101063718490712,0.49859457677729824,l40s
resnet152,gemm,477,layer3.22.conv3,256,1024,1,1,0,1.2168576002120972,0.05489907045954385,0.4779401248082209,l40s
resnet152,gemm,477,layer3.23.conv1,1024,256,1,1,0,1.1696080029010774,0.0565874263818037,0.45938209597063895,l40s
resnet152,gemm,477,layer3.23.conv2,256,256,3,1,1,1.2771247923374176,0.03339459999378703,0.5016110204998747,l40s
resnet152,gemm,477,layer3.23.conv3,256,1024,1,1,0,1.2133360028266906,0.05547492508284254,0.4765569615739919,l40s
resnet152,gemm,477,layer3.24.conv1,1024,256,1,1,0,1.1441887736320495,0.05968517289982412,0.44939829046434926,l40s
resnet152,gemm,477,layer3.24.conv2,256,256,3,1,1,1.2670400083065032,0.028627722063365627,0.49765006160249914,l40s
resnet152,gemm,477,layer3.24.conv3,256,1024,1,1,0,1.2326016008853913,0.055444483600436224,0.48412383081084875,l40s
resnet152,gemm,477,layer3.25.conv1,1024,256,1,1,0,1.1567871987819671,0.05357382048507935,0.45434652178368284,l40s
resnet152,gemm,477,layer3.25.conv2,256,256,3,1,1,1.2693872034549714,0.03285791032088304,0.4985719597292911,l40s
resnet152,gemm,477,layer3.25.conv3,256,1024,1,1,0,1.2231488049030304,0.054467045541477827,0.4804110952444121,l40s
resnet152,gemm,477,layer3.26.conv1,1024,256,1,1,0,1.1487024128437042,0.06449174981680848,0.4511710938620364,l40s
resnet152,gemm,477,layer3.26.conv2,256,256,3,1,1,1.2745232045650483,0.03179244635248803,0.5005892056347591,l40s
resnet152,gemm,477,layer3.26.conv3,256,1024,1,1,0,1.2219007968902589,0.05138360631425274,0.47992092030094985,l40s
resnet152,gemm,477,layer3.27.conv1,1024,256,1,1,0,1.1727200090885161,0.049841995809543314,0.4606043857647522,l40s
resnet152,gemm,477,layer3.27.conv2,256,256,3,1,1,1.2686224102973938,0.018407029742379816,0.4982715750851706,l40s
resnet152,gemm,477,layer3.27.conv3,256,1024,1,1,0,1.2285103917121887,0.06463952486230873,0.4825169435115328,l40s
resnet152,gemm,477,layer3.28.conv1,1024,256,1,1,0,1.1465680003166199,0.05471681298899491,0.4503327694850435,l40s
resnet152,gemm,477,layer3.28.conv2,256,256,3,1,1,1.2747791886329651,0.02755194639616216,0.500689747437964,l40s
resnet152,gemm,477,layer3.28.conv3,256,1024,1,1,0,1.2258400082588197,0.04899275952409037,0.4814681080514374,l40s
resnet152,gemm,477,layer3.29.conv1,1024,256,1,1,0,1.1689103901386262,0.05812824772895149,0.45910809749234893,l40s
resnet152,gemm,477,layer3.29.conv2,256,256,3,1,1,1.2729088068008423,0.03136303801004882,0.499955125304587,l40s
resnet152,gemm,477,layer3.29.conv3,256,1024,1,1,0,1.2374032080173492,0.07369310646440055,0.48600973817710763,l40s
resnet152,gemm,477,layer3.30.conv1,1024,256,1,1,0,1.1462815940380096,0.05733961748484093,0.45022027887601823,l40s
resnet152,gemm,477,layer3.30.conv2,256,256,3,1,1,1.2814272046089172,0.037665876852756484,0.5033008611662423,l40s
resnet152,gemm,477,layer3.30.conv3,256,1024,1,1,0,1.2309088051319121,0.04584263274078221,0.4834589584268068,l40s
resnet152,gemm,477,layer3.31.conv1,1024,256,1,1,0,1.178318405151367,0.05906837616968218,0.46280324462263206,l40s
resnet152,gemm,477,layer3.31.conv2,256,256,3,1,1,1.2830927968025208,0.03184260953924258,0.5039550489206285,l40s
resnet152,gemm,477,layer3.31.conv3,256,1024,1,1,0,1.2306464076042176,0.06480430944696558,0.483355897635541,l40s
resnet152,gemm,477,layer3.32.conv1,1024,256,1,1,0,1.141097605228424,0.059975650662842404,0.4481841850403666,l40s
resnet152,gemm,477,layer3.32.conv2,256,256,3,1,1,1.2737376034259795,0.03352780353505547,0.5002806483258425,l40s
resnet152,gemm,477,layer3.32.conv3,256,1024,1,1,0,1.2221296072006225,0.05392947796232203,0.48001078917983386,l40s
resnet152,gemm,477,layer3.33.conv1,1024,256,1,1,0,1.156632000207901,0.05321275006495974,0.454285565081891,l40s
resnet152,gemm,477,layer3.33.conv2,256,256,3,1,1,1.2713087975978852,0.029039575325352132,0.49932669631008325,l40s
resnet152,gemm,477,layer3.33.conv3,256,1024,1,1,0,1.2195951998233796,0.04561604384483614,0.4790153604805487,l40s
resnet152,gemm,477,layer3.34.conv1,1024,256,1,1,0,1.1402911961078643,0.05229479835724215,0.4478674550666543,l40s
resnet152,gemm,477,layer3.34.conv2,256,256,3,1,1,1.2769359946250916,0.03217486436686504,0.5015368672035672,l40s
resnet152,gemm,477,layer3.34.conv3,256,1024,1,1,0,1.214651197195053,0.05238234673899623,0.47707352502435185,l40s
resnet152,gemm,477,layer3.35.conv1,1024,256,1,1,0,1.1752640068531037,0.06629089790410907,0.4616035812407938,l40s
resnet152,gemm,477,layer3.35.conv2,256,256,3,1,1,1.2716175854206084,0.03474638579106901,0.4994479776255846,l40s
resnet152,gemm,477,layer3.35.conv3,256,1024,1,1,0,1.2216255962848663,0.06080408783577487,0.4798128308978301,l40s
resnet152,gemm,477,layer4.0.conv1,1024,512,1,1,0,1.5296784162521362,0.06792298619120897,0.6008054624078927,l40s
resnet152,gemm,477,layer4.0.conv2,512,512,3,2,1,2.2453503966331483,0.042547248892881376,0.8818969850030007,l40s
resnet152,gemm,477,layer4.0.conv3,512,2048,1,1,0,1.2600943982601165,0.027412006590574457,0.4949220630824909,l40s
resnet152,gemm,477,layer4.0.downsample.0,1024,2048,1,2,0,2.0393983840942385,0.036051553618708536,0.8010060651778755,l40s
resnet152,gemm,477,layer4.1.conv1,2048,512,1,1,0,1.4415103793144226,0.023824066896057795,0.5661760673408267,l40s
resnet152,gemm,477,layer4.1.conv2,512,512,3,1,1,1.8817584097385407,0.022718296758810645,0.7390904646957857,l40s
resnet152,gemm,477,layer4.1.conv3,512,2048,1,1,0,1.256366389989853,0.025652030787453338,0.493457828699055,l40s
resnet152,gemm,477,layer4.2.conv1,2048,512,1,1,0,1.4595951855182647,0.033229261633326616,0.5732791618464534,l40s
resnet152,gemm,477,layer4.2.conv2,512,512,3,1,1,1.8772816061973572,0.032855956006994556,0.7373321290919794,l40s
resnet152,gemm,477,layer4.2.conv3,512,2048,1,1,0,1.2558767914772033,0.02689709241548628,0.49326553111698723,l40s
resnet152,gemm,480,conv1,3,64,7,2,3,2.434923195838928,0.027866337153474415,0.9402815538816359,l40s
resnet152,gemm,480,layer1.0.conv1,64,64,1,1,0,1.4932367980480195,0.06129119102888306,0.5766354434428371,l40s
resnet152,gemm,480,layer1.0.conv2,64,64,3,1,1,1.6648992002010345,0.0446857094556054,0.642925415346398,l40s
resnet152,gemm,480,layer1.0.conv3,64,256,1,1,0,2.9009696364402773,0.05595093314944988,1.1202522700416007,l40s
resnet152,gemm,480,layer1.0.downsample.0,64,256,1,1,0,3.1178959965705872,0.035295175553613965,1.2040215878294414,l40s
resnet152,gemm,480,layer1.1.conv1,256,64,1,1,0,2.7436351776123047,0.09604514394867036,1.059495245064917,l40s
resnet152,gemm,480,layer1.1.conv2,64,64,3,1,1,1.6573216021060944,0.031005744443597234,0.6399992139271594,l40s
resnet152,gemm,480,layer1.1.conv3,64,256,1,1,0,2.8004928112030028,0.05460545849045217,1.0814516600163442,l40s
resnet152,gemm,480,layer1.2.conv1,256,64,1,1,0,2.600823974609375,0.0475971213443973,1.0043465898215902,l40s
resnet152,gemm,480,layer1.2.conv2,64,64,3,1,1,1.6448895931243896,0.0415085492621603,0.6351984100483494,l40s
resnet152,gemm,480,layer1.2.conv3,64,256,1,1,0,2.622822403907776,0.05001948104197819,1.0128416081938347,l40s
resnet152,gemm,480,layer2.0.conv1,256,128,1,1,0,3.0106783866882325,0.034738386466307856,1.1626179242576542,l40s
resnet152,gemm,480,layer2.0.conv2,128,128,3,2,1,1.890425592660904,0.02860739815562437,0.7300157626336862,l40s
resnet152,gemm,480,layer2.0.conv3,128,512,1,1,0,1.7480031967163085,0.028094831440930015,0.6750172509782949,l40s
resnet152,gemm,480,layer2.0.downsample.0,256,512,1,2,0,3.369534397125244,0.046786243541415216,1.3011954726953663,l40s
resnet152,gemm,480,layer2.1.conv1,512,128,1,1,0,1.7776255905628204,0.037644535879130664,0.686456375860464,l40s
resnet152,gemm,480,layer2.1.conv2,128,128,3,1,1,1.4375072062015533,0.021463568596752303,0.5551146384711919,l40s
resnet152,gemm,480,layer2.1.conv3,128,512,1,1,0,1.729273611307144,0.029965835190860317,0.6677845449520088,l40s
resnet152,gemm,480,layer2.2.conv1,512,128,1,1,0,1.787315195798874,0.03597564619850695,0.6901981600298481,l40s
resnet152,gemm,480,layer2.2.conv2,128,128,3,1,1,1.421910387277603,0.026437776819831012,0.5490916964915499,l40s
resnet152,gemm,480,layer2.2.conv3,128,512,1,1,0,1.9636384010314942,0.038896165078088345,0.758287969878818,l40s
resnet152,gemm,480,layer2.3.conv1,512,128,1,1,0,1.7772767961025238,0.039314178105445345,0.6863216837282139,l40s
resnet152,gemm,480,layer2.3.conv2,128,128,3,1,1,1.424259203672409,0.03199908574223731,0.5499987266324862,l40s
resnet152,gemm,480,layer2.3.conv3,128,512,1,1,0,1.926008003950119,0.0271813780010853,0.7437564362758998,l40s
resnet152,gemm,480,layer2.4.conv1,512,128,1,1,0,1.7841423988342284,0.032091771752315645,0.6889729376223545,l40s
resnet152,gemm,480,layer2.4.conv2,128,128,3,1,1,1.4279040038585662,0.024662859507814317,0.551406220055065,l40s
resnet152,gemm,480,layer2.4.conv3,128,512,1,1,0,1.9239344000816345,0.03387689935651559,0.7429556835166647,l40s
resnet152,gemm,480,layer2.5.conv1,512,128,1,1,0,1.7664128065109252,0.03430769036431197,0.6821263936952473,l40s
resnet152,gemm,480,layer2.5.conv2,128,128,3,1,1,1.4225008070468903,0.036619480625981644,0.5493196958054735,l40s
resnet152,gemm,480,layer2.5.conv3,128,512,1,1,0,1.9338272035121917,0.03748251509591747,0.7467759356699262,l40s
resnet152,gemm,480,layer2.6.conv1,512,128,1,1,0,1.7696848154067992,0.023780334255157572,0.6833899282552632,l40s
resnet152,gemm,480,layer2.6.conv2,128,128,3,1,1,1.4260544002056121,0.027702344600263988,0.5506919682873556,l40s
resnet152,gemm,480,layer2.6.conv3,128,512,1,1,0,1.9424784004688262,0.04895113745628025,0.7501167231457783,l40s
resnet152,gemm,480,layer2.7.conv1,512,128,1,1,0,1.763892811536789,0.026814543521302473,0.681153260417736,l40s
resnet152,gemm,480,layer2.7.conv2,128,128,3,1,1,1.4141264140605927,0.02374866577086734,0.5460858002709335,l40s
resnet152,gemm,480,layer2.7.conv3,128,512,1,1,0,1.9281488001346587,0.026760870494372,0.7445831363403548,l40s
resnet152,gemm,480,layer3.0.conv1,512,256,1,1,0,2.009809601306915,0.2760540912608243,0.7761176607757398,l40s
resnet152,gemm,480,layer3.0.conv2,256,256,3,2,1,1.6663695931434632,0.03342260040435819,0.6434932292976085,l40s
resnet152,gemm,480,layer3.0.conv3,256,1024,1,1,0,1.1239519894123078,0.020670304228592406,0.43403066055594425,l40s
resnet152,gemm,480,layer3.0.downsample.0,512,1024,1,2,0,2.051179212331772,0.039242458824516685,0.792093147068041,l40s
resnet152,gemm,480,layer3.1.conv1,1024,256,1,1,0,1.1763696014881133,0.033558776521175365,0.45427249562393784,l40s
resnet152,gemm,480,layer3.1.conv2,256,256,3,1,1,1.3140383958816528,0.03271689767300364,0.5074353338336124,l40s
resnet152,gemm,480,layer3.1.conv3,256,1024,1,1,0,1.0926847994327544,0.027726402030699836,0.42195637335471803,l40s
resnet152,gemm,480,layer3.2.conv1,1024,256,1,1,0,1.1760640084743499,0.021903123080654664,0.4541544863683161,l40s
resnet152,gemm,480,layer3.2.conv2,256,256,3,1,1,1.2865040063858033,0.021395717226119593,0.4968025226695545,l40s
resnet152,gemm,480,layer3.2.conv3,256,1024,1,1,0,1.0962031960487366,0.03454006289317927,0.4233150541717973,l40s
resnet152,gemm,480,layer3.3.conv1,1024,256,1,1,0,1.1697231948375701,0.03023279928492972,0.4517058875338831,l40s
resnet152,gemm,480,layer3.3.conv2,256,256,3,1,1,1.2849535942077637,0.022143623820650202,0.49620380810869474,l40s
resnet152,gemm,480,layer3.3.conv3,256,1024,1,1,0,1.0989952027797698,0.03230462382708152,0.42439322880662367,l40s
resnet152,gemm,480,layer3.4.conv1,1024,256,1,1,0,1.1834080040454864,0.03324372351438217,0.45699047872287124,l40s
resnet152,gemm,480,layer3.4.conv2,256,256,3,1,1,1.2914399921894073,0.0290301803352286,0.49870862648805764,l40s
resnet152,gemm,480,layer3.4.conv3,256,1024,1,1,0,1.0846256017684937,0.01943029898538,0.41884419514895765,l40s
resnet152,gemm,480,layer3.5.conv1,1024,256,1,1,0,1.1706767916679381,0.02917998175693579,0.45207413303376887,l40s
resnet152,gemm,480,layer3.5.conv2,256,256,3,1,1,1.3025391936302184,0.03404670164004758,0.5029947470504829,l40s
resnet152,gemm,480,layer3.5.conv3,256,1024,1,1,0,1.0778032004833222,0.02517823785488763,0.4162096241314456,l40s
resnet152,gemm,480,layer3.6.conv1,1024,256,1,1,0,1.1720864176750183,0.02974430117569307,0.45261848093541696,l40s
resnet152,gemm,480,layer3.6.conv2,256,256,3,1,1,1.2742511928081512,0.024353245123541045,0.49207091774258793,l40s
resnet152,gemm,480,layer3.6.conv3,256,1024,1,1,0,1.0965984106063842,0.030364162760603632,0.4234676721102262,l40s
resnet152,gemm,480,layer3.7.conv1,1024,256,1,1,0,1.166865611076355,0.03566996141448629,0.45060238936033326,l40s
resnet152,gemm,480,layer3.7.conv2,256,256,3,1,1,1.2784703969955444,0.02421737858470157,0.4937002257537177,l40s
resnet152,gemm,480,layer3.7.conv3,256,1024,1,1,0,1.0851967930793762,0.02635250633924672,0.4190647691096798,l40s
resnet152,gemm,480,layer3.8.conv1,1024,256,1,1,0,1.1765152037143707,0.02762612420823791,0.4543287220740319,l40s
resnet152,gemm,480,layer3.8.conv2,256,256,3,1,1,1.2949263989925384,0.03186733827892166,0.5000549539664413,l40s
resnet152,gemm,480,layer3.8.conv3,256,1024,1,1,0,1.081827199459076,0.022884367492129375,0.4177635507670807,l40s
resnet152,gemm,480,layer3.9.conv1,1024,256,1,1,0,1.1787680029869079,0.040736488268802946,0.4551986737851104,l40s
resnet152,gemm,480,layer3.9.conv2,256,256,3,1,1,1.2848031938076019,0.022677122037939725,0.4961457287728823,l40s
resnet152,gemm,480,layer3.9.conv3,256,1024,1,1,0,1.076497596502304,0.02457196318310632,0.41570544587148084,l40s
resnet152,gemm,480,layer3.10.conv1,1024,256,1,1,0,1.173804807662964,0.03379444361554799,0.4532820626084658,l40s
resnet152,gemm,480,layer3.10.conv2,256,256,3,1,1,1.2891680002212524,0.029069756415929154,0.4978312632341062,l40s
resnet152,gemm,480,layer3.10.conv3,256,1024,1,1,0,1.0741311967372895,0.02542136844505219,0.4147916256524467,l40s
resnet152,gemm,480,layer3.11.conv1,1024,256,1,1,0,1.1838224053382873,0.024585809763006797,0.45715050590245176,l40s
resnet152,gemm,480,layer3.11.conv2,256,256,3,1,1,1.2926095962524413,0.028588335060518694,0.4991602863710861,l40s
resnet152,gemm,480,layer3.11.conv3,256,1024,1,1,0,1.0780784070491791,0.02472121664372066,0.41631589921142537,l40s
resnet152,gemm,480,layer3.12.conv1,1024,256,1,1,0,1.1689327955245972,0.023027365175688916,0.45140066316563227,l40s
resnet152,gemm,480,layer3.12.conv2,256,256,3,1,1,1.2828399896621705,0.03036463742876853,0.495387608497217,l40s
resnet152,gemm,480,layer3.12.conv3,256,1024,1,1,0,1.081414395570755,0.028147272470854086,0.41760414044883243,l40s
resnet152,gemm,480,layer3.13.conv1,1024,256,1,1,0,1.1699056088924409,0.03407928319669529,0.4517763294152767,l40s
resnet152,gemm,480,layer3.13.conv2,256,256,3,1,1,1.2839359998703004,0.02258715003281261,0.4958108490262537,l40s
resnet152,gemm,480,layer3.13.conv3,256,1024,1,1,0,1.0855888187885285,0.0344885763597413,0.4192161556271655,l40s
resnet152,gemm,480,layer3.14.conv1,1024,256,1,1,0,1.169081598520279,0.0310070035057849,0.45145812564011234,l40s
resnet152,gemm,480,layer3.14.conv2,256,256,3,1,1,1.2925551891326905,0.03258685462284415,0.49913927625824606,l40s
resnet152,gemm,480,layer3.14.conv3,256,1024,1,1,0,1.0863119959831238,0.0390053540085048,0.41949542118158956,l40s
resnet152,gemm,480,layer3.15.conv1,1024,256,1,1,0,1.1842432022094727,0.04290151114727568,0.45731300282908294,l40s
resnet152,gemm,480,layer3.15.conv2,256,256,3,1,1,1.2855776131153107,0.037381430226690805,0.4964447822260889,l40s
resnet152,gemm,480,layer3.15.conv3,256,1024,1,1,0,1.0840736031532288,0.03723455195952666,0.4186310327311087,l40s
resnet152,gemm,480,layer3.16.conv1,1024,256,1,1,0,1.1689263999462127,0.04520255597047163,0.45139819341858173,l40s
resnet152,gemm,480,layer3.16.conv2,256,256,3,1,1,1.2921744108200073,0.06134042800011354,0.49899223308902163,l40s
resnet152,gemm,480,layer3.16.conv3,256,1024,1,1,0,1.0917695999145507,0.026527711526448425,0.4216029555440213,l40s
resnet152,gemm,480,layer3.17.conv1,1024,256,1,1,0,1.1828927934169768,0.03268975018074669,0.456791522529436,l40s
resnet152,gemm,480,layer3.17.conv2,256,256,3,1,1,1.286446398496628,0.025032236572890713,0.4967802765323284,l40s
resnet152,gemm,480,layer3.17.conv3,256,1024,1,1,0,1.0798479974269868,0.020847710222640724,0.41699925267120697,l40s
resnet152,gemm,480,layer3.18.conv1,1024,256,1,1,0,1.1793631970882417,0.04493132050613823,0.45542851677786667,l40s
resnet152,gemm,480,layer3.18.conv2,256,256,3,1,1,1.2924240052700042,0.04483927662671384,0.49908861767219226,l40s
resnet152,gemm,480,layer3.18.conv3,256,1024,1,1,0,1.0787951946258545,0.040986963541501976,0.41659269732052023,l40s
resnet152,gemm,480,layer3.19.conv1,1024,256,1,1,0,1.1896495997905732,0.058565662069532946,0.4594007631030605,l40s
resnet152,gemm,480,layer3.19.conv2,256,256,3,1,1,1.3031536042690277,0.05159029803804888,0.5032320107929977,l40s
resnet152,gemm,480,layer3.19.conv3,256,1024,1,1,0,1.0978511929512025,0.05179749700045566,0.4239514525152403,l40s
resnet152,gemm,480,layer3.20.conv1,1024,256,1,1,0,1.192054408788681,0.04417567324286095,0.46032941561472646,l40s
resnet152,gemm,480,layer3.20.conv2,256,256,3,1,1,1.2956032037734986,0.03258723457171976,0.5003163121284577,l40s
resnet152,gemm,480,layer3.20.conv3,256,1024,1,1,0,1.0953727960586548,0.025127644372178418,0.42299438295130387,l40s
resnet152,gemm,480,layer3.21.conv1,1024,256,1,1,0,1.1667200028896332,0.03289593599054976,0.4505461606085178,l40s
resnet152,gemm,480,layer3.21.conv2,256,256,3,1,1,1.2856159925460815,0.027300058028628046,0.4964596030101136,l40s
resnet152,gemm,480,layer3.21.conv3,256,1024,1,1,0,1.0820256114006042,0.02788051721474984,0.4178401704686826,l40s
resnet152,gemm,480,layer3.22.conv1,1024,256,1,1,0,1.179232007265091,0.025216005273604004,0.4553778558900915,l40s
resnet152,gemm,480,layer3.22.conv2,256,256,3,1,1,1.287452793121338,0.03034788307872152,0.4971689106802792,l40s
resnet152,gemm,480,layer3.22.conv3,256,1024,1,1,0,1.0848016023635865,0.026609904016455185,0.4189121603781365,l40s
resnet152,gemm,480,layer3.23.conv1,1024,256,1,1,0,1.168828809261322,0.031739796763350564,0.45136050733427713,l40s
resnet152,gemm,480,layer3.23.conv2,256,256,3,1,1,1.2803711950778962,0.024351172165246182,0.49443424700643857,l40s
resnet152,gemm,480,layer3.23.conv3,256,1024,1,1,0,1.0858399987220764,0.025980190057243918,0.4193131524682256,l40s
resnet152,gemm,480,layer3.24.conv1,1024,256,1,1,0,1.1573008000850677,0.025715957187270058,0.4469087963316739,l40s
resnet152,gemm,480,layer3.24.conv2,256,256,3,1,1,1.2882223963737487,0.0262128658449549,0.4974661043426033,l40s
resnet152,gemm,480,layer3.24.conv3,256,1024,1,1,0,1.0974463939666748,0.034459494304099766,0.4237951334088176,l40s
resnet152,gemm,480,layer3.25.conv1,1024,256,1,1,0,1.1764527976512908,0.03130233553741634,0.45430462305108754,l40s
resnet152,gemm,480,layer3.25.conv2,256,256,3,1,1,1.2783840119838714,0.031049319424864687,0.4936668669056247,l40s
resnet152,gemm,480,layer3.25.conv3,256,1024,1,1,0,1.0780927956104278,0.024199126875595275,0.4163214555668588,l40s
resnet152,gemm,480,layer3.26.conv1,1024,256,1,1,0,1.1719056010246276,0.03317201744674154,0.4525486559153557,l40s
resnet152,gemm,480,layer3.26.conv2,256,256,3,1,1,1.278934395313263,0.030229867946623638,0.4938794055569774,l40s
resnet152,gemm,480,layer3.26.conv3,256,1024,1,1,0,1.0779536068439484,0.04106946744727676,0.4162677057689794,l40s
resnet152,gemm,480,layer3.27.conv1,1024,256,1,1,0,1.1615360021591186,0.021122574540788048,0.44854428216301206,l40s
resnet152,gemm,480,layer3.27.conv2,256,256,3,1,1,1.2993647873401641,0.034652048634057526,0.5017689031782142,l40s
resnet152,gemm,480,layer3.27.conv3,256,1024,1,1,0,1.0820479989051819,0.0228315956508086,0.4178488157342204,l40s
resnet152,gemm,480,layer3.28.conv1,1024,256,1,1,0,1.1678864002227782,0.020021053303080162,0.4509965821654389,l40s
resnet152,gemm,480,layer3.28.conv2,256,256,3,1,1,1.294870388507843,0.033915404288504494,0.5000333246905474,l40s
resnet152,gemm,480,layer3.28.conv3,256,1024,1,1,0,1.096902424097061,0.036178480799698716,0.42358507140967966,l40s
resnet152,gemm,480,layer3.29.conv1,1024,256,1,1,0,1.1686191856861115,0.02017919827790682,0.4512795580947422,l40s
resnet152,gemm,480,layer3.29.conv2,256,256,3,1,1,1.2948847889900208,0.038721476705775,0.5000388856494237,l40s
resnet152,gemm,480,layer3.29.conv3,256,1024,1,1,0,1.0916528046131133,0.02924098479526263,0.42155785331340084,l40s
resnet152,gemm,480,layer3.30.conv1,1024,256,1,1,0,1.1739759922027588,0.025390267142862695,0.45334816804676215,l40s
resnet152,gemm,480,layer3.30.conv2,256,256,3,1,1,1.2851711988449097,0.029008460769079727,0.4962878393531697,l40s
resnet152,gemm,480,layer3.30.conv3,256,1024,1,1,0,1.0883503973484039,0.024881611057495288,0.4202825799743003,l40s
resnet152,gemm,480,layer3.31.conv1,1024,256,1,1,0,1.1681600093841553,0.018779029155791802,0.4511022403840864,l40s
resnet152,gemm,480,layer3.31.conv2,256,256,3,1,1,1.2773967921733855,0.029047098498088425,0.49328563739538284,l40s
resnet152,gemm,480,layer3.31.conv3,256,1024,1,1,0,1.0889839947223663,0.03184284390735393,0.4205272529579668,l40s
resnet152,gemm,480,layer3.32.conv1,1024,256,1,1,0,1.1782959997653961,0.02383293597452928,0.4550164027700251,l40s
resnet152,gemm,480,layer3.32.conv2,256,256,3,1,1,1.269732791185379,0.0221646906656334,0.4903260702228872,l40s
resnet152,gemm,480,layer3.32.conv3,256,1024,1,1,0,1.0758559942245483,0.030894103643813862,0.41545768167598873,l40s
resnet152,gemm,480,layer3.33.conv1,1024,256,1,1,0,1.1785568118095398,0.03727061776472716,0.45511711919285003,l40s
resnet152,gemm,480,layer3.33.conv2,256,256,3,1,1,1.28717600107193,0.037555291239859415,0.4970620233424099,l40s
resnet152,gemm,480,layer3.33.conv3,256,1024,1,1,0,1.0774576127529145,0.032191548019952554,0.41607617032530275,l40s
resnet152,gemm,480,layer3.34.conv1,1024,256,1,1,0,1.1864448070526123,0.0388760049930061,0.45816318505514997,l40s
resnet152,gemm,480,layer3.34.conv2,256,256,3,1,1,1.2922112047672272,0.03440224017089549,0.4990064416151569,l40s
resnet152,gemm,480,layer3.34.conv3,256,1024,1,1,0,1.0854079961776733,0.02957741683932721,0.4191463283053829,l40s
resnet152,gemm,480,layer3.35.conv1,1024,256,1,1,0,1.1788895964622497,0.03291175467042421,0.45524562890144904,l40s
resnet152,gemm,480,layer3.35.conv2,256,256,3,1,1,1.2931504011154176,0.025552825879347846,0.49936912615616647,l40s
resnet152,gemm,480,layer3.35.conv3,256,1024,1,1,0,1.0810400009155274,0.030227412639475103,0.41745956242321586,l40s
resnet152,gemm,480,layer4.0.conv1,1024,512,1,1,0,1.5525376200675964,0.025768722722076424,0.5995353316899549,l40s
resnet152,gemm,480,layer4.0.conv2,512,512,3,2,1,2.2545536041259764,0.028514141438422437,0.8706291721314933,l40s
resnet152,gemm,480,layer4.0.conv3,512,2048,1,1,0,1.2945376217365265,0.024742541467900184,0.49990482188711277,l40s
resnet152,gemm,480,layer4.0.downsample.0,1024,2048,1,2,0,2.1381775975227355,0.04833523236267533,0.8256888584039659,l40s
resnet152,gemm,480,layer4.1.conv1,2048,512,1,1,0,1.4538912057876587,0.032067375111897015,0.5614415618895346,l40s
resnet152,gemm,480,layer4.1.conv2,512,512,3,1,1,1.9083215951919557,0.03968161949321011,0.7369265683202569,l40s
resnet152,gemm,480,layer4.1.conv3,512,2048,1,1,0,1.3389423966407776,0.021413133522356506,0.5170523815383107,l40s
resnet152,gemm,480,layer4.2.conv1,2048,512,1,1,0,1.4507023990154266,0.03881089216794923,0.5602101570583898,l40s
resnet152,gemm,480,layer4.2.conv2,512,512,3,1,1,1.8967392086982726,0.02556952620780487,0.7324538587134204,l40s
resnet152,gemm,480,layer4.2.conv3,512,2048,1,1,0,1.3344591975212097,0.02353002049829284,0.5153211279851342,l40s
resnet152,gemm,482,conv1,3,64,7,2,3,2.45703843832016,0.04021589011893341,0.9069127813875464,l40s
resnet152,gemm,482,layer1.0.conv1,64,64,1,1,0,1.5592319965362549,0.0669776383626694,0.5755251544920648,l40s
resnet152,gemm,482,layer1.0.conv2,64,64,3,1,1,1.8611823976039887,0.06372570794220438,0.686977492315744,l40s
resnet152,gemm,482,layer1.0.conv3,64,256,1,1,0,2.8904816031455995,0.04592119612683055,1.0669001629663273,l40s
resnet152,gemm,482,layer1.0.downsample.0,64,256,1,1,0,2.729752004146576,0.0565882451552391,1.0075735666029557,l40s
resnet152,gemm,482,layer1.1.conv1,256,64,1,1,0,2.7784672021865844,0.09399917820693786,1.025554740629893,l40s
resnet152,gemm,482,layer1.1.conv2,64,64,3,1,1,1.844163191318512,0.05102617001106184,0.6806955654770565,l40s
resnet152,gemm,482,layer1.1.conv3,64,256,1,1,0,2.6416895985603333,0.0381047079389201,0.9750690196897621,l40s
resnet152,gemm,482,layer1.2.conv1,256,64,1,1,0,2.6630000114440917,0.048525203497073226,0.9829348656283139,l40s
resnet152,gemm,482,layer1.2.conv2,64,64,3,1,1,1.8152815997600555,0.039729954185492855,0.670035136188418,l40s
resnet152,gemm,482,layer1.2.conv3,64,256,1,1,0,2.6188560009002684,0.057100083534073406,0.966640953917567,l40s
resnet152,gemm,482,layer2.0.conv1,256,128,1,1,0,3.0869151830673216,0.047853131298867514,1.139405387771243,l40s
resnet152,gemm,482,layer2.0.conv2,128,128,3,2,1,1.9491264045238494,0.04063067319404516,0.7194383373225424,l40s
resnet152,gemm,482,layer2.0.conv3,128,512,1,1,0,1.9877023935317992,0.028010303292562672,0.7336770472020239,l40s
resnet152,gemm,482,layer2.0.downsample.0,256,512,1,2,0,3.3981056094169615,0.06347586097737067,1.254268293739812,l40s
resnet152,gemm,482,layer2.1.conv1,512,128,1,1,0,1.7845263957977295,0.04100225508515198,0.6586831413915097,l40s
resnet152,gemm,482,layer2.1.conv2,128,128,3,1,1,1.4838640093803406,0.036034159363707984,0.5477062202038888,l40s
resnet152,gemm,482,layer2.1.conv3,128,512,1,1,0,2.019073611497879,0.0344091310771786,0.7452564177553734,l40s
resnet152,gemm,482,layer2.2.conv1,512,128,1,1,0,1.7961391985416413,0.03089623499575655,0.662969520909197,l40s
resnet152,gemm,482,layer2.2.conv2,128,128,3,1,1,1.4764032125473023,0.04523155595092609,0.544952379685283,l40s
resnet152,gemm,482,layer2.2.conv3,128,512,1,1,0,1.884966403245926,0.04259767723083844,0.6957563613691778,l40s
resnet152,gemm,482,layer2.3.conv1,512,128,1,1,0,1.7815744042396546,0.03072468438700338,0.6575935374061538,l40s
resnet152,gemm,482,layer2.3.conv2,128,128,3,1,1,1.4852623999118806,0.04175922580873602,0.5482223774713723,l40s
resnet152,gemm,482,layer2.3.conv3,128,512,1,1,0,1.8939743995666505,0.03893577201800069,0.6990812857458362,l40s
resnet152,gemm,482,layer2.4.conv1,512,128,1,1,0,1.7698271989822387,0.027191704017909574,0.6532575488325207,l40s
resnet152,gemm,482,layer2.4.conv2,128,128,3,1,1,1.4670240044593812,0.05056680326225077,0.5414904380397771,l40s
resnet152,gemm,482,layer2.4.conv3,128,512,1,1,0,1.9067871928215028,0.03273630623499655,0.7038105914770262,l40s
resnet152,gemm,482,layer2.5.conv1,512,128,1,1,0,1.7826815962791442,0.03756369062535096,0.6580022109524863,l40s
resnet152,gemm,482,layer2.5.conv2,128,128,3,1,1,1.4723327994346618,0.04184242156418005,0.5434499572486584,l40s
resnet152,gemm,482,layer2.5.conv3,128,512,1,1,0,1.9098735928535462,0.04046680368283627,0.7049498067183835,l40s
resnet152,gemm,482,layer2.6.conv1,512,128,1,1,0,1.789577603340149,0.0365317705814059,0.6605475829933242,l40s
resnet152,gemm,482,layer2.6.conv2,128,128,3,1,1,1.4570575892925262,0.034011463015083995,0.5378117535070212,l40s
resnet152,gemm,482,layer2.6.conv3,128,512,1,1,0,1.9038639903068542,0.04285837067579125,0.702731613760694,l40s
resnet152,gemm,482,layer2.7.conv1,512,128,1,1,0,1.7762416005134583,0.0335341163778501,0.6556251563729188,l40s
resnet152,gemm,482,layer2.7.conv2,128,128,3,1,1,1.4600879907608033,0.03590007690489606,0.538930299225091,l40s
resnet152,gemm,482,layer2.7.conv3,128,512,1,1,0,1.9231087923049928,0.047584025108804606,0.7098350259968156,l40s
resnet152,gemm,482,layer3.0.conv1,512,256,1,1,0,1.948252809047699,0.05247617882780018,0.7191158861590901,l40s
resnet152,gemm,482,layer3.0.conv2,256,256,3,2,1,1.7187039971351623,0.04847491983081434,0.6343875611036077,l40s
resnet152,gemm,482,layer3.0.conv3,256,1024,1,1,0,1.256142395734787,0.04846613157945331,0.4636523288229521,l40s
resnet152,gemm,482,layer3.0.downsample.0,512,1024,1,2,0,2.2847472071647643,0.08644482232129153,0.8433186929846589,l40s
resnet152,gemm,482,layer3.1.conv1,1024,256,1,1,0,1.2081024110317231,0.03698234420002001,0.44592038150565344,l40s
resnet152,gemm,482,layer3.1.conv2,256,256,3,1,1,1.391652810573578,0.02626182466909519,0.5136703201216354,l40s
resnet152,gemm,482,layer3.1.conv3,256,1024,1,1,0,1.3192032098770141,0.060572710272675044,0.48692858590478705,l40s
resnet152,gemm,482,layer3.2.conv1,1024,256,1,1,0,1.224027192592621,0.055663298838896015,0.45179834731731444,l40s
resnet152,gemm,482,layer3.2.conv2,256,256,3,1,1,1.393801599740982,0.02656230366112324,0.5144634556013384,l40s
resnet152,gemm,482,layer3.2.conv3,256,1024,1,1,0,1.279420804977417,0.048450027236119214,0.47224457815175974,l40s
resnet152,gemm,482,layer3.3.conv1,1024,256,1,1,0,1.2259999930858612,0.048159012740302994,0.45252652395246323,l40s
resnet152,gemm,482,layer3.3.conv2,256,256,3,1,1,1.4049632132053376,0.03310681299457287,0.5185832975028155,l40s
resnet152,gemm,482,layer3.3.conv3,256,1024,1,1,0,1.3010368049144745,0.05661419638976622,0.4802232187459186,l40s
resnet152,gemm,482,layer3.4.conv1,1024,256,1,1,0,1.217822402715683,0.049355138335226714,0.4495081091356659,l40s
resnet152,gemm,482,layer3.4.conv2,256,256,3,1,1,1.3941248059272766,0.028979431272748598,0.5145827536215902,l40s
resnet152,gemm,482,layer3.4.conv3,256,1024,1,1,0,1.295633602142334,0.04826929037321682,0.4782288528548286,l40s
resnet152,gemm,482,layer3.5.conv1,1024,256,1,1,0,1.230694407224655,0.062357920244602696,0.4542592702201648,l40s
resnet152,gemm,482,layer3.5.conv2,256,256,3,1,1,1.379371201992035,0.023265227557777105,0.5091370789541853,l40s
resnet152,gemm,482,layer3.5.conv3,256,1024,1,1,0,1.2926255941390992,0.05478281293749064,0.47711857274601804,l40s
resnet152,gemm,482,layer3.6.conv1,1024,256,1,1,0,1.220273596048355,0.055848745476758915,0.45041286444123285,l40s
resnet152,gemm,482,layer3.6.conv2,256,256,3,1,1,1.3708879828453064,0.024970480934584274,0.506005854081391,l40s
resnet152,gemm,482,layer3.6.conv3,256,1024,1,1,0,1.3111216008663178,0.05419488318079832,0.48394559858490277,l40s
resnet152,gemm,482,layer3.7.conv1,1024,256,1,1,0,1.2301248133182525,0.05192973491254772,0.4540490284975038,l40s
resnet152,gemm,482,layer3.7.conv2,256,256,3,1,1,1.3849376022815705,0.03234185445380618,0.5111916823703005,l40s
resnet152,gemm,482,layer3.7.conv3,256,1024,1,1,0,1.2966448068618774,0.05434724397905711,0.47860209670419235,l40s
resnet152,gemm,482,layer3.8.conv1,1024,256,1,1,0,1.228224015235901,0.05174667407149697,0.45334742853519294,l40s
resnet152,gemm,482,layer3.8.conv2,256,256,3,1,1,1.3769456088542937,0.022030796022828075,0.5082417728878433,l40s
resnet152,gemm,482,layer3.8.conv3,256,1024,1,1,0,1.2812575936317443,0.04812964599824043,0.47292255171592423,l40s
resnet152,gemm,482,layer3.9.conv1,1024,256,1,1,0,1.2161136031150819,0.053135155730334095,0.4488773773675155,l40s
resnet152,gemm,482,layer3.9.conv2,256,256,3,1,1,1.3804127991199493,0.02295222854784957,0.5095215408875556,l40s
resnet152,gemm,482,layer3.9.conv3,256,1024,1,1,0,1.2917167961597442,0.04317344268669179,0.4767831280536104,l40s
resnet152,gemm,482,layer3.10.conv1,1024,256,1,1,0,1.2328528046607972,0.05394613682728745,0.455055952189654,l40s
resnet152,gemm,482,layer3.10.conv2,256,256,3,1,1,1.3885087966918945,0.029170467491010887,0.5125098391418962,l40s
resnet152,gemm,482,layer3.10.conv3,256,1024,1,1,0,1.285539197921753,0.06380767278606356,0.47450292652605847,l40s
resnet152,gemm,482,layer3.11.conv1,1024,256,1,1,0,1.2267359852790833,0.057628674627540434,0.4527981846300598,l40s
resnet152,gemm,482,layer3.11.conv2,256,256,3,1,1,1.381827211380005,0.026126505125029346,0.5100436119047567,l40s
resnet152,gemm,482,layer3.11.conv3,256,1024,1,1,0,1.2833055913448335,0.05295372073968386,0.4736784842537656,l40s
resnet152,gemm,482,layer3.12.conv1,1024,256,1,1,0,1.2144815862178802,0.04615458421457503,0.44827498671687327,l40s
resnet152,gemm,482,layer3.12.conv2,256,256,3,1,1,1.3879391968250274,0.03373419843958485,0.5122995952191794,l40s
resnet152,gemm,482,layer3.12.conv3,256,1024,1,1,0,1.2922991931438446,0.052245387140288924,0.4769980954959119,l40s
resnet152,gemm,482,layer3.13.conv1,1024,256,1,1,0,1.2231472074985503,0.06355247820486927,0.4514735376941533,l40s
resnet152,gemm,482,layer3.13.conv2,256,256,3,1,1,1.3820528030395507,0.03212506861760449,0.5101268796128339,l40s
resnet152,gemm,482,layer3.13.conv3,256,1024,1,1,0,1.2881695866584777,0.057120766888019384,0.47547382430614543,l40s
resnet152,gemm,482,layer3.14.conv1,1024,256,1,1,0,1.220798397064209,0.05106800920758096,0.4506065727453197,l40s
resnet152,gemm,482,layer3.14.conv2,256,256,3,1,1,1.3763232052326202,0.032333870439836904,0.5080120386716934,l40s
resnet152,gemm,482,layer3.14.conv3,256,1024,1,1,0,1.2922143995761872,0.054696209055736356,0.4769667975035449,l40s
resnet152,gemm,482,layer3.15.conv1,1024,256,1,1,0,1.2281488060951233,0.058009383889373274,0.4533196682323892,l40s
resnet152,gemm,482,layer3.15.conv2,256,256,3,1,1,1.3808752000331879,0.030531549658566887,0.5096922168085348,l40s
resnet152,gemm,482,layer3.15.conv3,256,1024,1,1,0,1.298308789730072,0.04259050337630627,0.4792162862535456,l40s
resnet152,gemm,482,layer3.16.conv1,1024,256,1,1,0,1.2264032185077667,0.05802983191806941,0.4526753577204675,l40s
resnet152,gemm,482,layer3.16.conv2,256,256,3,1,1,1.3819503962993622,0.031883157275496087,0.5100890804558778,l40s
resnet152,gemm,482,layer3.16.conv3,256,1024,1,1,0,1.2805583953857422,0.045001221984574576,0.47266447198215483,l40s
resnet152,gemm,482,layer3.17.conv1,1024,256,1,1,0,1.2231888055801392,0.05745630967802848,0.45148889188287333,l40s
resnet152,gemm,482,layer3.17.conv2,256,256,3,1,1,1.3738047897815704,0.03359716819835347,0.5070824711379586,l40s
resnet152,gemm,482,layer3.17.conv3,256,1024,1,1,0,1.2947919905185699,0.052374247252245654,0.4779182071902545,l40s
resnet152,gemm,482,layer3.18.conv1,1024,256,1,1,0,1.2231775999069214,0.05706307420994507,0.4514847557781601,l40s
resnet152,gemm,482,layer3.18.conv2,256,256,3,1,1,1.3822287976741792,0.031055079627157416,0.5101918406574438,l40s
resnet152,gemm,482,layer3.18.conv3,256,1024,1,1,0,1.290310400724411,0.05330128425202886,0.476264016111324,l40s
resnet152,gemm,482,layer3.19.conv1,1024,256,1,1,0,1.2313728094100953,0.05681306533767612,0.45450967395960234,l40s
resnet152,gemm,482,layer3.19.conv2,256,256,3,1,1,1.3775488018989563,0.031043058431074105,0.5084644163244769,l40s
resnet152,gemm,482,layer3.19.conv3,256,1024,1,1,0,1.2868624091148377,0.05351677531882608,0.47499133449101655,l40s
resnet152,gemm,482,layer3.20.conv1,1024,256,1,1,0,1.2266783893108368,0.05719983440310246,0.452776925491845,l40s
resnet152,gemm,482,layer3.20.conv2,256,256,3,1,1,1.376123195886612,0.02663442198441372,0.5079382136026742,l40s
resnet152,gemm,482,layer3.20.conv3,256,1024,1,1,0,1.2930992007255555,0.05426624349832771,0.4772933847717104,l40s
resnet152,gemm,482,layer3.21.conv1,1024,256,1,1,0,1.2297695994377136,0.05424457521025653,0.453917916178151,l40s
resnet152,gemm,482,layer3.21.conv2,256,256,3,1,1,1.3728847980499268,0.025858605437806548,0.5067428947409491,l40s
resnet152,gemm,482,layer3.21.conv3,256,1024,1,1,0,1.2910896003246308,0.05064285785292957,0.47655162499267895,l40s
resnet152,gemm,482,layer3.22.conv1,1024,256,1,1,0,1.2182272017002105,0.05509182076488873,0.4496575237183745,l40s
resnet152,gemm,482,layer3.22.conv2,256,256,3,1,1,1.38026722073555,0.02368715067148326,0.5094678067271753,l40s
resnet152,gemm,482,layer3.22.conv3,256,1024,1,1,0,1.2801583886146546,0.056606332446408905,0.4725168262442277,l40s
resnet152,gemm,482,layer3.23.conv1,1024,256,1,1,0,1.2247279942035676,0.05528584305812494,0.45205701886606686,l40s
resnet152,gemm,482,layer3.23.conv2,256,256,3,1,1,1.3750639975070953,0.029325505663078517,0.5075472549048259,l40s
resnet152,gemm,482,layer3.23.conv3,256,1024,1,1,0,1.290721595287323,0.04997210320225762,0.47641579135379714,l40s
resnet152,gemm,482,layer3.24.conv1,1024,256,1,1,0,1.2133311986923219,0.05054805433506928,0.44785036936689365,l40s
resnet152,gemm,482,layer3.24.conv2,256,256,3,1,1,1.3660176157951356,0.022855493937622665,0.5042081621694694,l40s
resnet152,gemm,482,layer3.24.conv3,256,1024,1,1,0,1.288435196876526,0.06880677894889602,0.47557186318818256,l40s
resnet152,gemm,482,layer3.25.conv1,1024,256,1,1,0,1.2253984034061431,0.060888437082847816,0.45230447233081256,l40s
resnet152,gemm,482,layer3.25.conv2,256,256,3,1,1,1.3710063993930817,0.032163829683959144,0.5060495625879533,l40s
resnet152,gemm,482,layer3.25.conv3,256,1024,1,1,0,1.2693903923034668,0.05666488480836475,0.46854227162096884,l40s
resnet152,gemm,482,layer3.26.conv1,1024,256,1,1,0,1.2117663979530335,0.04580640908030174,0.4472727887443635,l40s
resnet152,gemm,482,layer3.26.conv2,256,256,3,1,1,1.369568008184433,0.024271454600958264,0.5055186407466773,l40s
resnet152,gemm,482,layer3.26.conv3,256,1024,1,1,0,1.287391996383667,0.0564635042780191,0.4751868094398292,l40s
resnet152,gemm,482,layer3.27.conv1,1024,256,1,1,0,1.2203887939453124,0.05513149964054707,0.45045538491771797,l40s
resnet152,gemm,482,layer3.27.conv2,256,256,3,1,1,1.3659839987754823,0.021904827545122775,0.5041957538553297,l40s
resnet152,gemm,482,layer3.27.conv3,256,1024,1,1,0,1.2710368096828462,0.05504258795471438,0.4691499776061787,l40s
resnet152,gemm,482,layer3.28.conv1,1024,256,1,1,0,1.2108031988143921,0.051320162941516846,0.4469172641435956,l40s
resnet152,gemm,482,layer3.28.conv2,256,256,3,1,1,1.374558401107788,0.028757885319109774,0.5073606351801998,l40s
resnet152,gemm,482,layer3.28.conv3,256,1024,1,1,0,1.274804800748825,0.06524088587995173,0.47054077361677205,l40s
resnet152,gemm,482,layer3.29.conv1,1024,256,1,1,0,1.2347568035125733,0.056697684740496954,0.45575873358187485,l40s
resnet152,gemm,482,layer3.29.conv2,256,256,3,1,1,1.376361608505249,0.03041874162298079,0.5080262136305589,l40s
resnet152,gemm,482,layer3.29.conv3,256,1024,1,1,0,1.277814394235611,0.05574100022466599,0.4716516389403984,l40s
resnet152,gemm,482,layer3.30.conv1,1024,256,1,1,0,1.2321695983409882,0.07123535410691505,0.4548037752053235,l40s
resnet152,gemm,482,layer3.30.conv2,256,256,3,1,1,1.388675194978714,0.039546646663674696,0.5125712580968316,l40s
resnet152,gemm,482,layer3.30.conv3,256,1024,1,1,0,1.2760751962661743,0.07665666479026795,0.47100968688818556,l40s
resnet152,gemm,482,layer3.31.conv1,1024,256,1,1,0,1.2498719990253448,0.0641758023593508,0.46133787462823,l40s
resnet152,gemm,482,layer3.31.conv2,256,256,3,1,1,1.3775216102600099,0.026660129955182597,0.5084543796703803,l40s
resnet152,gemm,482,layer3.31.conv3,256,1024,1,1,0,1.2616095960140228,0.07042311228629057,0.46567031671207704,l40s
resnet152,gemm,482,layer3.32.conv1,1024,256,1,1,0,1.2280096113681793,0.067052777371098,0.4532682903316618,l40s
resnet152,gemm,482,layer3.32.conv2,256,256,3,1,1,1.3840287923812866,0.03096655395519484,0.5108562332777814,l40s
resnet152,gemm,482,layer3.32.conv3,256,1024,1,1,0,1.2535376131534577,0.06490886607755303,0.46269088248214585,l40s
resnet152,gemm,482,layer3.33.conv1,1024,256,1,1,0,1.219481599330902,0.05228390287359727,0.4501205320402933,l40s
resnet152,gemm,482,layer3.33.conv2,256,256,3,1,1,1.3750671982765197,0.02757514704099215,0.5075484363347361,l40s
resnet152,gemm,482,layer3.33.conv3,256,1024,1,1,0,1.2525280117988586,0.0548942031592289,0.462318230447765,l40s
resnet152,gemm,482,layer3.34.conv1,1024,256,1,1,0,1.2300927996635438,0.058609032697813875,0.4540372119983471,l40s
resnet152,gemm,482,layer3.34.conv2,256,256,3,1,1,1.3824991941452027,0.029501174625861146,0.5102916461842067,l40s
resnet152,gemm,482,layer3.34.conv3,256,1024,1,1,0,1.2666351914405822,0.061229226681820584,0.467525304674555,l40s
resnet152,gemm,482,layer3.35.conv1,1024,256,1,1,0,1.2350048005580903,0.07318863558154963,0.4558502712993229,l40s
resnet152,gemm,482,layer3.35.conv2,256,256,3,1,1,1.3837455987930298,0.029118928913996978,0.5107517042314338,l40s
resnet152,gemm,482,layer3.35.conv3,256,1024,1,1,0,1.2638527929782868,0.07314117993485508,0.46649829887398886,l40s
resnet152,gemm,482,layer4.0.conv1,1024,512,1,1,0,1.5799728095531465,0.028333560247805777,0.5831807565079,l40s
resnet152,gemm,482,layer4.0.conv2,512,512,3,2,1,2.331435191631317,0.03166180118580728,0.8605516060679756,l40s
resnet152,gemm,482,layer4.0.conv3,512,2048,1,1,0,1.314153605699539,0.025511274490676927,0.4850647361179555,l40s
resnet152,gemm,482,layer4.0.downsample.0,1024,2048,1,2,0,2.3756608247756956,0.050959274714669996,0.8768756453414579,l40s
resnet152,gemm,482,layer4.1.conv1,2048,512,1,1,0,1.4648175954818725,0.03055520611590445,0.5406760346216366,l40s
resnet152,gemm,482,layer4.1.conv2,512,512,3,1,1,1.9597616076469422,0.0323215685963986,0.7233638769048941,l40s
resnet152,gemm,482,layer4.1.conv3,512,2048,1,1,0,1.3937824010848998,0.02505840270482741,0.5144563692219334,l40s
resnet152,gemm,482,layer4.2.conv1,2048,512,1,1,0,1.4864832043647767,0.1087800773606562,0.5486729862793741,l40s
resnet152,gemm,482,layer4.2.conv2,512,512,3,1,1,1.9515919923782348,0.05168622816720483,0.7203484057626213,l40s
resnet152,gemm,482,layer4.2.conv3,512,2048,1,1,0,1.3766800045967102,0.1169995283699105,0.508143736205862,l40s
resnet152,gemm,485,conv1,3,64,7,2,3,2.503481590747833,0.12680659537317907,0.9356849648864429,l40s
resnet152,gemm,485,layer1.0.conv1,64,64,1,1,0,1.5459280014038086,0.053797602437398985,0.5777959754353124,l40s
resnet152,gemm,485,layer1.0.conv2,64,64,3,1,1,1.6858831942081451,0.038532423369801415,0.6301047162500123,l40s
resnet152,gemm,485,layer1.0.conv3,64,256,1,1,0,2.7493024110794066,0.04861595428560056,1.027561352749793,l40s
resnet152,gemm,485,layer1.0.downsample.0,64,256,1,1,0,3.1283967971801756,0.0983480906289292,1.169249200049436,l40s
resnet152,gemm,485,layer1.1.conv1,256,64,1,1,0,2.89105761051178,0.10323219051224626,1.0805428523116611,l40s
resnet152,gemm,485,layer1.1.conv2,64,64,3,1,1,1.7324095964431763,0.05268527584812391,0.647494121150159,l40s
resnet152,gemm,485,layer1.1.conv3,64,256,1,1,0,2.776176023483276,0.08494948685061463,1.0376054589942394,l40s
resnet152,gemm,485,layer1.2.conv1,256,64,1,1,0,2.7195056319236754,0.07045567991256467,1.0164247027496105,l40s
resnet152,gemm,485,layer1.2.conv2,64,64,3,1,1,1.7171456038951873,0.06543199316330257,0.641789150766484,l40s
resnet152,gemm,485,layer1.2.conv3,64,256,1,1,0,2.834817612171173,0.3804490300478468,1.059522957031814,l40s
resnet152,gemm,485,layer2.0.conv1,256,128,1,1,0,3.1220352172851564,0.07663411165559894,1.1668715374044651,l40s
resnet152,gemm,485,layer2.0.conv2,128,128,3,2,1,1.9717679917812347,0.07879611320844698,0.7369551551617032,l40s
resnet152,gemm,485,layer2.0.conv3,128,512,1,1,0,1.8044927895069123,0.03464950591111825,0.674435465644167,l40s
resnet152,gemm,485,layer2.0.downsample.0,256,512,1,2,0,3.1270272016525267,0.0783514290717143,1.168737308950283,l40s
resnet152,gemm,485,layer2.1.conv1,512,128,1,1,0,1.8150863885879516,0.04063403443405934,0.6783948602012496,l40s
resnet152,gemm,485,layer2.1.conv2,128,128,3,1,1,1.481526404619217,0.03210583629279119,0.5537256543078376,l40s
resnet152,gemm,485,layer2.1.conv3,128,512,1,1,0,1.774889600276947,0.042494664196116305,0.6633711705530685,l40s
resnet152,gemm,485,layer2.2.conv1,512,128,1,1,0,1.7817647993564605,0.02667653427531466,0.665940800157327,l40s
resnet152,gemm,485,layer2.2.conv2,128,128,3,1,1,1.4624800026416778,0.033693738691884474,0.5466069952246513,l40s
resnet152,gemm,485,layer2.2.conv3,128,512,1,1,0,1.7618111848831177,0.025392493600670443,0.6584830672437527,l40s
resnet152,gemm,485,layer2.3.conv1,512,128,1,1,0,1.7753088057041169,0.0334239320197007,0.6635278500416859,l40s
resnet152,gemm,485,layer2.3.conv2,128,128,3,1,1,1.4692735970020294,0.026025758082658983,0.5491461247808704,l40s
resnet152,gemm,485,layer2.3.conv3,128,512,1,1,0,1.7631679952144623,0.03821056837212621,0.6589901798312523,l40s
resnet152,gemm,485,layer2.4.conv1,512,128,1,1,0,1.8018159985542297,0.030845724890204266,0.6734350057015712,l40s
resnet152,gemm,485,layer2.4.conv2,128,128,3,1,1,1.4630960166454314,0.032088683319945195,0.5468372326043077,l40s
resnet152,gemm,485,layer2.4.conv3,128,512,1,1,0,1.7556976079940796,0.021313647413248243,0.6561980965861329,l40s
resnet152,gemm,485,layer2.5.conv1,512,128,1,1,0,1.7973552167415618,0.03316067520517055,0.6717677729609042,l40s
resnet152,gemm,485,layer2.5.conv2,128,128,3,1,1,1.458510398864746,0.029957814472102974,0.5451233419857546,l40s
resnet152,gemm,485,layer2.5.conv3,128,512,1,1,0,1.7570784091949463,0.030091046565158618,0.6567141758446835,l40s
resnet152,gemm,485,layer2.6.conv1,512,128,1,1,0,1.7869520008563995,0.04063141182686776,0.6678795347864398,l40s
resnet152,gemm,485,layer2.6.conv2,128,128,3,1,1,1.4654032111167907,0.03133565974223872,0.5476995545745983,l40s
resnet152,gemm,485,layer2.6.conv3,128,512,1,1,0,1.746894407272339,0.0262998995574848,0.6529078696523093,l40s
resnet152,gemm,485,layer2.7.conv1,512,128,1,1,0,1.786790406703949,0.033512965291100524,0.6678191384090828,l40s
resnet152,gemm,485,layer2.7.conv2,128,128,3,1,1,1.4712096095085143,0.0334369549074734,0.549869716198856,l40s
resnet152,gemm,485,layer2.7.conv3,128,512,1,1,0,1.7603600025177002,0.020171412913504612,0.6579406827797936,l40s
resnet152,gemm,485,layer3.0.conv1,512,256,1,1,0,1.9467663943767548,0.03285668107413392,0.727610721044044,l40s
resnet152,gemm,485,layer3.0.conv2,256,256,3,2,1,1.7263472020626067,0.0321518611682406,0.6452282801333628,l40s
resnet152,gemm,485,layer3.0.conv3,256,1024,1,1,0,1.3072383940219878,0.03323737999338768,0.4885849032519923,l40s
resnet152,gemm,485,layer3.0.downsample.0,512,1024,1,2,0,2.272287976741791,0.035634112653569555,0.8492755463380152,l40s
resnet152,gemm,485,layer3.1.conv1,1024,256,1,1,0,1.1971615970134735,0.031926271790515916,0.44744331694100337,l40s
resnet152,gemm,485,layer3.1.conv2,256,256,3,1,1,1.384590393304825,0.0270787640053798,0.5174954824231526,l40s
resnet152,gemm,485,layer3.1.conv3,256,1024,1,1,0,1.3153247952461242,0.02783791953135508,0.49160722387676814,l40s
resnet152,gemm,485,layer3.2.conv1,1024,256,1,1,0,1.2100080013275147,0.029609319857617583,0.4522447053010871,l40s
resnet152,gemm,485,layer3.2.conv2,256,256,3,1,1,1.3851024031639099,0.03355511863801519,0.5176868478914628,l40s
resnet152,gemm,485,layer3.2.conv3,256,1024,1,1,0,1.281612801551819,0.031431638130097646,0.479007248804978,l40s
resnet152,gemm,485,layer3.3.conv1,1024,256,1,1,0,1.2129391968250274,0.030099474660233428,0.45334024982847715,l40s
resnet152,gemm,485,layer3.3.conv2,256,256,3,1,1,1.3963440120220185,0.03807984570373468,0.5218884383599289,l40s
resnet152,gemm,485,layer3.3.conv3,256,1024,1,1,0,1.29064000248909,0.029880691187816763,0.4823811965996132,l40s
resnet152,gemm,485,layer3.4.conv1,1024,256,1,1,0,1.2143520057201385,0.03183609058475515,0.4538682920742436,l40s
resnet152,gemm,485,layer3.4.conv2,256,256,3,1,1,1.3789200007915496,0.02713461398893442,0.5153761534697124,l40s
resnet152,gemm,485,layer3.4.conv3,256,1024,1,1,0,1.2890240132808686,0.027049501910044543,0.48177721500408655,l40s
resnet152,gemm,485,layer3.5.conv1,1024,256,1,1,0,1.215038400888443,0.0237511354964415,0.45412483465930864,l40s
resnet152,gemm,485,layer3.5.conv2,256,256,3,1,1,1.3823200047016144,0.026231647337484593,0.516646916774288,l40s
resnet152,gemm,485,layer3.5.conv3,256,1024,1,1,0,1.2843744099140166,0.02858914632142445,0.4800394095498235,l40s
resnet152,gemm,485,layer3.6.conv1,1024,256,1,1,0,1.2188223898410797,0.02602499289628914,0.45553911371107547,l40s
resnet152,gemm,485,layer3.6.conv2,256,256,3,1,1,1.3738304018974303,0.03568204253443902,0.5134738981545026,l40s
resnet152,gemm,485,layer3.6.conv3,256,1024,1,1,0,1.2861775994300841,0.03336255457762274,0.48071335791248,l40s
resnet152,gemm,485,layer3.7.conv1,1024,256,1,1,0,1.2031424045562744,0.031299445764445835,0.44967866459299327,l40s
resnet152,gemm,485,layer3.7.conv2,256,256,3,1,1,1.380348789691925,0.02665414034110062,0.5159101682981093,l40s
resnet152,gemm,485,layer3.7.conv3,256,1024,1,1,0,1.2849839985370637,0.024143770653519712,0.48026724542105936,l40s
resnet152,gemm,485,layer3.8.conv1,1024,256,1,1,0,1.200972807407379,0.021447489464118678,0.44886777010126455,l40s
resnet152,gemm,485,layer3.8.conv2,256,256,3,1,1,1.3859152019023895,0.029603229898227938,0.5179906342511806,l40s
resnet152,gemm,485,layer3.8.conv3,256,1024,1,1,0,1.2770687937736511,0.027693654871627924,0.4773089100698054,l40s
resnet152,gemm,485,layer3.9.conv1,1024,256,1,1,0,1.2098672032356261,0.028982717699206025,0.45219208152380364,l40s
resnet152,gemm,485,layer3.9.conv2,256,256,3,1,1,1.3858624041080474,0.030677884316810553,0.5179709008916354,l40s
resnet152,gemm,485,layer3.9.conv3,256,1024,1,1,0,1.2864064037799836,0.026023822601418944,0.4807988743352461,l40s
resnet152,gemm,485,layer3.10.conv1,1024,256,1,1,0,1.2116303861141204,0.025828594034412948,0.4528510772663126,l40s
resnet152,gemm,485,layer3.10.conv2,256,256,3,1,1,1.3784848034381867,0.03339405358799141,0.5152134969429759,l40s
resnet152,gemm,485,layer3.10.conv3,256,1024,1,1,0,1.3005904138088227,0.02447853802496427,0.4861001974904999,l40s
resnet152,gemm,485,layer3.11.conv1,1024,256,1,1,0,1.205924791097641,0.03587740403424102,0.45071859125467945,l40s
resnet152,gemm,485,layer3.11.conv2,256,256,3,1,1,1.393611192703247,0.02529396210579449,0.5208670376203446,l40s
resnet152,gemm,485,layer3.11.conv3,256,1024,1,1,0,1.2872352123260498,0.023528630927424906,0.4811086444163162,l40s
resnet152,gemm,485,layer3.12.conv1,1024,256,1,1,0,1.2079152047634125,0.022897585460722177,0.45146251529544323,l40s
resnet152,gemm,485,layer3.12.conv2,256,256,3,1,1,1.379316794872284,0.02966243566389328,0.5155244566395345,l40s
resnet152,gemm,485,layer3.12.conv3,256,1024,1,1,0,1.2825760006904603,0.028759806563201967,0.4793672478381441,l40s
resnet152,gemm,485,layer3.13.conv1,1024,256,1,1,0,1.2086367964744569,0.022681462149226606,0.451732212710957,l40s
resnet152,gemm,485,layer3.13.conv2,256,256,3,1,1,1.383048015832901,0.0380073156025487,0.516919013470478,l40s
resnet152,gemm,485,layer3.13.conv3,256,1024,1,1,0,1.2827087998390199,0.027870953671073274,0.47941688198249577,l40s
resnet152,gemm,485,layer3.14.conv1,1024,256,1,1,0,1.203374409675598,0.02565013884015428,0.44976537731448096,l40s
resnet152,gemm,485,layer3.14.conv2,256,256,3,1,1,1.3819679915904999,0.0259947326099416,0.5165153506478463,l40s
resnet152,gemm,485,layer3.14.conv3,256,1024,1,1,0,1.2836848139762878,0.02577157217571836,0.47978167066603683,l40s
resnet152,gemm,485,layer3.15.conv1,1024,256,1,1,0,1.2116464018821715,0.032188224233628424,0.4528570632154092,l40s
resnet152,gemm,485,layer3.15.conv2,256,256,3,1,1,1.377374392747879,0.030178500119152015,0.5147984770795944,l40s
resnet152,gemm,485,layer3.15.conv3,256,1024,1,1,0,1.2941679954528809,0.029169037254215543,0.4836997962588414,l40s
resnet152,gemm,485,layer3.16.conv1,1024,256,1,1,0,1.21596320271492,0.035824585307251515,0.45447048256330447,l40s
resnet152,gemm,485,layer3.16.conv2,256,256,3,1,1,1.3881936073303223,0.030851585402245228,0.5188421962162102,l40s
resnet152,gemm,485,layer3.16.conv3,256,1024,1,1,0,1.2912223935127258,0.027176409315379943,0.4825988672733321,l40s
resnet152,gemm,485,layer3.17.conv1,1024,256,1,1,0,1.220553594827652,0.021084609466859323,0.45618615760509035,l40s
resnet152,gemm,485,layer3.17.conv2,256,256,3,1,1,1.369915211200714,0.022574157143125047,0.5120105819938727,l40s
resnet152,gemm,485,layer3.17.conv3,256,1024,1,1,0,1.2755903959274293,0.021783981457744937,0.4767563537250962,l40s
resnet152,gemm,485,layer3.18.conv1,1024,256,1,1,0,1.2137728035449982,0.03672445708615784,0.45365181324375753,l40s
resnet152,gemm,485,layer3.18.conv2,256,256,3,1,1,1.3772303938865662,0.028997255339574753,0.5147446570035894,l40s
resnet152,gemm,485,layer3.18.conv3,256,1024,1,1,0,1.2868720054626466,0.026026958937799057,0.48097289458596554,l40s
resnet152,gemm,485,layer3.19.conv1,1024,256,1,1,0,1.194974410533905,0.02460747275897372,0.4466258483756668,l40s
resnet152,gemm,485,layer3.19.conv2,256,256,3,1,1,1.3832719922065735,0.031881953754193296,0.5170027254203119,l40s
resnet152,gemm,485,layer3.19.conv3,256,1024,1,1,0,1.2880143880844117,0.02860341581610538,0.4813998640700966,l40s
resnet152,gemm,485,layer3.20.conv1,1024,256,1,1,0,1.208379203081131,0.027842591016986787,0.4516359362829297,l40s
resnet152,gemm,485,layer3.20.conv2,256,256,3,1,1,1.383507215976715,0.03542447782493788,0.5170906411237542,l40s
resnet152,gemm,485,layer3.20.conv3,256,1024,1,1,0,1.281225597858429,0.019615075096878796,0.47886253007583207,l40s
resnet152,gemm,485,layer3.21.conv1,1024,256,1,1,0,1.2189935982227325,0.03494037122583404,0.4556031034400861,l40s
resnet152,gemm,485,layer3.21.conv2,256,256,3,1,1,1.371448016166687,0.02559525811406358,0.5125834731891045,l40s
resnet152,gemm,485,layer3.21.conv3,256,1024,1,1,0,1.2752336025238038,0.021642676639226463,0.4766230009476775,l40s
resnet152,gemm,485,layer3.22.conv1,1024,256,1,1,0,1.207703995704651,0.029000718073935103,0.4513835751740294,l40s
resnet152,gemm,485,layer3.22.conv2,256,256,3,1,1,1.3891184031963348,0.033060069657054984,0.5191878418924617,l40s
resnet152,gemm,485,layer3.22.conv3,256,1024,1,1,0,1.2785440027713775,0.01876079357962719,0.47786027457128166,l40s
resnet152,gemm,485,layer3.23.conv1,1024,256,1,1,0,1.2024928033351898,0.03351429721187562,0.4494358738738656,l40s
resnet152,gemm,485,layer3.23.conv2,256,256,3,1,1,1.3823488056659698,0.026719785257537515,0.5166576812350379,l40s
resnet152,gemm,485,layer3.23.conv3,256,1024,1,1,0,1.2894815921783447,0.029107593951644337,0.4819482367108967,l40s
resnet152,gemm,485,layer3.24.conv1,1024,256,1,1,0,1.2104496121406556,0.03893661570396123,0.4524097588807557,l40s
resnet152,gemm,485,layer3.24.conv2,256,256,3,1,1,1.387911993265152,0.03013133367558031,0.5187369419784102,l40s
resnet152,gemm,485,layer3.24.conv3,256,1024,1,1,0,1.286360001564026,0.01684154151966973,0.4807815313453997,l40s
resnet152,gemm,485,layer3.25.conv1,1024,256,1,1,0,1.2079280018806458,0.03591884001368604,0.4514672982625852,l40s
resnet152,gemm,485,layer3.25.conv2,256,256,3,1,1,1.3784031927585603,0.02764479102909945,0.5151829946671921,l40s
resnet152,gemm,485,layer3.25.conv3,256,1024,1,1,0,1.2845679998397828,0.02718272690115921,0.4801117644589078,l40s
resnet152,gemm,485,layer3.26.conv1,1024,256,1,1,0,1.2261504113674164,0.03988837781761944,0.45827798728214464,l40s
resnet152,gemm,485,layer3.26.conv2,256,256,3,1,1,1.368558394908905,0.02095767064258186,0.5115034671786288,l40s
resnet152,gemm,485,layer3.26.conv3,256,1024,1,1,0,1.2809967994689941,0.02516571509598343,0.47877701588081034,l40s
resnet152,gemm,485,layer3.27.conv1,1024,256,1,1,0,1.206711995601654,0.02517983067905505,0.4510128116801134,l40s
resnet152,gemm,485,layer3.27.conv2,256,256,3,1,1,1.3765152037143706,0.031377559015375305,0.5144773521855188,l40s
resnet152,gemm,485,layer3.27.conv3,256,1024,1,1,0,1.2910063982009887,0.029930296137468563,0.48251813827319673,l40s
resnet152,gemm,485,layer3.28.conv1,1024,256,1,1,0,1.2081264019012452,0.021608085706858043,0.45154145096136844,l40s
resnet152,gemm,485,layer3.28.conv2,256,256,3,1,1,1.3869055926799774,0.030537314108262267,0.5183607962541193,l40s
resnet152,gemm,485,layer3.28.conv3,256,1024,1,1,0,1.2836687862873077,0.025000120735967846,0.4797756802614515,l40s
resnet152,gemm,485,layer3.29.conv1,1024,256,1,1,0,1.2026751935482025,0.021767098504482076,0.4495040428512965,l40s
resnet152,gemm,485,layer3.29.conv2,256,256,3,1,1,1.3674032092094421,0.023675653377177017,0.5110717124996114,l40s
resnet152,gemm,485,layer3.29.conv3,256,1024,1,1,0,1.284203201532364,0.020789603412878565,0.4799754198208129,l40s
resnet152,gemm,485,layer3.30.conv1,1024,256,1,1,0,1.2120224058628082,0.030197885656250832,0.4529975960129019,l40s
resnet152,gemm,485,layer3.30.conv2,256,256,3,1,1,1.3815775871276856,0.026862989222223292,0.5163694356199787,l40s
resnet152,gemm,485,layer3.30.conv3,256,1024,1,1,0,1.2766576051712035,0.02601910497880987,0.47715522689735274,l40s
resnet152,gemm,485,layer3.31.conv1,1024,256,1,1,0,1.1955888092517852,0.022399145221221484,0.4468554820366015,l40s
resnet152,gemm,485,layer3.31.conv2,256,256,3,1,1,1.3846000134944916,0.029412410198614087,0.5174990780025505,l40s
resnet152,gemm,485,layer3.31.conv3,256,1024,1,1,0,1.2896815955638885,0.02614694589049632,0.4820229886729129,l40s
resnet152,gemm,485,layer3.32.conv1,1024,256,1,1,0,1.2281231939792634,0.030465428644521283,0.45901532165509007,l40s
resnet152,gemm,485,layer3.32.conv2,256,256,3,1,1,1.3814031839370728,0.031871792931102864,0.5163042518199908,l40s
resnet152,gemm,485,layer3.32.conv3,256,1024,1,1,0,1.2772271931171417,0.03445473923832308,0.4773681123761853,l40s
resnet152,gemm,485,layer3.33.conv1,1024,256,1,1,0,1.2069072008132935,0.027641134987361583,0.4510857703079194,l40s
resnet152,gemm,485,layer3.33.conv2,256,256,3,1,1,1.3722848057746888,0.028144910289387686,0.5128962262198733,l40s
resnet152,gemm,485,layer3.33.conv3,256,1024,1,1,0,1.2943616032600402,0.020373678001788798,0.4837721578511588,l40s
resnet152,gemm,485,layer3.34.conv1,1024,256,1,1,0,1.2104912102222443,0.03936440959408461,0.4524253063086475,l40s
resnet152,gemm,485,layer3.34.conv2,256,256,3,1,1,1.3898704051971436,0.031104521262011634,0.5194689052597026,l40s
resnet152,gemm,485,layer3.34.conv3,256,1024,1,1,0,1.2928192079067231,0.03457239819826111,0.4831956822152511,l40s
resnet152,gemm,485,layer3.35.conv1,1024,256,1,1,0,1.2032447934150696,0.023820959750840913,0.44971693278561775,l40s
resnet152,gemm,485,layer3.35.conv2,256,256,3,1,1,1.3817535936832428,0.030977429951543956,0.5164352186831995,l40s
resnet152,gemm,485,layer3.35.conv3,256,1024,1,1,0,1.289742398262024,0.025466106383965473,0.48204571389313433,l40s
resnet152,gemm,485,layer4.0.conv1,1024,512,1,1,0,1.600836807489395,0.028364631703387894,0.598318332972921,l40s
resnet152,gemm,485,layer4.0.conv2,512,512,3,2,1,2.3056640028953552,0.03487570316015001,0.8617499523711819,l40s
resnet152,gemm,485,layer4.0.conv3,512,2048,1,1,0,1.326249611377716,0.02123960156238932,0.4956904119602186,l40s
resnet152,gemm,485,layer4.0.downsample.0,1024,2048,1,2,0,2.338704013824463,0.038351252723138225,0.8740987715437706,l40s
resnet152,gemm,485,layer4.1.conv1,2048,512,1,1,0,1.4636512041091918,0.034585510450240595,0.5470447358527654,l40s
resnet152,gemm,485,layer4.1.conv2,512,512,3,1,1,1.9479680120944978,0.02768844709331916,0.7280598298516296,l40s
resnet152,gemm,485,layer4.1.conv3,512,2048,1,1,0,1.4076144099235535,0.03633970537497836,0.5261007888336561,l40s
resnet152,gemm,485,layer4.2.conv1,2048,512,1,1,0,1.473691213130951,0.03273196787235694,0.5507972241968789,l40s
resnet152,gemm,485,layer4.2.conv2,512,512,3,1,1,1.949102407693863,0.028390793590418118,0.7284838141583175,l40s
resnet152,gemm,485,layer4.2.conv3,512,2048,1,1,0,1.3630368113517761,0.023459903726046682,0.5094397560908925,l40s
resnet152,gemm,488,conv1,3,64,7,2,3,2.4686495900154113,0.03529877005602225,0.9174747355058506,l40s
resnet152,gemm,488,layer1.0.conv1,64,64,1,1,0,1.4527743995189666,0.026622026779174243,0.5399242619686717,l40s
resnet152,gemm,488,layer1.0.conv2,64,64,3,1,1,1.6682240068912506,0.031941402520663395,0.619996205892269,l40s
resnet152,gemm,488,layer1.0.conv3,64,256,1,1,0,2.6635823845863342,0.08844777323981916,0.9899215966819875,l40s
resnet152,gemm,488,layer1.0.downsample.0,64,256,1,1,0,2.7009456038475035,0.20014109498300567,1.00380765400172,l40s
resnet152,gemm,488,layer1.1.conv1,256,64,1,1,0,2.736255967617035,0.02220787650038577,1.0169307666504714,l40s
resnet152,gemm,488,layer1.1.conv2,64,64,3,1,1,1.655702406167984,0.029338010395109856,0.6153425473260011,l40s
resnet152,gemm,488,layer1.1.conv3,64,256,1,1,0,2.63782399892807,0.10010199983720103,0.9803484810140299,l40s
resnet152,gemm,488,layer1.2.conv1,256,64,1,1,0,2.6482719779014587,0.030393014106997972,0.9842314771200592,l40s
resnet152,gemm,488,layer1.2.conv2,64,64,3,1,1,1.6477183997631073,0.04190159562642445,0.612375287738323,l40s
resnet152,gemm,488,layer1.2.conv3,64,256,1,1,0,2.5787392020225526,0.021956455959613378,0.9583895895486081,l40s
resnet152,gemm,488,layer2.0.conv1,256,128,1,1,0,3.0388336181640625,0.02474368742561733,1.1293838871858501,l40s
resnet152,gemm,488,layer2.0.conv2,128,128,3,2,1,1.9137104094028472,0.03128640247089556,0.7112313383005117,l40s
resnet152,gemm,488,layer2.0.conv3,128,512,1,1,0,1.7778415977954865,0.02422645451602679,0.6607356330788648,l40s
resnet152,gemm,488,layer2.0.downsample.0,256,512,1,2,0,3.0476751923561096,0.03323186504243457,1.1326698622290936,l40s
resnet152,gemm,488,layer2.1.conv1,512,128,1,1,0,1.779828804731369,0.05321298755267148,0.6614741794344385,l40s
resnet152,gemm,488,layer2.1.conv2,128,128,3,1,1,1.4564927995204926,0.0687974946341742,0.5413062070092733,l40s
resnet152,gemm,488,layer2.1.conv3,128,512,1,1,0,1.786103993654251,0.04961264814940635,0.6638063562328614,l40s
resnet152,gemm,488,layer2.2.conv1,512,128,1,1,0,1.8019935965538025,0.051871279966424766,0.6697117343296646,l40s
resnet152,gemm,488,layer2.2.conv2,128,128,3,1,1,1.4546480000019073,0.044367703291717825,0.5406205864346803,l40s
resnet152,gemm,488,layer2.2.conv3,128,512,1,1,0,1.779724806547165,0.04406160118653905,0.6614355284622909,l40s
resnet152,gemm,488,layer2.3.conv1,512,128,1,1,0,1.7855728089809417,0.06685009193010696,0.663608941209028,l40s
resnet152,gemm,488,layer2.3.conv2,128,128,3,1,1,1.446942400932312,0.04015409312386148,0.5377567970589483,l40s
resnet152,gemm,488,layer2.3.conv3,128,512,1,1,0,1.7767712116241454,0.04213333921535764,0.6603378235746677,l40s
resnet152,gemm,488,layer2.4.conv1,512,128,1,1,0,1.794647991657257,0.05740870528649116,0.6669817369509979,l40s
resnet152,gemm,488,layer2.4.conv2,128,128,3,1,1,1.4419215977191926,0.04975768627886412,0.5358908132763107,l40s
resnet152,gemm,488,layer2.4.conv3,128,512,1,1,0,1.7581968188285828,0.030301422744196713,0.6534346420999797,l40s
resnet152,gemm,488,layer2.5.conv1,512,128,1,1,0,1.7687904059886932,0.026595601515730895,0.6573717535543923,l40s
resnet152,gemm,488,layer2.5.conv2,128,128,3,1,1,1.4373199999332429,0.030449540911787417,0.5341806273800846,l40s
resnet152,gemm,488,layer2.5.conv3,128,512,1,1,0,1.7543840110301971,0.02383806940722531,0.6520176103590203,l40s
resnet152,gemm,488,layer2.6.conv1,512,128,1,1,0,1.780676805973053,0.03422947818768258,0.6617893394790513,l40s
resnet152,gemm,488,layer2.6.conv2,128,128,3,1,1,1.4299280107021333,0.025254472892276923,0.5314333912425201,l40s
resnet152,gemm,488,layer2.6.conv3,128,512,1,1,0,1.7620672047138215,0.027138031910376004,0.6548730727629329,l40s
resnet152,gemm,488,layer2.7.conv1,512,128,1,1,0,1.7708271920681,0.02765488739912837,0.6581287260210573,l40s
resnet152,gemm,488,layer2.7.conv2,128,128,3,1,1,1.4294832050800323,0.02662003953079337,0.5312680790320957,l40s
resnet152,gemm,488,layer2.7.conv3,128,512,1,1,0,1.754320001602173,0.031265574982695395,0.6519938212261744,l40s
resnet152,gemm,488,layer3.0.conv1,512,256,1,1,0,1.9268303871154786,0.022955416251821317,0.7161073839452335,l40s
resnet152,gemm,488,layer3.0.conv2,256,256,3,2,1,1.7109839975833894,0.031511726415092686,0.6358879757526719,l40s
resnet152,gemm,488,layer3.0.conv3,256,1024,1,1,0,1.3017983973026275,0.021536982733948072,0.48381396253152,l40s
resnet152,gemm,488,layer3.0.downsample.0,512,1024,1,2,0,2.2760591983795164,0.02365090859747577,0.8458984294388532,l40s
resnet152,gemm,488,layer3.1.conv1,1024,256,1,1,0,1.1959072053432465,0.02425960700822665,0.44445945319642804,l40s
resnet152,gemm,488,layer3.1.conv2,256,256,3,1,1,1.3900799870491027,0.029672370958182065,0.5166238552478766,l40s
resnet152,gemm,488,layer3.1.conv3,256,1024,1,1,0,1.3021951913833618,0.02513703563084606,0.483961431230903,l40s
resnet152,gemm,488,layer3.2.conv1,1024,256,1,1,0,1.223662394285202,0.024797576436936534,0.4547746817069583,l40s
resnet152,gemm,488,layer3.2.conv2,256,256,3,1,1,1.3899423956871033,0.026765471934313154,0.5165727193560234,l40s
resnet152,gemm,488,layer3.2.conv3,256,1024,1,1,0,1.2878367960453034,0.03475962861730527,0.4786251271161537,l40s
resnet152,gemm,488,layer3.3.conv1,1024,256,1,1,0,1.222166407108307,0.026594593376293864,0.4542186973967535,l40s
resnet152,gemm,488,layer3.3.conv2,256,256,3,1,1,1.388430416584015,0.03399504286439043,0.5160107916392236,l40s
resnet152,gemm,488,layer3.3.conv3,256,1024,1,1,0,1.2854064047336577,0.027337128624301755,0.47772187108708963,l40s
resnet152,gemm,488,layer3.4.conv1,1024,256,1,1,0,1.2223424077033997,0.03436557832419548,0.4542841080974397,l40s
resnet152,gemm,488,layer3.4.conv2,256,256,3,1,1,1.3716080069541932,0.022845672783590336,0.509758735499658,l40s
resnet152,gemm,488,layer3.4.conv3,256,1024,1,1,0,1.29162078499794,0.028049829433153324,0.4800314483200697,l40s
resnet152,gemm,488,layer3.5.conv1,1024,256,1,1,0,1.2157072007656098,0.02336321711850756,0.4518181304411141,l40s
resnet152,gemm,488,layer3.5.conv2,256,256,3,1,1,1.3953183948993684,0.030149186836364087,0.518570711892227,l40s
resnet152,gemm,488,layer3.5.conv3,256,1024,1,1,0,1.2897376000881196,0.026026380758007134,0.47933156179748093,l40s
resnet152,gemm,488,layer3.6.conv1,1024,256,1,1,0,1.2051760017871858,0.026394383530830134,0.4479042055826133,l40s
resnet152,gemm,488,layer3.6.conv2,256,256,3,1,1,1.3781952023506165,0.026748577579639055,0.5122068696449423,l40s
resnet152,gemm,488,layer3.6.conv3,256,1024,1,1,0,1.2993248045444488,0.027327799985903355,0.4828946506653328,l40s
resnet152,gemm,488,layer3.7.conv1,1024,256,1,1,0,1.2242463886737824,0.025945386717100078,0.45499172348533246,l40s
resnet152,gemm,488,layer3.7.conv2,256,256,3,1,1,1.3897008061408997,0.02721358919407819,0.5164829324920228,l40s
resnet152,gemm,488,layer3.7.conv3,256,1024,1,1,0,1.2971856057643891,0.027927317609962164,0.48209961647219834,l40s
resnet152,gemm,488,layer3.8.conv1,1024,256,1,1,0,1.226671999692917,0.02541815113114543,0.4558932029165249,l40s
resnet152,gemm,488,layer3.8.conv2,256,256,3,1,1,1.3735951960086823,0.02062149448144417,0.5104972752096038,l40s
resnet152,gemm,488,layer3.8.conv3,256,1024,1,1,0,1.2883663892745971,0.02682613212325485,0.4788219506790996,l40s
resnet152,gemm,488,layer3.9.conv1,1024,256,1,1,0,1.2264144003391266,0.02476910501700731,0.4557974660003011,l40s
resnet152,gemm,488,layer3.9.conv2,256,256,3,1,1,1.3877552032470704,0.028998400849571823,0.5157598482974756,l40s
resnet152,gemm,488,layer3.9.conv3,256,1024,1,1,0,1.2955983936786652,0.027975482357370317,0.48150972838341044,l40s
resnet152,gemm,488,layer3.10.conv1,1024,256,1,1,0,1.217606395483017,0.032528627000854266,0.452523967015926,l40s
resnet152,gemm,488,layer3.10.conv2,256,256,3,1,1,1.3847776055335999,0.02402372776039271,0.5146532227619365,l40s
resnet152,gemm,488,layer3.10.conv3,256,1024,1,1,0,1.2889120042324067,0.028826520417146128,0.4790247287246874,l40s
resnet152,gemm,488,layer3.11.conv1,1024,256,1,1,0,1.218507182598114,0.02612911280779719,0.4528587449542423,l40s
resnet152,gemm,488,layer3.11.conv2,256,256,3,1,1,1.378001594543457,0.02768814112008206,0.5121349152159363,l40s
resnet152,gemm,488,layer3.11.conv3,256,1024,1,1,0,1.2843200027942658,0.039824066355434534,0.47731810931546037,l40s
resnet152,gemm,488,layer3.12.conv1,1024,256,1,1,0,1.2107440054416656,0.023796542346175755,0.44997355665651667,l40s
resnet152,gemm,488,layer3.12.conv2,256,256,3,1,1,1.3714416027069092,0.035064322559115936,0.5096968912859707,l40s
resnet152,gemm,488,layer3.12.conv3,256,1024,1,1,0,1.2797392010688782,0.03446484333501351,0.47561565228453817,l40s
resnet152,gemm,488,layer3.13.conv1,1024,256,1,1,0,1.2032624006271362,0.03244269567162981,0.4471930148468843,l40s
resnet152,gemm,488,layer3.13.conv2,256,256,3,1,1,1.3776783883571624,0.03694733397440165,0.5120147954907701,l40s
resnet152,gemm,488,layer3.13.conv3,256,1024,1,1,0,1.2710288047790528,0.02727782313315507,0.4723784295679238,l40s
resnet152,gemm,488,layer3.14.conv1,1024,256,1,1,0,1.2169071912765503,0.043730043868053486,0.45226410745668066,l40s
resnet152,gemm,488,layer3.14.conv2,256,256,3,1,1,1.3824304044246674,0.03743657033677028,0.5137808844092976,l40s
resnet152,gemm,488,layer3.14.conv3,256,1024,1,1,0,1.2739312052726746,0.024905494085843822,0.4734571080227307,l40s
resnet152,gemm,488,layer3.15.conv1,1024,256,1,1,0,1.1928111851215362,0.022886846724799265,0.4433088158821964,l40s
resnet152,gemm,488,layer3.15.conv2,256,256,3,1,1,1.375486385822296,0.03012900309672602,0.5112001367583041,l40s
resnet152,gemm,488,layer3.15.conv3,256,1024,1,1,0,1.2774863958358764,0.04277654115585939,0.47477839620183854,l40s
resnet152,gemm,488,layer3.16.conv1,1024,256,1,1,0,1.2496752083301543,0.07923220742337625,0.46444235579978344,l40s
resnet152,gemm,488,layer3.16.conv2,256,256,3,1,1,1.368705588579178,0.024371124111933772,0.5086800503992231,l40s
resnet152,gemm,488,layer3.16.conv3,256,1024,1,1,0,1.2581551849842072,0.04151868349615999,0.4675939429546556,l40s
resnet152,gemm,488,layer3.17.conv1,1024,256,1,1,0,1.1970416009426117,0.038721415652633345,0.4448810518334709,l40s
resnet152,gemm,488,layer3.17.conv2,256,256,3,1,1,1.3732384204864503,0.027624583574360054,0.5103646794255692,l40s
resnet152,gemm,488,layer3.17.conv3,256,1024,1,1,0,1.2560560047626494,0.05178958284012938,0.4668137816768694,l40s
resnet152,gemm,488,layer3.18.conv1,1024,256,1,1,0,1.2060640037059784,0.028799364975332396,0.44823423189694656,l40s
resnet152,gemm,488,layer3.18.conv2,256,256,3,1,1,1.3849344074726104,0.029329890728331524,0.5147114982734154,l40s
resnet152,gemm,488,layer3.18.conv3,256,1024,1,1,0,1.3039408028125763,0.08134605613854397,0.48461018850726667,l40s
resnet152,gemm,488,layer3.19.conv1,1024,256,1,1,0,1.2103775978088378,0.03373886294578572,0.4498373810942273,l40s
resnet152,gemm,488,layer3.19.conv2,256,256,3,1,1,1.3957087993621826,0.030601434361550696,0.5187158058872231,l40s
resnet152,gemm,488,layer3.19.conv3,256,1024,1,1,0,1.2729840099811554,0.05698848684820918,0.47310508246467914,l40s
resnet152,gemm,488,layer3.20.conv1,1024,256,1,1,0,1.22814239859581,0.0337636168275406,0.45643967733313556,l40s
resnet152,gemm,488,layer3.20.conv2,256,256,3,1,1,1.4135168075561524,0.04337746288010486,0.5253341601784639,l40s
resnet152,gemm,488,layer3.20.conv3,256,1024,1,1,0,1.2438703894615173,0.05924506121230411,0.4622849922445415,l40s
resnet152,gemm,488,layer3.21.conv1,1024,256,1,1,0,1.2416848063468933,0.04452275108460775,0.461472719292509,l40s
resnet152,gemm,488,layer3.21.conv2,256,256,3,1,1,1.412139219045639,0.029524910936766305,0.5248221787861144,l40s
resnet152,gemm,488,layer3.21.conv3,256,1024,1,1,0,1.2353536009788513,0.03884173074337316,0.4591197239569331,l40s
resnet152,gemm,488,layer3.22.conv1,1024,256,1,1,0,1.2344559967517852,0.03131330710058813,0.4587861289403916,l40s
resnet152,gemm,488,layer3.22.conv2,256,256,3,1,1,1.4018912076950074,0.03497985300305941,0.5210135007374315,l40s
resnet152,gemm,488,layer3.22.conv3,256,1024,1,1,0,1.2359679877758025,0.06155096342785175,0.4593480610876101,l40s
resnet152,gemm,488,layer3.23.conv1,1024,256,1,1,0,1.258867198228836,0.08277404111957637,0.46785856299872114,l40s
resnet152,gemm,488,layer3.23.conv2,256,256,3,1,1,1.3843231916427612,0.03239572085244322,0.5144843396340946,l40s
resnet152,gemm,488,layer3.23.conv3,256,1024,1,1,0,1.2369103968143462,0.03937155916303945,0.4596983078325808,l40s
resnet152,gemm,488,layer3.24.conv1,1024,256,1,1,0,1.2152863919734955,0.028894861241932867,0.4516617366633965,l40s
resnet152,gemm,488,layer3.24.conv2,256,256,3,1,1,1.3826639950275421,0.02875835440320941,0.513867698462396,l40s
resnet152,gemm,488,layer3.24.conv3,256,1024,1,1,0,1.2319135963916779,0.04798939650730963,0.45784124469785925,l40s
resnet152,gemm,488,layer3.25.conv1,1024,256,1,1,0,1.2033615946769713,0.024945296574248006,0.447229880360323,l40s
resnet152,gemm,488,layer3.25.conv2,256,256,3,1,1,1.3810303926467895,0.025686354419699135,0.5132605693995008,l40s
resnet152,gemm,488,layer3.25.conv3,256,1024,1,1,0,1.2476639986038207,0.029566077913643313,0.4636948887962938,l40s
resnet152,gemm,488,layer3.26.conv1,1024,256,1,1,0,1.2179504096508027,0.03815797854379051,0.45265182003681487,l40s
resnet152,gemm,488,layer3.26.conv2,256,256,3,1,1,1.3773104012012483,0.018113690718190512,0.5118780328980119,l40s
resnet152,gemm,488,layer3.26.conv3,256,1024,1,1,0,1.244875192642212,0.042010445887491296,0.4626584278006334,l40s
resnet152,gemm,488,layer3.27.conv1,1024,256,1,1,0,1.2246528029441834,0.037112256666558055,0.4551427675325516,l40s
resnet152,gemm,488,layer3.27.conv2,256,256,3,1,1,1.3749760031700133,0.02241113729021395,0.5110104528149839,l40s
resnet152,gemm,488,layer3.27.conv3,256,1024,1,1,0,1.2642527878284455,0.045582503188936536,0.4698601198067144,l40s
resnet152,gemm,488,layer3.28.conv1,1024,256,1,1,0,1.2322063863277435,0.03662829898342544,0.4579500602098854,l40s
resnet152,gemm,488,layer3.28.conv2,256,256,3,1,1,1.3793216049671173,0.03065649557383956,0.5126254976862922,l40s
resnet152,gemm,488,layer3.28.conv3,256,1024,1,1,0,1.2610992074012757,0.042543788733056136,0.46868809021611696,l40s
resnet152,gemm,488,layer3.29.conv1,1024,256,1,1,0,1.2019072115421294,0.024100566808405204,0.4466893582111447,l40s
resnet152,gemm,488,layer3.29.conv2,256,256,3,1,1,1.3739712119102478,0.03208087642351302,0.5106370216893108,l40s
resnet152,gemm,488,layer3.29.conv3,256,1024,1,1,0,1.2664991974830628,0.029232862838758523,0.47069499896981776,l40s
resnet152,gemm,488,layer3.30.conv1,1024,256,1,1,0,1.2345023989677428,0.041869312514774035,0.4588033743449176,l40s
resnet152,gemm,488,layer3.30.conv2,256,256,3,1,1,1.372324800491333,0.02542220595933058,0.5100251321415952,l40s
resnet152,gemm,488,layer3.30.conv3,256,1024,1,1,0,1.2505472004413605,0.027932991587460924,0.4647664320618936,l40s
resnet152,gemm,488,layer3.31.conv1,1024,256,1,1,0,1.2147824048995972,0.03648921424990372,0.4514744296396725,l40s
resnet152,gemm,488,layer3.31.conv2,256,256,3,1,1,1.3746976017951966,0.028030742855345098,0.5109069848182469,l40s
resnet152,gemm,488,layer3.31.conv3,256,1024,1,1,0,1.2750384032726287,0.03290398698945003,0.4738685986596641,l40s
resnet152,gemm,488,layer3.32.conv1,1024,256,1,1,0,1.2143535971641541,0.032295986072468454,0.4513150630510526,l40s
resnet152,gemm,488,layer3.32.conv2,256,256,3,1,1,1.3823263823986054,0.030996986294109838,0.5137422245763128,l40s
resnet152,gemm,488,layer3.32.conv3,256,1024,1,1,0,1.2734463930130004,0.04784936384167988,0.4732769273273767,l40s
resnet152,gemm,488,layer3.33.conv1,1024,256,1,1,0,1.2192016005516053,0.03426920102167994,0.4531168257004068,l40s
resnet152,gemm,488,layer3.33.conv2,256,256,3,1,1,1.3810591876506806,0.02341363355028338,0.513271271075707,l40s
resnet152,gemm,488,layer3.33.conv3,256,1024,1,1,0,1.2524495840072631,0.024473877862064047,0.46547345377368965,l40s
resnet152,gemm,488,layer3.34.conv1,1024,256,1,1,0,1.2227791965007782,0.031765327959810886,0.45444644085133373,l40s
resnet152,gemm,488,layer3.34.conv2,256,256,3,1,1,1.3863967955112457,0.026090738010558678,0.5152549954487053,l40s
resnet152,gemm,488,layer3.34.conv3,256,1024,1,1,0,1.251635205745697,0.028570416894507723,0.465170789724829,l40s
resnet152,gemm,488,layer3.35.conv1,1024,256,1,1,0,1.2122432053089143,0.019841740251189774,0.4505307349645429,l40s
resnet152,gemm,488,layer3.35.conv2,256,256,3,1,1,1.3827520072460175,0.028348479113035494,0.5139004082431577,l40s
resnet152,gemm,488,layer3.35.conv3,256,1024,1,1,0,1.267576003074646,0.02485644139454743,0.47109519425444824,l40s
resnet152,gemm,488,layer4.0.conv1,1024,512,1,1,0,1.5945263981819153,0.027344300604936922,0.5926064563176489,l40s
resnet152,gemm,488,layer4.0.conv2,512,512,3,2,1,2.3008800029754637,0.03290426639576806,0.8551230926813862,l40s
resnet152,gemm,488,layer4.0.conv3,512,2048,1,1,0,1.320369589328766,0.02903358747573783,0.4907159544388054,l40s
resnet152,gemm,488,layer4.0.downsample.0,1024,2048,1,2,0,2.2981312036514283,0.025075177892199332,0.8541015001706554,l40s
resnet152,gemm,488,layer4.1.conv1,2048,512,1,1,0,1.4701088070869446,0.03541265592977346,0.5463666023732822,l40s
resnet152,gemm,488,layer4.1.conv2,512,512,3,1,1,1.9623888075351714,0.03318623529106415,0.7293226869600935,l40s
resnet152,gemm,488,layer4.1.conv3,512,2048,1,1,0,1.3793535947799682,0.021692337891458698,0.5126373867146917,l40s
resnet152,gemm,488,layer4.2.conv1,2048,512,1,1,0,1.4799744009971618,0.025462043353092056,0.5500331548074525,l40s
resnet152,gemm,488,layer4.2.conv2,512,512,3,1,1,1.9570671975612641,0.032085961651116615,0.7273449082088996,l40s
resnet152,gemm,488,layer4.2.conv3,512,2048,1,1,0,1.3936864018440247,0.028275684520013226,0.5179641809358472,l40s
resnet152,gemm,491,conv1,3,64,7,2,3,2.5403136253356933,0.0339934172594834,0.9263218796555143,l40s
resnet152,gemm,491,layer1.0.conv1,64,64,1,1,0,1.5244688034057616,0.03721157149276387,0.5558954584831656,l40s
resnet152,gemm,491,layer1.0.conv2,64,64,3,1,1,1.70314559340477,0.03139454315900815,0.6210497049163488,l40s
resnet152,gemm,491,layer1.0.conv3,64,256,1,1,0,2.689907205104828,0.03132712284704589,0.9808709733635127,l40s
resnet152,gemm,491,layer1.0.downsample.0,64,256,1,1,0,2.740654397010803,0.032836593355253484,0.9993758672965876,l40s
resnet152,gemm,491,layer1.1.conv1,256,64,1,1,0,2.8538432002067564,0.04963515280568731,1.0406500091532167,l40s
resnet152,gemm,491,layer1.1.conv2,64,64,3,1,1,1.7184351980686188,0.03905830205392642,0.6266250382886346,l40s
resnet152,gemm,491,layer1.1.conv3,64,256,1,1,0,2.705307197570801,0.0369564130343176,0.9864865594964556,l40s
resnet152,gemm,491,layer1.2.conv1,256,64,1,1,0,2.7692831993103026,0.030216593428006863,1.009815320793143,l40s
resnet152,gemm,491,layer1.2.conv2,64,64,3,1,1,1.6988272070884705,0.051831066759130004,0.6194750112684082,l40s
resnet152,gemm,491,layer1.2.conv3,64,256,1,1,0,2.671436774730682,0.03415461861491518,0.974135756258198,l40s
resnet152,gemm,491,layer2.0.conv1,256,128,1,1,0,3.1974287748336794,0.035733091066446676,1.1659380177426575,l40s
resnet152,gemm,491,layer2.0.conv2,128,128,3,2,1,1.9761807918548584,0.025890328660949546,0.7206116155867214,l40s
resnet152,gemm,491,layer2.0.conv3,128,512,1,1,0,2.062012809514999,0.03752703153411709,0.7519101431152111,l40s
resnet152,gemm,491,layer2.0.downsample.0,256,512,1,2,0,3.4816303968429567,0.04512327815786029,1.269571749450092,l40s
resnet152,gemm,491,layer2.1.conv1,512,128,1,1,0,1.8288895964622498,0.028471806327181607,0.6669020831840997,l40s
resnet152,gemm,491,layer2.1.conv2,128,128,3,1,1,1.5129231929779052,0.027820433320691545,0.5516853674744663,l40s
resnet152,gemm,491,layer2.1.conv3,128,512,1,1,0,1.8316224038600921,0.02780224351695523,0.6678985976539109,l40s
resnet152,gemm,491,layer2.2.conv1,512,128,1,1,0,1.8409008085727692,0.037279820363263425,0.6712819552078491,l40s
resnet152,gemm,491,layer2.2.conv2,128,128,3,1,1,1.4930463969707488,0.026649443171895933,0.5444373210697845,l40s
resnet152,gemm,491,layer2.2.conv3,128,512,1,1,0,2.0317600071430206,0.02400568066644263,0.7408785002194034,l40s
resnet152,gemm,491,layer2.3.conv1,512,128,1,1,0,1.8333775997161865,0.03308571650781223,0.6685386274157346,l40s
resnet152,gemm,491,layer2.3.conv2,128,128,3,1,1,1.5047967910766602,0.03129345040237045,0.5487220861658433,l40s
resnet152,gemm,491,layer2.3.conv3,128,512,1,1,0,2.061843204498291,0.028798980536864797,0.7518482968784672,l40s
resnet152,gemm,491,layer2.4.conv1,512,128,1,1,0,1.841574388742447,0.03709310150640803,0.6715275752929645,l40s
resnet152,gemm,491,layer2.4.conv2,128,128,3,1,1,1.5040527939796449,0.022868571451321408,0.5484507886447452,l40s
resnet152,gemm,491,layer2.4.conv3,128,512,1,1,0,2.0420592069625854,0.030718759406053665,0.7446340893091349,l40s
resnet152,gemm,491,layer2.5.conv1,512,128,1,1,0,1.835865604877472,0.03252226900404575,0.6694458750857107,l40s
resnet152,gemm,491,layer2.5.conv2,128,128,3,1,1,1.4953040063381196,0.0230575954889288,0.5452605552294778,l40s
resnet152,gemm,491,layer2.5.conv3,128,512,1,1,0,2.047094404697418,0.03027242093137421,0.7464701672577981,l40s
resnet152,gemm,491,layer2.6.conv1,512,128,1,1,0,1.8313439905643463,0.037446828383316956,0.6677970746274372,l40s
resnet152,gemm,491,layer2.6.conv2,128,128,3,1,1,1.4956432104110717,0.025812824745430094,0.5453842455294905,l40s
resnet152,gemm,491,layer2.6.conv3,128,512,1,1,0,2.0352367877960207,0.02744345705163168,0.7421463035164122,l40s
resnet152,gemm,491,layer2.7.conv1,512,128,1,1,0,1.835731190443039,0.03139368192150202,0.6693968610465326,l40s
resnet152,gemm,491,layer2.7.conv2,128,128,3,1,1,1.4893087983131408,0.02952406965963833,0.543074410845085,l40s
resnet152,gemm,491,layer2.7.conv3,128,512,1,1,0,2.039758414030075,0.034948693249687975,0.743795108321636,l40s
resnet152,gemm,491,layer3.0.conv1,512,256,1,1,0,2.0192384004592894,0.02583589491067595,0.7363125135144948,l40s
resnet152,gemm,491,layer3.0.conv2,256,256,3,2,1,1.7823248088359833,0.09726917063340833,0.6499222972358103,l40s
resnet152,gemm,491,layer3.0.conv3,256,1024,1,1,0,1.2351247847080231,0.027760069340699366,0.45038655887564144,l40s
resnet152,gemm,491,layer3.0.downsample.0,512,1024,1,2,0,2.2972495675086977,0.025352983137761496,0.8376889043104933,l40s
resnet152,gemm,491,layer3.1.conv1,1024,256,1,1,0,1.2370272159576416,0.03697901178853483,0.4510802778217929,l40s
resnet152,gemm,491,layer3.1.conv2,256,256,3,1,1,1.4115120053291321,0.09811582335628229,0.5147059169751226,l40s
resnet152,gemm,491,layer3.1.conv3,256,1024,1,1,0,1.3128128051757812,0.02632810838154499,0.4787153889967254,l40s
resnet152,gemm,491,layer3.2.conv1,1024,256,1,1,0,1.2486559927463532,0.036357241023019786,0.4553206953299225,l40s
resnet152,gemm,491,layer3.2.conv2,256,256,3,1,1,1.4160607993602752,0.10222053484894172,0.5163646284802964,l40s
resnet152,gemm,491,layer3.2.conv3,256,1024,1,1,0,1.270361590385437,0.0234100062780794,0.4632356117416413,l40s
resnet152,gemm,491,layer3.3.conv1,1024,256,1,1,0,1.2592544078826904,0.03553245033595521,0.4591853928745668,l40s
resnet152,gemm,491,layer3.3.conv2,256,256,3,1,1,1.4088639974594117,0.0927118989112644,0.5137403245369456,l40s
resnet152,gemm,491,layer3.3.conv3,256,1024,1,1,0,1.290059208869934,0.01869022419034662,0.47041832130841194,l40s
resnet152,gemm,491,layer3.4.conv1,1024,256,1,1,0,1.2364560127258302,0.028001162257849144,0.4508719893466693,l40s
resnet152,gemm,491,layer3.4.conv2,256,256,3,1,1,1.4170495986938476,0.1111233897342736,0.5167251928012297,l40s
resnet152,gemm,491,layer3.4.conv3,256,1024,1,1,0,1.2821615993976594,0.02452867669765544,0.46753846884524375,l40s
resnet152,gemm,491,layer3.5.conv1,1024,256,1,1,0,1.2502448081970214,0.034693976801461565,0.455900054705084,l40s
resnet152,gemm,491,layer3.5.conv2,256,256,3,1,1,1.4135007977485656,0.10605021651826514,0.5154311274034101,l40s
resnet152,gemm,491,layer3.5.conv3,256,1024,1,1,0,1.2844592034816742,0.02488913669045445,0.46837628702351203,l40s
resnet152,gemm,491,layer3.6.conv1,1024,256,1,1,0,1.245052796602249,0.025541902042671476,0.45400679479745065,l40s
resnet152,gemm,491,layer3.6.conv2,256,256,3,1,1,1.4017103970050813,0.11235261925883555,0.511131773941826,l40s
resnet152,gemm,491,layer3.6.conv3,256,1024,1,1,0,1.2730559945106505,0.02573300367151958,0.4642181225107553,l40s
resnet152,gemm,491,layer3.7.conv1,1024,256,1,1,0,1.2438464045524598,0.028437901961612326,0.4535668855909586,l40s
resnet152,gemm,491,layer3.7.conv2,256,256,3,1,1,1.401588797569275,0.0964993640491857,0.5110874328743225,l40s
resnet152,gemm,491,layer3.7.conv3,256,1024,1,1,0,1.2871407866477966,0.02250314195711338,0.46935412264747634,l40s
resnet152,gemm,491,layer3.8.conv1,1024,256,1,1,0,1.2524416029453278,0.03920533239529015,0.45670111289733756,l40s
resnet152,gemm,491,layer3.8.conv2,256,256,3,1,1,1.4305216014385223,0.10445699328416652,0.5216377401263744,l40s
resnet152,gemm,491,layer3.8.conv3,256,1024,1,1,0,1.2775456130504608,0.02982112174127314,0.4658552557541688,l40s
resnet152,gemm,491,layer3.9.conv1,1024,256,1,1,0,1.2469135999679566,0.026579108352766757,0.45468533419282303,l40s
resnet152,gemm,491,layer3.9.conv2,256,256,3,1,1,1.3880688071250915,0.04907129867018514,0.506157386900363,l40s
resnet152,gemm,491,layer3.9.conv3,256,1024,1,1,0,1.2818064153194428,0.027514181088375913,0.46740895145822675,l40s
resnet152,gemm,491,layer3.10.conv1,1024,256,1,1,0,1.2530831933021545,0.034584710320172976,0.45693506794106803,l40s
resnet152,gemm,491,layer3.10.conv2,256,256,3,1,1,1.3788064122200012,0.018068134624170822,0.5027798673008053,l40s
resnet152,gemm,491,layer3.10.conv3,256,1024,1,1,0,1.285915195941925,0.02774610781553269,0.4689072126773732,l40s
resnet152,gemm,491,layer3.11.conv1,1024,256,1,1,0,1.239401602745056,0.03633568471383474,0.45194609470755487,l40s
resnet152,gemm,491,layer3.11.conv2,256,256,3,1,1,1.4071551978588104,0.1216942384602316,0.5131172131060591,l40s
resnet152,gemm,491,layer3.11.conv3,256,1024,1,1,0,1.2799728095531464,0.02851271632439239,0.4667403296301804,l40s
resnet152,gemm,491,layer3.12.conv1,1024,256,1,1,0,1.2383343994617462,0.032906632610635825,0.4515569404938741,l40s
resnet152,gemm,491,layer3.12.conv2,256,256,3,1,1,1.37745760679245,0.025775363724409993,0.5022880272514201,l40s
resnet152,gemm,491,layer3.12.conv3,256,1024,1,1,0,1.2739407956600188,0.025806413746179452,0.46454076403644323,l40s
resnet152,gemm,491,layer3.13.conv1,1024,256,1,1,0,1.235052800178528,0.027192458930073563,0.4503603098156816,l40s
resnet152,gemm,491,layer3.13.conv2,256,256,3,1,1,1.3679359912872315,0.020333637620099872,0.49881598321552456,l40s
resnet152,gemm,491,layer3.13.conv3,256,1024,1,1,0,1.2887295961380005,0.03443814168582853,0.46993347984916267,l40s
resnet152,gemm,491,layer3.14.conv1,1024,256,1,1,0,1.2396479964256286,0.02627956982588202,0.4520359418252678,l40s
resnet152,gemm,491,layer3.14.conv2,256,256,3,1,1,1.3789503931999207,0.025944959714648372,0.5028323697676753,l40s
resnet152,gemm,491,layer3.14.conv3,256,1024,1,1,0,1.2742751836776733,0.017221249528773526,0.46466269816849637,l40s
resnet152,gemm,491,layer3.15.conv1,1024,256,1,1,0,1.2341343820095063,0.022890419401037757,0.45002540988988,l40s
resnet152,gemm,491,layer3.15.conv2,256,256,3,1,1,1.3813536047935486,0.026066280933094776,0.5037086975794923,l40s
resnet152,gemm,491,layer3.15.conv3,256,1024,1,1,0,1.2738400042057036,0.02715587656089972,0.4645040105708541,l40s
resnet152,gemm,491,layer3.16.conv1,1024,256,1,1,0,1.2480704069137574,0.04730110494069991,0.4551071622591473,l40s
resnet152,gemm,491,layer3.16.conv2,256,256,3,1,1,1.3619328081607818,0.015711979394378205,0.49662693072131747,l40s
resnet152,gemm,491,layer3.16.conv3,256,1024,1,1,0,1.259927999973297,0.027950855596597032,0.4594310173066325,l40s
resnet152,gemm,491,layer3.17.conv1,1024,256,1,1,0,1.234065592288971,0.03200762185572718,0.450000325812626,l40s
resnet152,gemm,491,layer3.17.conv2,256,256,3,1,1,1.3879328072071075,0.037974627251532854,0.5061077947167824,l40s
resnet152,gemm,491,layer3.17.conv3,256,1024,1,1,0,1.2691632032394409,0.03201569124553815,0.46279862151233947,l40s
resnet152,gemm,491,layer3.18.conv1,1024,256,1,1,0,1.2278272092342377,0.0283750881032956,0.44772550798712696,l40s
resnet152,gemm,491,layer3.18.conv2,256,256,3,1,1,1.3817568004131318,0.028236759897366657,0.5038557223092249,l40s
resnet152,gemm,491,layer3.18.conv3,256,1024,1,1,0,1.2585216104984283,0.04492539227090786,0.4589181793133646,l40s
resnet152,gemm,491,layer3.19.conv1,1024,256,1,1,0,1.2255808055400848,0.022285201085723773,0.44690635996080486,l40s
resnet152,gemm,491,layer3.19.conv2,256,256,3,1,1,1.3732623994350432,0.02551004749053668,0.5007582506419103,l40s
resnet152,gemm,491,layer3.19.conv3,256,1024,1,1,0,1.2693967878818513,0.0451810346561375,0.46288379783185296,l40s
resnet152,gemm,491,layer3.20.conv1,1024,256,1,1,0,1.2371728062629699,0.029449528615387556,0.45113336712696617,l40s
resnet152,gemm,491,layer3.20.conv2,256,256,3,1,1,1.3703871965408325,0.018141000728281044,0.49970981184963154,l40s
resnet152,gemm,491,layer3.20.conv3,256,1024,1,1,0,1.2602687895298004,0.05026453555275764,0.4595552857510477,l40s
resnet152,gemm,491,layer3.21.conv1,1024,256,1,1,0,1.2362127959728242,0.03097008490350307,0.4507833006912367,l40s
resnet152,gemm,491,layer3.21.conv2,256,256,3,1,1,1.3795727968215943,0.032124882413745774,0.5030593283947451,l40s
resnet152,gemm,491,layer3.21.conv3,256,1024,1,1,0,1.2655247926712037,0.034249319377115346,0.46147188008840107,l40s
resnet152,gemm,491,layer3.22.conv1,1024,256,1,1,0,1.235534405708313,0.04287792736348733,0.450535926611637,l40s
resnet152,gemm,491,layer3.22.conv2,256,256,3,1,1,1.390716803073883,0.03002017568259312,0.5071229749915895,l40s
resnet152,gemm,491,layer3.22.conv3,256,1024,1,1,0,1.2595120191574096,0.048471929352020736,0.4592793304726013,l40s
resnet152,gemm,491,layer3.23.conv1,1024,256,1,1,0,1.2579760015010835,0.05736155403825898,0.45871922374073903,l40s
resnet152,gemm,491,layer3.23.conv2,256,256,3,1,1,1.3850256025791168,0.023364564571022893,0.5050476865361684,l40s
resnet152,gemm,491,layer3.23.conv3,256,1024,1,1,0,1.2291664063930512,0.03247921381646998,0.4482138443944938,l40s
resnet152,gemm,491,layer3.24.conv1,1024,256,1,1,0,1.252046400308609,0.031813413114235425,0.45655700279784467,l40s
resnet152,gemm,491,layer3.24.conv2,256,256,3,1,1,1.4053839802742005,0.035477082450177166,0.5124713410429047,l40s
resnet152,gemm,491,layer3.24.conv3,256,1024,1,1,0,1.2433136045932769,0.04818724312066875,0.45337260081653225,l40s
resnet152,gemm,491,layer3.25.conv1,1024,256,1,1,0,1.24549760222435,0.05578868589732688,0.4541689925575369,l40s
resnet152,gemm,491,layer3.25.conv2,256,256,3,1,1,1.393961602449417,0.03352843856212849,0.5083061866339129,l40s
resnet152,gemm,491,layer3.25.conv3,256,1024,1,1,0,1.233328002691269,0.029541654929641628,0.4497313647773651,l40s
resnet152,gemm,491,layer3.26.conv1,1024,256,1,1,0,1.2271824121475219,0.03347005186648089,0.4474903836137402,l40s
resnet152,gemm,491,layer3.26.conv2,256,256,3,1,1,1.3775327980518342,0.015121947729992724,0.5023154456410361,l40s
resnet152,gemm,491,layer3.26.conv3,256,1024,1,1,0,1.2593664050102233,0.04692063584695085,0.45922623247352723,l40s
resnet152,gemm,491,layer3.27.conv1,1024,256,1,1,0,1.2283168017864228,0.034071529841623094,0.4479040372398469,l40s
resnet152,gemm,491,layer3.27.conv2,256,256,3,1,1,1.385963213443756,0.028052718653903005,0.505389585052106,l40s
resnet152,gemm,491,layer3.27.conv3,256,1024,1,1,0,1.249103993177414,0.04121914257369018,0.4554840580727144,l40s
resnet152,gemm,491,layer3.28.conv1,1024,256,1,1,0,1.2411503970623017,0.04445552140644129,0.45258379015701644,l40s
resnet152,gemm,491,layer3.28.conv2,256,256,3,1,1,1.3947631955146789,0.030566919900501328,0.5085984864458442,l40s
resnet152,gemm,491,layer3.28.conv3,256,1024,1,1,0,1.2381984055042268,0.03668931115762582,0.45150735048376867,l40s
resnet152,gemm,491,layer3.29.conv1,1024,256,1,1,0,1.2499071955680847,0.03730610261156247,0.4557769447229491,l40s
resnet152,gemm,491,layer3.29.conv2,256,256,3,1,1,1.3910303950309753,0.03440567247240982,0.5072373258686786,l40s
resnet152,gemm,491,layer3.29.conv3,256,1024,1,1,0,1.239332813024521,0.029766787299782146,0.451921010630301,l40s
resnet152,gemm,491,layer3.30.conv1,1024,256,1,1,0,1.241841596364975,0.032491939120772285,0.45283583503481545,l40s
resnet152,gemm,491,layer3.30.conv2,256,256,3,1,1,1.3810448050498962,0.02611934570930038,0.5035960941764619,l40s
resnet152,gemm,491,layer3.30.conv3,256,1024,1,1,0,1.2466367959976197,0.042753439947365045,0.45458439800465267,l40s
resnet152,gemm,491,layer3.31.conv1,1024,256,1,1,0,1.2236431956291198,0.0253401058263717,0.446199813164038,l40s
resnet152,gemm,491,layer3.31.conv2,256,256,3,1,1,1.3793519914150238,0.02475123880195018,0.502978812006055,l40s
resnet152,gemm,491,layer3.31.conv3,256,1024,1,1,0,1.2860975980758667,0.02384684461512104,0.4689737253653661,l40s
resnet152,gemm,491,layer3.32.conv1,1024,256,1,1,0,1.2329184114933014,0.024920814974485662,0.44958200790874553,l40s
resnet152,gemm,491,layer3.32.conv2,256,256,3,1,1,1.3819087982177733,0.028424591988566037,0.5039111481002355,l40s
resnet152,gemm,491,layer3.32.conv3,256,1024,1,1,0,1.2649792015552521,0.025931261676804086,0.4612729310362009,l40s
resnet152,gemm,491,layer3.33.conv1,1024,256,1,1,0,1.2378144085407257,0.046147535309592896,0.45136732651764705,l40s
resnet152,gemm,491,layer3.33.conv2,256,256,3,1,1,1.3803344130516053,0.04259247284881593,0.503337050708527,l40s
resnet152,gemm,491,layer3.33.conv3,256,1024,1,1,0,1.2663648009300232,0.05661996648076736,0.46177818794798003,l40s
resnet152,gemm,491,layer3.34.conv1,1024,256,1,1,0,1.2468783974647522,0.051418570405389045,0.45467249764830675,l40s
resnet152,gemm,491,layer3.34.conv2,256,256,3,1,1,1.395519995689392,0.05747941232597139,0.5088744525916665,l40s
resnet152,gemm,491,layer3.34.conv3,256,1024,1,1,0,1.2646671950817108,0.05079707420612234,0.4611591583035143,l40s
resnet152,gemm,491,layer3.35.conv1,1024,256,1,1,0,1.2493423879146577,0.05269077524192809,0.45557098838671234,l40s
resnet152,gemm,491,layer3.35.conv2,256,256,3,1,1,1.4006559908390046,0.033273671322098644,0.5107472861793941,l40s
resnet152,gemm,491,layer3.35.conv3,256,1024,1,1,0,1.259412795305252,0.03793999519512989,0.4592431486309891,l40s
resnet152,gemm,491,layer4.0.conv1,1024,512,1,1,0,1.6541055977344512,0.03297996248334122,0.6031673377493323,l40s
resnet152,gemm,491,layer4.0.conv2,512,512,3,2,1,2.344927990436554,0.04968056583814768,0.8550747758442516,l40s
resnet152,gemm,491,layer4.0.conv3,512,2048,1,1,0,1.33053759932518,0.03163690157744524,0.4851787108752625,l40s
resnet152,gemm,491,layer4.0.downsample.0,1024,2048,1,2,0,2.3944800019264223,0.0648041279704065,0.8731438488776812,l40s
resnet152,gemm,491,layer4.1.conv1,2048,512,1,1,0,1.5136767864227294,0.052414956548491765,0.5519601642906323,l40s
resnet152,gemm,491,layer4.1.conv2,512,512,3,1,1,1.976937586069107,0.04624656670694558,0.7208875795590685,l40s
resnet152,gemm,491,layer4.1.conv3,512,2048,1,1,0,1.4301295936107636,0.04237136245724439,0.5214947950095874,l40s
resnet152,gemm,491,layer4.2.conv1,2048,512,1,1,0,1.5141071915626525,0.04859219112000422,0.5521171109346414,l40s
resnet152,gemm,491,layer4.2.conv2,512,512,3,1,1,1.9617135941982269,0.029605150165447378,0.7153361718017565,l40s
resnet152,gemm,491,layer4.2.conv3,512,2048,1,1,0,1.359560000896454,0.026480342702192013,0.4957616898064828,l40s
resnet152,gemm,494,conv1,3,64,7,2,3,2.5698879837989805,0.029314875229934693,0.9560685432992522,l40s
resnet152,gemm,494,layer1.0.conv1,64,64,1,1,0,1.6069760024547577,0.1095312311263751,0.5978389779902379,l40s
resnet152,gemm,494,layer1.0.conv2,64,64,3,1,1,1.7436832010746002,0.04182835702706985,0.6486977909295406,l40s
resnet152,gemm,494,layer1.0.conv3,64,256,1,1,0,3.0638399958610534,0.06299963517938842,1.1398321873215125,l40s
resnet152,gemm,494,layer1.0.downsample.0,64,256,1,1,0,3.5251968145370483,0.4414612736970491,1.3114695288529081,l40s
resnet152,gemm,494,layer1.1.conv1,256,64,1,1,0,2.9369072198867796,0.06455012919447227,1.0926097266587498,l40s
resnet152,gemm,494,layer1.1.conv2,64,64,3,1,1,1.7307743847370147,0.03671007613185047,0.6438953585630729,l40s
resnet152,gemm,494,layer1.1.conv3,64,256,1,1,0,3.508515238761902,0.9926416641203519,1.3052635268980277,l40s
resnet152,gemm,494,layer1.2.conv1,256,64,1,1,0,2.8558528065681457,0.03592559197954181,1.0624552703719174,l40s
resnet152,gemm,494,layer1.2.conv2,64,64,3,1,1,1.71421759724617,0.039732253413202086,0.6377357812593621,l40s
resnet152,gemm,494,layer1.2.conv3,64,256,1,1,0,2.777801585197449,0.13481903169830323,1.0334180835415803,l40s
resnet152,gemm,494,layer2.0.conv1,256,128,1,1,0,3.2488448143005373,0.032414374622275664,1.2086590343996129,l40s
resnet152,gemm,494,layer2.0.conv2,128,128,3,2,1,1.9929104149341583,0.13261330829659645,0.7414171237593709,l40s
resnet152,gemm,494,layer2.0.conv3,128,512,1,1,0,1.85453919172287,0.030418297252640877,0.6899392482083172,l40s
resnet152,gemm,494,layer2.0.downsample.0,256,512,1,2,0,3.219158434867859,0.05121978944659563,1.197614890172722,l40s
resnet152,gemm,494,layer2.1.conv1,512,128,1,1,0,1.8469776093959809,0.02436816054781739,0.687126132988556,l40s
resnet152,gemm,494,layer2.1.conv2,128,128,3,1,1,1.5477216005325318,0.1538241673002339,0.5757947215529962,l40s
resnet152,gemm,494,layer2.1.conv3,128,512,1,1,0,1.9004639863967896,0.2502570112019662,0.7070245265636427,l40s
resnet152,gemm,494,layer2.2.conv1,512,128,1,1,0,1.8419567942619324,0.031090711578689444,0.6852582525822324,l40s
resnet152,gemm,494,layer2.2.conv2,128,128,3,1,1,1.4972336053848267,0.033811382341037935,0.5570118079477073,l40s
resnet152,gemm,494,layer2.2.conv3,128,512,1,1,0,1.8316768109798431,0.031662695526289496,0.681433817936206,l40s
resnet152,gemm,494,layer2.3.conv1,512,128,1,1,0,1.842079997062683,0.02948434749185902,0.6853040873902033,l40s
resnet152,gemm,494,layer2.3.conv2,128,128,3,1,1,1.4991536080837249,0.03945819732455413,0.5577261014091494,l40s
resnet152,gemm,494,layer2.3.conv3,128,512,1,1,0,1.83332160115242,0.02565728159134462,0.6820457248186235,l40s
resnet152,gemm,494,layer2.4.conv1,512,128,1,1,0,1.842415988445282,0.038493166633023344,0.6854290853643358,l40s
resnet152,gemm,494,layer2.4.conv2,128,128,3,1,1,1.4969247996807098,0.03796571953576617,0.556896923788725,l40s
resnet152,gemm,494,layer2.4.conv3,128,512,1,1,0,1.8297648012638092,0.02468464450107754,0.6807224980827702,l40s
resnet152,gemm,494,layer2.5.conv1,512,128,1,1,0,1.8359327971935273,0.03500778326560286,0.6830171610878416,l40s
resnet152,gemm,494,layer2.5.conv2,128,128,3,1,1,1.4864928066730498,0.026799175531930494,0.5530159373716448,l40s
resnet152,gemm,494,layer2.5.conv3,128,512,1,1,0,1.8332495987415314,0.026222619205296345,0.6820189379545554,l40s
resnet152,gemm,494,layer2.6.conv1,512,128,1,1,0,1.8244336009025575,0.038688126857705486,0.678739145891721,l40s
resnet152,gemm,494,layer2.6.conv2,128,128,3,1,1,1.4927663922309875,0.03903307662984399,0.5553498826032864,l40s
resnet152,gemm,494,layer2.6.conv3,128,512,1,1,0,1.8320671975612641,0.028967304535300074,0.6815790524104616,l40s
resnet152,gemm,494,layer2.7.conv1,512,128,1,1,0,1.8404688000679017,0.03572422020085899,0.6847046780877435,l40s
resnet152,gemm,494,layer2.7.conv2,128,128,3,1,1,1.5086335778236388,0.03546238750035118,0.5612529091598756,l40s
resnet152,gemm,494,layer2.7.conv3,128,512,1,1,0,1.8291743993759155,0.030366907948419807,0.6805028524497783,l40s
resnet152,gemm,494,layer3.0.conv1,512,256,1,1,0,2.0072063982486723,0.04315098226254366,0.7467356201408095,l40s
resnet152,gemm,494,layer3.0.conv2,256,256,3,2,1,1.7631663978099823,0.06688475983113007,0.6559460724262592,l40s
resnet152,gemm,494,layer3.0.conv3,256,1024,1,1,0,1.1741744041442872,0.05991334606674022,0.43682495860773135,l40s
resnet152,gemm,494,layer3.0.downsample.0,512,1024,1,2,0,2.1482239723205567,0.09199755866414812,0.7991980105144155,l40s
resnet152,gemm,494,layer3.1.conv1,1024,256,1,1,0,1.2320703983306884,0.04747067364547874,0.4583638502534399,l40s
resnet152,gemm,494,layer3.1.conv2,256,256,3,1,1,1.3915535986423493,0.029205063281435725,0.5176959580977947,l40s
resnet152,gemm,494,layer3.1.conv3,256,1024,1,1,0,1.14695200920105,0.06032375857243985,0.4266974839307909,l40s
resnet152,gemm,494,layer3.2.conv1,1024,256,1,1,0,1.2323200047016143,0.05357545854538529,0.45845671064305754,l40s
resnet152,gemm,494,layer3.2.conv2,256,256,3,1,1,1.3919968068599702,0.02652461466318722,0.5178608436638855,l40s
resnet152,gemm,494,layer3.2.conv3,256,1024,1,1,0,1.1376047909259797,0.06024734937246187,0.4232200633519624,l40s
resnet152,gemm,494,layer3.3.conv1,1024,256,1,1,0,1.2310000002384185,0.05480491305876557,0.45796563291817927,l40s
resnet152,gemm,494,layer3.3.conv2,256,256,3,1,1,1.3965375959873199,0.03245201116427659,0.5195501412806621,l40s
resnet152,gemm,494,layer3.3.conv3,256,1024,1,1,0,1.1421120047569275,0.05819022639378598,0.42489687004114834,l40s
resnet152,gemm,494,layer3.4.conv1,1024,256,1,1,0,1.2272239983081819,0.060130334255792846,0.45656085703390126,l40s
resnet152,gemm,494,layer3.4.conv2,256,256,3,1,1,1.3942688047885894,0.026025595392058624,0.5187060889678395,l40s
resnet152,gemm,494,layer3.4.conv3,256,1024,1,1,0,1.137572807073593,0.055121141611472045,0.4232081644850262,l40s
resnet152,gemm,494,layer3.5.conv1,1024,256,1,1,0,1.2270271956920624,0.05784523014414405,0.4564876410837521,l40s
resnet152,gemm,494,layer3.5.conv2,256,256,3,1,1,1.383875197172165,0.019655990637706355,0.5148393829650475,l40s
resnet152,gemm,494,layer3.5.conv3,256,1024,1,1,0,1.158316785097122,0.10319748907407397,0.43092549106743583,l40s
resnet152,gemm,494,layer3.6.conv1,1024,256,1,1,0,1.2314512014389039,0.09924689157575918,0.45813349209227644,l40s
resnet152,gemm,494,layer3.6.conv2,256,256,3,1,1,1.395311999320984,0.0437923232089076,0.5190941858355831,l40s
resnet152,gemm,494,layer3.6.conv3,256,1024,1,1,0,1.1598048150539397,0.08921031699780703,0.4314790788666586,l40s
resnet152,gemm,494,layer3.7.conv1,1024,256,1,1,0,1.2483168125152588,0.1053821270218024,0.4644079602073365,l40s
resnet152,gemm,494,layer3.7.conv2,256,256,3,1,1,1.3980800271034242,0.047659021906226305,0.5201239677974635,l40s
resnet152,gemm,494,layer3.7.conv3,256,1024,1,1,0,1.1472400069236754,0.09348171283165896,0.42680462695215204,l40s
resnet152,gemm,494,layer3.8.conv1,1024,256,1,1,0,1.2467584013938904,0.11138031154284897,0.46382818869197817,l40s
resnet152,gemm,494,layer3.8.conv2,256,256,3,1,1,1.397110402584076,0.03847611392209798,0.5197632409846201,l40s
resnet152,gemm,494,layer3.8.conv3,256,1024,1,1,0,1.1501984119415283,0.09655386963843546,0.4279052344470074,l40s
resnet152,gemm,494,layer3.9.conv1,1024,256,1,1,0,1.233900797367096,0.09359799183948397,0.45904480870432435,l40s
resnet152,gemm,494,layer3.9.conv2,256,256,3,1,1,1.3866608023643494,0.03883337932204739,0.5158757042035949,l40s
resnet152,gemm,494,layer3.9.conv3,256,1024,1,1,0,1.1407343983650207,0.0883366732238831,0.42438436282501546,l40s
resnet152,gemm,494,layer3.10.conv1,1024,256,1,1,0,1.224425584077835,0.08304062798112496,0.45551977048319475,l40s
resnet152,gemm,494,layer3.10.conv2,256,256,3,1,1,1.3972832024097444,0.025473534332362824,0.5198275272409281,l40s
resnet152,gemm,494,layer3.10.conv3,256,1024,1,1,0,1.1395519971847534,0.05903211612367646,0.4239444772809217,l40s
resnet152,gemm,494,layer3.11.conv1,1024,256,1,1,0,1.2103280007839203,0.060954143385290045,0.4502750843300152,l40s
resnet152,gemm,494,layer3.11.conv2,256,256,3,1,1,1.3978400111198426,0.026287402395809352,0.5200346752939623,l40s
resnet152,gemm,494,layer3.11.conv3,256,1024,1,1,0,1.151283186674118,0.08569495612043292,0.42830880028525914,l40s
resnet152,gemm,494,layer3.12.conv1,1024,256,1,1,0,1.2261023998260498,0.07029034735549294,0.45614359175473784,l40s
resnet152,gemm,494,layer3.12.conv2,256,256,3,1,1,1.391862392425537,0.03159257800780256,0.5178108378218657,l40s
resnet152,gemm,494,layer3.12.conv3,256,1024,1,1,0,1.1427888035774232,0.06148337866559236,0.4251486576935663,l40s
resnet152,gemm,494,layer3.13.conv1,1024,256,1,1,0,1.2288880109786988,0.06080097129401053,0.45717991521074086,l40s
resnet152,gemm,494,layer3.13.conv2,256,256,3,1,1,1.3834176063537598,0.03212935873787906,0.5146691466785097,l40s
resnet152,gemm,494,layer3.13.conv3,256,1024,1,1,0,1.132529604434967,0.05006910026229375,0.42133195531533835,l40s
resnet152,gemm,494,layer3.14.conv1,1024,256,1,1,0,1.2236783981323243,0.056829713740623546,0.45524179689718564,l40s
resnet152,gemm,494,layer3.14.conv2,256,256,3,1,1,1.3861391961574554,0.036100730716792005,0.5156816524435396,l40s
resnet152,gemm,494,layer3.14.conv3,256,1024,1,1,0,1.157404786348343,0.06104804412665365,0.43058620261566954,l40s
resnet152,gemm,494,layer3.15.conv1,1024,256,1,1,0,1.2145199954509736,0.05902042356797204,0.45183462087795573,l40s
resnet152,gemm,494,layer3.15.conv2,256,256,3,1,1,1.3787440180778503,0.02804851245842468,0.5129304441501902,l40s
resnet152,gemm,494,layer3.15.conv3,256,1024,1,1,0,1.1444623947143555,0.05634645746800955,0.425771279321611,l40s
resnet152,gemm,494,layer3.16.conv1,1024,256,1,1,0,1.2288911998271943,0.05815505970901696,0.45718110154950553,l40s
resnet152,gemm,494,layer3.16.conv2,256,256,3,1,1,1.381815993785858,0.03266104462734749,0.5140733030447107,l40s
resnet152,gemm,494,layer3.16.conv3,256,1024,1,1,0,1.1392255902290345,0.04668699478444635,0.4238230449754499,l40s
resnet152,gemm,494,layer3.17.conv1,1024,256,1,1,0,1.2172784090042115,0.0545866881498039,0.45286082608389727,l40s
resnet152,gemm,494,layer3.17.conv2,256,256,3,1,1,1.3812111973762513,0.03146492945297983,0.5138483022563608,l40s
resnet152,gemm,494,layer3.17.conv3,256,1024,1,1,0,1.142958414554596,0.06490004203488747,0.4252117576111095,l40s
resnet152,gemm,494,layer3.18.conv1,1024,256,1,1,0,1.221307200193405,0.05488697401336006,0.45435964647910193,l40s
resnet152,gemm,494,layer3.18.conv2,256,256,3,1,1,1.384195190668106,0.03454781856005844,0.5149584292882562,l40s
resnet152,gemm,494,layer3.18.conv3,256,1024,1,1,0,1.1371088027954102,0.05391516953357046,0.42303554221622547,l40s
resnet152,gemm,494,layer3.19.conv1,1024,256,1,1,0,1.226527988910675,0.05898262099681397,0.4563019225219724,l40s
resnet152,gemm,494,layer3.19.conv2,256,256,3,1,1,1.382368016242981,0.02866901608436582,0.5142786704808702,l40s
resnet152,gemm,494,layer3.19.conv3,256,1024,1,1,0,1.1393199920654298,0.05889249191205294,0.42385816503779356,l40s
resnet152,gemm,494,layer3.20.conv1,1024,256,1,1,0,1.2146176040172576,0.04782372413303987,0.45187093393143085,l40s
resnet152,gemm,494,layer3.20.conv2,256,256,3,1,1,1.3897552073001862,0.02371846148872421,0.517026907383669,l40s
resnet152,gemm,494,layer3.20.conv3,256,1024,1,1,0,1.1565151870250703,0.04800496738757759,0.4302552473621787,l40s
resnet152,gemm,494,layer3.21.conv1,1024,256,1,1,0,1.2257807910442353,0.05618853081397648,0.45602394450105205,l40s
resnet152,gemm,494,layer3.21.conv2,256,256,3,1,1,1.3855951964855193,0.025800346744956026,0.5154792697026644,l40s
resnet152,gemm,494,layer3.21.conv3,256,1024,1,1,0,1.1374064028263091,0.04724994286174301,0.4231462575586144,l40s
resnet152,gemm,494,layer3.22.conv1,1024,256,1,1,0,1.2348432004451753,0.052212177771847175,0.4593954083972838,l40s
resnet152,gemm,494,layer3.22.conv2,256,256,3,1,1,1.3919712066650392,0.035954186198979124,0.5178513196919342,l40s
resnet152,gemm,494,layer3.22.conv3,256,1024,1,1,0,1.1372144043445587,0.04539016858164637,0.42307482887770687,l40s
resnet152,gemm,494,layer3.23.conv1,1024,256,1,1,0,1.2176752030849456,0.0561444508748919,0.45300844432296017,l40s
resnet152,gemm,494,layer3.23.conv2,256,256,3,1,1,1.3802367925643921,0.02870187199241142,0.5134857970440984,l40s
resnet152,gemm,494,layer3.23.conv3,256,1024,1,1,0,1.1445055902004242,0.0565457431055643,0.42578734922259626,l40s
resnet152,gemm,494,layer3.24.conv1,1024,256,1,1,0,1.2120223939418793,0.05001171856245611,0.45090544487822526,l40s
resnet152,gemm,494,layer3.24.conv2,256,256,3,1,1,1.3817440032958985,0.032372262861389924,0.5140465206155538,l40s
resnet152,gemm,494,layer3.24.conv3,256,1024,1,1,0,1.1342864096164704,0.04409937872454038,0.42198553484150025,l40s
resnet152,gemm,494,layer3.25.conv1,1024,256,1,1,0,1.2219359934329987,0.05686645152451345,0.45459357474383744,l40s
resnet152,gemm,494,layer3.25.conv2,256,256,3,1,1,1.394729596376419,0.03477787631876629,0.5188775160280532,l40s
resnet152,gemm,494,layer3.25.conv3,256,1024,1,1,0,1.1422816157341003,0.043796289843656425,0.42495996995869156,l40s
resnet152,gemm,494,layer3.26.conv1,1024,256,1,1,0,1.236206406354904,0.05856400475785511,0.45990255824060294,l40s
resnet152,gemm,494,layer3.26.conv2,256,256,3,1,1,1.3846975982189178,0.02343543514080019,0.5151453386237118,l40s
resnet152,gemm,494,layer3.26.conv3,256,1024,1,1,0,1.141271996498108,0.06162513292185136,0.42458436401853883,l40s
resnet152,gemm,494,layer3.27.conv1,1024,256,1,1,0,1.2277376055717468,0.05546373130881812,0.4567519329684946,l40s
resnet152,gemm,494,layer3.27.conv2,256,256,3,1,1,1.4020783960819245,0.03781905199406951,0.5216114702991083,l40s
resnet152,gemm,494,layer3.27.conv3,256,1024,1,1,0,1.1539167881011962,0.04378860186558004,0.4292885719702084,l40s
resnet152,gemm,494,layer3.28.conv1,1024,256,1,1,0,1.2332655966281891,0.06670651970069268,0.45880849667478163,l40s
resnet152,gemm,494,layer3.28.conv2,256,256,3,1,1,1.4011615931987762,0.043535811367727474,0.5212703945781003,l40s
resnet152,gemm,494,layer3.28.conv3,256,1024,1,1,0,1.145830410718918,0.0573864006239442,0.4262802186516275,l40s
resnet152,gemm,494,layer3.29.conv1,1024,256,1,1,0,1.2523616075515747,0.08267235651859765,0.46591273447092046,l40s
resnet152,gemm,494,layer3.29.conv2,256,256,3,1,1,1.388665598630905,0.027636239467683735,0.5166215431888973,l40s
resnet152,gemm,494,layer3.29.conv3,256,1024,1,1,0,1.1457552015781403,0.05124967027478432,0.4262522387964278,l40s
resnet152,gemm,494,layer3.30.conv1,1024,256,1,1,0,1.2280480086803436,0.05501941118584028,0.45686741140558695,l40s
resnet152,gemm,494,layer3.30.conv2,256,256,3,1,1,1.3957087874412537,0.032185419432559974,0.5192418018571904,l40s
resnet152,gemm,494,layer3.30.conv3,256,1024,1,1,0,1.1322767913341523,0.06299479275600421,0.42123790193458915,l40s
resnet152,gemm,494,layer3.31.conv1,1024,256,1,1,0,1.2399920046329498,0.06588815193082283,0.461310904228453,l40s
resnet152,gemm,494,layer3.31.conv2,256,256,3,1,1,1.3865615963935851,0.023450627544235794,0.5158387968720095,l40s
resnet152,gemm,494,layer3.31.conv3,256,1024,1,1,0,1.1424623906612397,0.06883521889773854,0.42502722317063885,l40s
resnet152,gemm,494,layer3.32.conv1,1024,256,1,1,0,1.216324806213379,0.05248700382799837,0.45250605979180014,l40s
resnet152,gemm,494,layer3.32.conv2,256,256,3,1,1,1.3883023977279663,0.03025176839970186,0.516486422529792,l40s
resnet152,gemm,494,layer3.32.conv3,256,1024,1,1,0,1.1408255994319916,0.06338242709201447,0.42441829211368326,l40s
resnet152,gemm,494,layer3.33.conv1,1024,256,1,1,0,1.227585595846176,0.05560816422787568,0.4566953811974408,l40s
resnet152,gemm,494,layer3.33.conv2,256,256,3,1,1,1.3839136004447936,0.02299394427728369,0.5148536700317022,l40s
resnet152,gemm,494,layer3.33.conv3,256,1024,1,1,0,1.1349439918994904,0.0631711829762985,0.42223017341695174,l40s
resnet152,gemm,494,layer3.34.conv1,1024,256,1,1,0,1.2165279984474182,0.04820209587946435,0.4525816528543898,l40s
resnet152,gemm,494,layer3.34.conv2,256,256,3,1,1,1.3873456001281739,0.0318917070748578,0.5161304676814746,l40s
resnet152,gemm,494,layer3.34.conv3,256,1024,1,1,0,1.1419456124305725,0.04083624143003513,0.4248349675496478,l40s
resnet152,gemm,494,layer3.35.conv1,1024,256,1,1,0,1.2263984024524688,0.06129213443298836,0.4562537128190166,l40s
resnet152,gemm,494,layer3.35.conv2,256,256,3,1,1,1.3852976143360138,0.031434490494258144,0.5153685610126425,l40s
resnet152,gemm,494,layer3.35.conv3,256,1024,1,1,0,1.137529593706131,0.0432805551255163,0.423192087931674,l40s
resnet152,gemm,494,layer4.0.conv1,1024,512,1,1,0,1.6230191946029664,0.03694642857871708,0.6038074837942666,l40s
resnet152,gemm,494,layer4.0.conv2,512,512,3,2,1,2.353964793682098,0.05412772077876083,0.8757392172192858,l40s
resnet152,gemm,494,layer4.0.conv3,512,2048,1,1,0,1.3244703948497771,0.024766158853770683,0.4927391734697732,l40s
resnet152,gemm,494,layer4.0.downsample.0,1024,2048,1,2,0,2.3862160086631774,0.04491770437233185,0.8877375503454675,l40s
resnet152,gemm,494,layer4.1.conv1,2048,512,1,1,0,1.5014351963996888,0.032728769093823336,0.5585749145992198,l40s
resnet152,gemm,494,layer4.1.conv2,512,512,3,1,1,1.9960448086261748,0.033750111221982154,0.7425832038492985,l40s
resnet152,gemm,494,layer4.1.conv3,512,2048,1,1,0,1.4141568124294281,0.0298857995239019,0.5261049711814499,l40s
resnet152,gemm,494,layer4.2.conv1,2048,512,1,1,0,1.5040063858032227,0.03280255133071342,0.5595314673062174,l40s
resnet152,gemm,494,layer4.2.conv2,512,512,3,1,1,1.9807664036750794,0.022657981175631822,0.7368992197777685,l40s
resnet152,gemm,494,layer4.2.conv3,512,2048,1,1,0,1.3676511943340302,0.03549859149713614,0.5088036106443377,l40s
resnet152,gemm,497,conv1,3,64,7,2,3,2.6456063985824585,0.06852036101204304,0.9136273357376247,l40s
resnet152,gemm,497,layer1.0.conv1,64,64,1,1,0,1.5978512167930603,0.04522619878341101,0.551798087155354,l40s
resnet152,gemm,497,layer1.0.conv2,64,64,3,1,1,1.9306544065475464,0.03137984152413322,0.6667275383931841,l40s
resnet152,gemm,497,layer1.0.conv3,64,256,1,1,0,2.782212769985199,0.09065172530226007,0.9608026507112893,l40s
resnet152,gemm,497,layer1.0.downsample.0,64,256,1,1,0,2.8739855766296385,0.24036762344169965,0.9924952505147405,l40s
resnet152,gemm,497,layer1.1.conv1,256,64,1,1,0,2.9548400044441223,0.05989528196338242,1.020417323694756,l40s
resnet152,gemm,497,layer1.1.conv2,64,64,3,1,1,1.9192223966121673,0.05656736254428078,0.6627796356420482,l40s
resnet152,gemm,497,layer1.1.conv3,64,256,1,1,0,2.8088096022605895,0.17977631223534954,0.9699875366504244,l40s
resnet152,gemm,497,layer1.2.conv1,256,64,1,1,0,2.8660192012786867,0.058221261987200235,0.9897441616561425,l40s
resnet152,gemm,497,layer1.2.conv2,64,64,3,1,1,1.9128624022006988,0.0515252235267853,0.6605832905044762,l40s
resnet152,gemm,497,layer1.2.conv3,64,256,1,1,0,2.7696383953094483,0.05591792206105171,0.9564602464746923,l40s
resnet152,gemm,497,layer2.0.conv1,256,128,1,1,0,3.281670391559601,0.049415132828320614,1.1332841416682857,l40s
resnet152,gemm,497,layer2.0.conv2,128,128,3,2,1,2.014721620082855,0.030300590601943136,0.6957591072487416,l40s
resnet152,gemm,497,layer2.0.conv3,128,512,1,1,0,2.100710391998291,0.036074595237252295,0.7254542624428567,l40s
resnet152,gemm,497,layer2.0.downsample.0,256,512,1,2,0,3.55453280210495,0.1331675224338438,1.2275137887174719,l40s
resnet152,gemm,497,layer2.1.conv1,512,128,1,1,0,1.8887056052684783,0.055876157045469645,0.6522410404883873,l40s
resnet152,gemm,497,layer2.1.conv2,128,128,3,1,1,1.5357455968856812,0.05007316157988835,0.5303506820989121,l40s
resnet152,gemm,497,layer2.1.conv3,128,512,1,1,0,2.0426704227924346,0.06890478428829659,0.7054108793983295,l40s
resnet152,gemm,497,layer2.2.conv1,512,128,1,1,0,1.8732816100120544,0.058631334234388495,0.6469145551502407,l40s
resnet152,gemm,497,layer2.2.conv2,128,128,3,1,1,1.5160016000270844,0.03332473961223097,0.5235323378220019,l40s
resnet152,gemm,497,layer2.2.conv3,128,512,1,1,0,1.9509968042373658,0.04656079669146902,0.6737525329705419,l40s
resnet152,gemm,497,layer2.3.conv1,512,128,1,1,0,1.8539328098297119,0.037782228846468154,0.6402326871407797,l40s
resnet152,gemm,497,layer2.3.conv2,128,128,3,1,1,1.5120880007743835,0.039756522273948096,0.5221808248908623,l40s
resnet152,gemm,497,layer2.3.conv3,128,512,1,1,0,1.9553247928619384,0.05953372304706673,0.6752471501283662,l40s
resnet152,gemm,497,layer2.4.conv1,512,128,1,1,0,1.8693792045116424,0.02876352116091893,0.6455669078425309,l40s
resnet152,gemm,497,layer2.4.conv2,128,128,3,1,1,1.525988805294037,0.02932735103386216,0.5269812952120353,l40s
resnet152,gemm,497,layer2.4.conv3,128,512,1,1,0,1.9696800112724304,0.06933917871280347,0.680204546647114,l40s
resnet152,gemm,497,layer2.5.conv1,512,128,1,1,0,1.8741904199123383,0.04353810275743149,0.6472284013702729,l40s
resnet152,gemm,497,layer2.5.conv2,128,128,3,1,1,1.532531201839447,0.048210040476728985,0.5292406306628131,l40s
resnet152,gemm,497,layer2.5.conv3,128,512,1,1,0,1.9589936017990113,0.049269403534351296,0.67651412776204,l40s
resnet152,gemm,497,layer2.6.conv1,512,128,1,1,0,1.8749903976917266,0.047773748680371916,0.6475046637680444,l40s
resnet152,gemm,497,layer2.6.conv2,128,128,3,1,1,1.514985603094101,0.03417821388313698,0.5231814758905003,l40s
resnet152,gemm,497,layer2.6.conv3,128,512,1,1,0,1.9616383850574493,0.058615031216763334,0.6774274708365445,l40s
resnet152,gemm,497,layer2.7.conv1,512,128,1,1,0,1.87845920920372,0.08058036813565969,0.648702574773089,l40s
resnet152,gemm,497,layer2.7.conv2,128,128,3,1,1,1.513180810213089,0.0402825048068299,0.5225582130679125,l40s
resnet152,gemm,497,layer2.7.conv3,128,512,1,1,0,1.9567359924316405,0.05290866742330529,0.6757344903856894,l40s
resnet152,gemm,497,layer3.0.conv1,512,256,1,1,0,2.0692447900772093,0.07660391139297797,0.7145880073317631,l40s
resnet152,gemm,497,layer3.0.conv2,256,256,3,2,1,1.7702303946018219,0.03403538925016065,0.6113270968532614,l40s
resnet152,gemm,497,layer3.0.conv3,256,1024,1,1,0,1.2958112061023712,0.04606315963179589,0.44749231801246264,l40s
resnet152,gemm,497,layer3.0.downsample.0,512,1024,1,2,0,2.526980793476105,0.029339751804649327,0.8726614552492603,l40s
resnet152,gemm,497,layer3.1.conv1,1024,256,1,1,0,1.407769602537155,0.04526745374966469,0.48615576073129474,l40s
resnet152,gemm,497,layer3.1.conv2,256,256,3,1,1,1.5630111992359161,0.02730469802191878,0.5397665194834429,l40s
resnet152,gemm,497,layer3.1.conv3,256,1024,1,1,0,1.355366402864456,0.029268889604230255,0.4680589660883925,l40s
resnet152,gemm,497,layer3.2.conv1,1024,256,1,1,0,1.408327978849411,0.04194430617582965,0.48634858906085215,l40s
resnet152,gemm,497,layer3.2.conv2,256,256,3,1,1,1.5588000118732452,0.027810226882009046,0.5383122381918227,l40s
resnet152,gemm,497,layer3.2.conv3,256,1024,1,1,0,1.3248112082481385,0.03198960587980931,0.45750710884114343,l40s
resnet152,gemm,497,layer3.3.conv1,1024,256,1,1,0,1.4322176039218903,0.021919796640137604,0.49459857459098805,l40s
resnet152,gemm,497,layer3.3.conv2,256,256,3,1,1,1.563756775856018,0.021820346419764377,0.5400239951160151,l40s
resnet152,gemm,497,layer3.3.conv3,256,1024,1,1,0,1.3226928055286407,0.05087147260058311,0.45677554475297394,l40s
resnet152,gemm,497,layer3.4.conv1,1024,256,1,1,0,1.4183791995048523,0.0295226597355931,0.4898196533708199,l40s
resnet152,gemm,497,layer3.4.conv2,256,256,3,1,1,1.5633695900440217,0.03658674482936833,0.5398902853011163,l40s
resnet152,gemm,497,layer3.4.conv3,256,1024,1,1,0,1.3419072031974792,0.02973504653706398,0.463410998522435,l40s
resnet152,gemm,497,layer3.5.conv1,1024,256,1,1,0,1.431023997068405,0.04206887948294991,0.49418637727771714,l40s
resnet152,gemm,497,layer3.5.conv2,256,256,3,1,1,1.5494304060935975,0.030200213375491697,0.5350765611198448,l40s
resnet152,gemm,497,layer3.5.conv3,256,1024,1,1,0,1.3141615986824036,0.04181532004034203,0.453829398347473,l40s
resnet152,gemm,497,layer3.6.conv1,1024,256,1,1,0,1.426632010936737,0.03387950268728042,0.4926696593750758,l40s
resnet152,gemm,497,layer3.6.conv2,256,256,3,1,1,1.5542719960212708,0.027405037476470107,0.5367485441135073,l40s
resnet152,gemm,497,layer3.6.conv3,256,1024,1,1,0,1.3378496050834656,0.03246755732796675,0.4620097573716778,l40s
resnet152,gemm,497,layer3.7.conv1,1024,256,1,1,0,1.428595197200775,0.01864715278969081,0.49334762138670796,l40s
resnet152,gemm,497,layer3.7.conv2,256,256,3,1,1,1.5595408022403716,0.028028593281413865,0.5385680609513309,l40s
resnet152,gemm,497,layer3.7.conv3,256,1024,1,1,0,1.3181551933288573,0.035358680940319645,0.4552085366950407,l40s
resnet152,gemm,497,layer3.8.conv1,1024,256,1,1,0,1.441184002161026,0.06146785299396137,0.49769500894296625,l40s
resnet152,gemm,497,layer3.8.conv2,256,256,3,1,1,1.5641632080078125,0.03636775932346492,0.5401643514155013,l40s
resnet152,gemm,497,layer3.8.conv3,256,1024,1,1,0,1.3293664038181305,0.04046371780291279,0.45908018909775516,l40s
resnet152,gemm,497,layer3.9.conv1,1024,256,1,1,0,1.4132544100284576,0.02536764369954778,0.4880498709277311,l40s
resnet152,gemm,497,layer3.9.conv2,256,256,3,1,1,1.5639296114444732,0.03348919304942274,0.5400836817414653,l40s
resnet152,gemm,497,layer3.9.conv3,256,1024,1,1,0,1.3275135993957519,0.043503913612003224,0.4584403460852164,l40s
resnet152,gemm,497,layer3.10.conv1,1024,256,1,1,0,1.4174192070960998,0.029888393610183035,0.4894881319067024,l40s
resnet152,gemm,497,layer3.10.conv2,256,256,3,1,1,1.5656960010528564,0.03128356022104915,0.5406936824704651,l40s
resnet152,gemm,497,layer3.10.conv3,256,1024,1,1,0,1.3348671913146972,0.0357306107114228,0.4609798177906853,l40s
resnet152,gemm,497,layer3.11.conv1,1024,256,1,1,0,1.4185840010643005,0.04405957919551988,0.4898903790476303,l40s
resnet152,gemm,497,layer3.11.conv2,256,256,3,1,1,1.5553023993968964,0.03532170375014295,0.5371043811311802,l40s
resnet152,gemm,497,layer3.11.conv3,256,1024,1,1,0,1.3062192022800445,0.04179394907663744,0.45108659032117415,l40s
resnet152,gemm,497,layer3.12.conv1,1024,256,1,1,0,1.4154063999652862,0.027845303250012027,0.48879303394456247,l40s
resnet152,gemm,497,layer3.12.conv2,256,256,3,1,1,1.569187194108963,0.03367623112630203,0.541899322663997,l40s
resnet152,gemm,497,layer3.12.conv3,256,1024,1,1,0,1.3283551990985871,0.041293175503951694,0.45873098209769014,l40s
resnet152,gemm,497,layer3.13.conv1,1024,256,1,1,0,1.4186831891536713,0.029091196216668985,0.4899246324232939,l40s
resnet152,gemm,497,layer3.13.conv2,256,256,3,1,1,1.5592719972133637,0.03271619732565522,0.5384752324713311,l40s
resnet152,gemm,497,layer3.13.conv3,256,1024,1,1,0,1.3051216006278992,0.03533376380454387,0.4507075472126876,l40s
resnet152,gemm,497,layer3.14.conv1,1024,256,1,1,0,1.429784005880356,0.04423407435096093,0.49375816171016995,l40s
resnet152,gemm,497,layer3.14.conv2,256,256,3,1,1,1.57049760222435,0.03959895952849075,0.5423518558434721,l40s
resnet152,gemm,497,layer3.14.conv3,256,1024,1,1,0,1.324075198173523,0.03736504216545453,0.45725293689632684,l40s
resnet152,gemm,497,layer3.15.conv1,1024,256,1,1,0,1.4253680050373077,0.0337739300817593,0.4922331506249945,l40s
resnet152,gemm,497,layer3.15.conv2,256,256,3,1,1,1.5825248062610626,0.03646509299996973,0.5465053014906863,l40s
resnet152,gemm,497,layer3.15.conv3,256,1024,1,1,0,1.3225808024406434,0.04720350991058699,0.4567368658765787,l40s
resnet152,gemm,497,layer3.16.conv1,1024,256,1,1,0,1.421908789873123,0.03431176083308699,0.49103855359956755,l40s
resnet152,gemm,497,layer3.16.conv2,256,256,3,1,1,1.5712240099906922,0.04161933876538509,0.5426027117502985,l40s
resnet152,gemm,497,layer3.16.conv3,256,1024,1,1,0,1.3221680104732514,0.03651825963985503,0.4565943132937061,l40s
resnet152,gemm,497,layer3.17.conv1,1024,256,1,1,0,1.4213455855846404,0.034666338338167055,0.490844057988339,l40s
resnet152,gemm,497,layer3.17.conv2,256,256,3,1,1,1.5578159987926483,0.029006111281842377,0.5379724214867988,l40s
resnet152,gemm,497,layer3.17.conv3,256,1024,1,1,0,1.3157472014427185,0.03844169531814319,0.4543769665821964,l40s
resnet152,gemm,497,layer3.18.conv1,1024,256,1,1,0,1.400761604309082,0.025249701962069288,0.4837356355178847,l40s
resnet152,gemm,497,layer3.18.conv2,256,256,3,1,1,1.5594943940639496,0.031254338234036456,0.5385520344635648,l40s
resnet152,gemm,497,layer3.18.conv3,256,1024,1,1,0,1.3319951951503755,0.03664365457440809,0.45998800955902097,l40s
resnet152,gemm,497,layer3.19.conv1,1024,256,1,1,0,1.432862401008606,0.040170747757852614,0.49482124726245685,l40s
resnet152,gemm,497,layer3.19.conv2,256,256,3,1,1,1.5527248084545135,0.028874772970806848,0.5362142420891168,l40s
resnet152,gemm,497,layer3.19.conv3,256,1024,1,1,0,1.3173295915126801,0.035001175235841044,0.45492342535417823,l40s
resnet152,gemm,497,layer3.20.conv1,1024,256,1,1,0,1.4013327836990357,0.030544603018692704,0.48393288523142897,l40s
resnet152,gemm,497,layer3.20.conv2,256,256,3,1,1,1.5558896005153655,0.029606418472283222,0.5373071637498253,l40s
resnet152,gemm,497,layer3.20.conv3,256,1024,1,1,0,1.3316623985767364,0.04803021339663319,0.4598730823925765,l40s
resnet152,gemm,497,layer3.21.conv1,1024,256,1,1,0,1.4364768028259278,0.0561138602325276,0.4960694360725589,l40s
resnet152,gemm,497,layer3.21.conv2,256,256,3,1,1,1.555699199438095,0.04016942532882452,0.537241411100814,l40s
resnet152,gemm,497,layer3.21.conv3,256,1024,1,1,0,1.3262656033039093,0.048310504211055705,0.4580093661234912,l40s
resnet152,gemm,497,layer3.22.conv1,1024,256,1,1,0,1.4260528087615967,0.04192191844105073,0.4924696390922361,l40s
resnet152,gemm,497,layer3.22.conv2,256,256,3,1,1,1.5661247968673706,0.031514197809249175,0.5408417617833213,l40s
resnet152,gemm,497,layer3.22.conv3,256,1024,1,1,0,1.3320064067840576,0.02931903192750471,0.45999188135756813,l40s
resnet152,gemm,497,layer3.23.conv1,1024,256,1,1,0,1.4278992116451263,0.03847831846160029,0.49310727141278143,l40s
resnet152,gemm,497,layer3.23.conv2,256,256,3,1,1,1.5531807899475099,0.02201218109960811,0.5363717096386416,l40s
resnet152,gemm,497,layer3.23.conv3,256,1024,1,1,0,1.3028528034687041,0.03507210011532936,0.4499240462712796,l40s
resnet152,gemm,497,layer3.24.conv1,1024,256,1,1,0,1.4228464007377624,0.06445722427918607,0.4913623458751979,l40s
resnet152,gemm,497,layer3.24.conv2,256,256,3,1,1,1.54579359292984,0.023190090820048977,0.5338206328293934,l40s
resnet152,gemm,497,layer3.24.conv3,256,1024,1,1,0,1.3256063997745513,0.04042581448863378,0.4577817183658508,l40s
resnet152,gemm,497,layer3.25.conv1,1024,256,1,1,0,1.4165087938308716,0.030933025126755994,0.48917373198448555,l40s
resnet152,gemm,497,layer3.25.conv2,256,256,3,1,1,1.546460795402527,0.02366123041740221,0.5340510429228392,l40s
resnet152,gemm,497,layer3.25.conv3,256,1024,1,1,0,1.3171695947647095,0.03295339952906477,0.4548681724629495,l40s
resnet152,gemm,497,layer3.26.conv1,1024,256,1,1,0,1.424809604883194,0.046558004065068534,0.4920403140619473,l40s
resnet152,gemm,497,layer3.26.conv2,256,256,3,1,1,1.547659206390381,0.030243817947644955,0.5344648992842913,l40s
resnet152,gemm,497,layer3.26.conv3,256,1024,1,1,0,1.3236815989017487,0.045018683630254915,0.45711701227268964,l40s
resnet152,gemm,497,layer3.27.conv1,1024,256,1,1,0,1.417244815826416,0.030016253250403396,0.48942790804604697,l40s
resnet152,gemm,497,layer3.27.conv2,256,256,3,1,1,1.5591535985469818,0.03303468218824336,0.5384343449613148,l40s
resnet152,gemm,497,layer3.27.conv3,256,1024,1,1,0,1.3019743978977203,0.026408728173308908,0.44962069980902986,l40s
resnet152,gemm,497,layer3.28.conv1,1024,256,1,1,0,1.4254735946655273,0.03270309376973594,0.49226961469265157,l40s
resnet152,gemm,497,layer3.28.conv2,256,256,3,1,1,1.549097591638565,0.03042459619631621,0.534961627778283,l40s
resnet152,gemm,497,layer3.28.conv3,256,1024,1,1,0,1.324143999814987,0.03306168640067268,0.457276696689325,l40s
resnet152,gemm,497,layer3.29.conv1,1024,256,1,1,0,1.4147296011447907,0.03419583405223163,0.4885593098714989,l40s
resnet152,gemm,497,layer3.29.conv2,256,256,3,1,1,1.5517568051815034,0.028639295583983277,0.5358799541724488,l40s
resnet152,gemm,497,layer3.29.conv3,256,1024,1,1,0,1.3195088028907775,0.0328767942153169,0.4556759889579128,l40s
resnet152,gemm,497,layer3.30.conv1,1024,256,1,1,0,1.3995439887046814,0.02968498602197052,0.4833151470804522,l40s
resnet152,gemm,497,layer3.30.conv2,256,256,3,1,1,1.5588223934173584,0.034171622506905655,0.5383199673803101,l40s
resnet152,gemm,497,layer3.30.conv3,256,1024,1,1,0,1.3277728021144868,0.03814464451313602,0.45852985852722616,l40s
resnet152,gemm,497,layer3.31.conv1,1024,256,1,1,0,1.4257903873920441,0.026919906799488195,0.4923790151291125,l40s
resnet152,gemm,497,layer3.31.conv2,256,256,3,1,1,1.560856008529663,0.027070040917205076,0.5390222511206147,l40s
resnet152,gemm,497,layer3.31.conv3,256,1024,1,1,0,1.3110336065292358,0.04106604461173479,0.452749185078168,l40s
resnet152,gemm,497,layer3.32.conv1,1024,256,1,1,0,1.4267264127731323,0.04017951731995744,0.49270225987767546,l40s
resnet152,gemm,497,layer3.32.conv2,256,256,3,1,1,1.5543503999710082,0.022683154697009034,0.5367756199444956,l40s
resnet152,gemm,497,layer3.32.conv3,256,1024,1,1,0,1.3275039970874787,0.052298676647069324,0.45843703004722636,l40s
resnet152,gemm,497,layer3.33.conv1,1024,256,1,1,0,1.415660810470581,0.02280649568769526,0.4888808914551357,l40s
resnet152,gemm,497,layer3.33.conv2,256,256,3,1,1,1.5596368134021759,0.024199019229561962,0.5386012172144875,l40s
resnet152,gemm,497,layer3.33.conv3,256,1024,1,1,0,1.3137743890285491,0.02753567169130337,0.4536956802990844,l40s
resnet152,gemm,497,layer3.34.conv1,1024,256,1,1,0,1.4302576005458831,0.038847118114949605,0.49392171175023525,l40s
resnet152,gemm,497,layer3.34.conv2,256,256,3,1,1,1.5590640008449554,0.028935871396386103,0.5384034035068964,l40s
resnet152,gemm,497,layer3.34.conv3,256,1024,1,1,0,1.3438127934932709,0.05218821306540956,0.46406907048124363,l40s
resnet152,gemm,497,layer3.35.conv1,1024,256,1,1,0,1.4215696096420287,0.02897191986814366,0.49092142191624705,l40s
resnet152,gemm,497,layer3.35.conv2,256,256,3,1,1,1.5620783925056458,0.03608460780886106,0.539444386255994,l40s
resnet152,gemm,497,layer3.35.conv3,256,1024,1,1,0,1.3021487832069396,0.04646220161189854,0.44968092161131284,l40s
resnet152,gemm,497,layer4.0.conv1,1024,512,1,1,0,1.766755187511444,0.05242526110744427,0.6101269772145956,l40s
resnet152,gemm,497,layer4.0.conv2,512,512,3,2,1,2.216982424259186,0.04615938824861593,0.7656073657586936,l40s
resnet152,gemm,497,layer4.0.conv3,512,2048,1,1,0,1.3260560035705566,0.024078499416395092,0.45793698345687195,l40s
resnet152,gemm,497,layer4.0.downsample.0,1024,2048,1,2,0,2.387393605709076,0.04309310203048668,0.8244567523384152,l40s
resnet152,gemm,497,layer4.1.conv1,2048,512,1,1,0,1.4808880031108855,0.03174610687543721,0.5114062929137718,l40s
resnet152,gemm,497,layer4.1.conv2,512,512,3,1,1,1.9729456007480621,0.027861123094638115,0.6813322774440431,l40s
resnet152,gemm,497,layer4.1.conv3,512,2048,1,1,0,1.4270080029964447,0.029227423861088203,0.4927995035665449,l40s
resnet152,gemm,497,layer4.2.conv1,2048,512,1,1,0,1.492804801464081,0.03376893755803309,0.5155216113284029,l40s
resnet152,gemm,497,layer4.2.conv2,512,512,3,1,1,1.9728304028511048,0.01932505770151957,0.6812924952800236,l40s
resnet152,gemm,497,layer4.2.conv3,512,2048,1,1,0,1.3748191893100739,0.029740683919516637,0.4747767444633259,l40s
resnet152,gemm,500,conv1,3,64,7,2,3,2.611795210838318,0.042283330847827,0.9018620843186772,l40s
resnet152,gemm,500,layer1.0.conv1,64,64,1,1,0,1.5732848048210144,0.05996523360347031,0.5432607837761361,l40s
resnet152,gemm,500,layer1.0.conv2,64,64,3,1,1,1.7566976010799409,0.046567021414561725,0.6065938682531917,l40s
resnet152,gemm,500,layer1.0.conv3,64,256,1,1,0,3.0775216102600096,0.06391435469611564,1.0626790501978143,l40s
resnet152,gemm,500,layer1.0.downsample.0,64,256,1,1,0,3.286302375793457,0.0500534137483394,1.134771783804293,l40s
resnet152,gemm,500,layer1.1.conv1,256,64,1,1,0,2.966760003566742,0.12599586427650525,1.024432677335061,l40s
resnet152,gemm,500,layer1.1.conv2,64,64,3,1,1,1.777676796913147,0.05322209634566347,0.6138380584572897,l40s
resnet152,gemm,500,layer1.1.conv3,64,256,1,1,0,2.9360063791275026,0.054380597626797506,1.0138133425104812,l40s
resnet152,gemm,500,layer1.2.conv1,256,64,1,1,0,2.847127985954285,0.05009075000276283,0.9831233203427917,l40s
resnet152,gemm,500,layer1.2.conv2,64,64,3,1,1,1.7550128042697906,0.04378227720053572,0.6060121019812611,l40s
resnet152,gemm,500,layer1.2.conv3,64,256,1,1,0,2.825049602985382,0.051140233600764584,0.9754995769497063,l40s
resnet152,gemm,500,layer2.0.conv1,256,128,1,1,0,3.256804811954498,0.034238445759022955,1.1245861711284861,l40s
resnet152,gemm,500,layer2.0.conv2,128,128,3,2,1,2.054168003797531,0.1343054758036386,0.7093114459195862,l40s
resnet152,gemm,500,layer2.0.conv3,128,512,1,1,0,2.119657611846924,0.0435995065016447,0.7319252382152238,l40s
resnet152,gemm,500,layer2.0.downsample.0,256,512,1,2,0,3.2878608226776125,0.09683231698065864,1.1353099210018085,l40s
resnet152,gemm,500,layer2.1.conv1,512,128,1,1,0,1.8836080014705658,0.03709024532983543,0.6504164764512018,l40s
resnet152,gemm,500,layer2.1.conv2,128,128,3,1,1,1.5517648041248322,0.06027025258131264,0.5358298517482882,l40s
resnet152,gemm,500,layer2.1.conv3,128,512,1,1,0,1.8736703991889954,0.03075667218576163,0.6469849873859046,l40s
resnet152,gemm,500,layer2.2.conv1,512,128,1,1,0,1.8667696058750152,0.026462949403231135,0.6446021191519128,l40s
resnet152,gemm,500,layer2.2.conv2,128,128,3,1,1,1.5238831996917725,0.03197754583968293,0.5262022355462977,l40s
resnet152,gemm,500,layer2.2.conv3,128,512,1,1,0,1.8662992060184478,0.027112081069606813,0.6444396884248227,l40s
resnet152,gemm,500,layer2.3.conv1,512,128,1,1,0,1.8755888044834137,0.058410085198347374,0.6476474194901571,l40s
resnet152,gemm,500,layer2.3.conv2,128,128,3,1,1,1.5390143990516663,0.044454437663245173,0.5314270919731442,l40s
resnet152,gemm,500,layer2.3.conv3,128,512,1,1,0,1.8759167969226838,0.03721894792330782,0.6477606764345352,l40s
resnet152,gemm,500,layer2.4.conv1,512,128,1,1,0,1.8823631942272185,0.03750335465025127,0.6499866401262091,l40s
resnet152,gemm,500,layer2.4.conv2,128,128,3,1,1,1.5165008187294007,0.031115873403891353,0.5236530734012985,l40s
resnet152,gemm,500,layer2.4.conv3,128,512,1,1,0,1.8737088084220885,0.03229069963431262,0.6469982502293583,l40s
resnet152,gemm,500,layer2.5.conv1,512,128,1,1,0,1.86939679980278,0.04211720337025066,0.6455092984674162,l40s
resnet152,gemm,500,layer2.5.conv2,128,128,3,1,1,1.5243119955062867,0.0380373780750909,0.5263503002511492,l40s
resnet152,gemm,500,layer2.5.conv3,128,512,1,1,0,1.8571648001670837,0.024628367938691647,0.6412855459155102,l40s
resnet152,gemm,500,layer2.6.conv1,512,128,1,1,0,1.8412272036075592,0.024197387317781968,0.6357822376957246,l40s
resnet152,gemm,500,layer2.6.conv2,128,128,3,1,1,1.5324271976947785,0.04226678267199787,0.52915250814632,l40s
resnet152,gemm,500,layer2.6.conv3,128,512,1,1,0,1.864124780893326,0.026009356421820357,0.6436888517713977,l40s
resnet152,gemm,500,layer2.7.conv1,512,128,1,1,0,1.8717151880264282,0.05494721903341952,0.6463098460857605,l40s
resnet152,gemm,500,layer2.7.conv2,128,128,3,1,1,1.5358416080474853,0.04586899493366432,0.5303315160657132,l40s
resnet152,gemm,500,layer2.7.conv3,128,512,1,1,0,1.8682448029518128,0.03417024120221283,0.6451115098977649,l40s
resnet152,gemm,500,layer3.0.conv1,512,256,1,1,0,2.0594448029994963,0.0714349596864239,0.7111335432674437,l40s
resnet152,gemm,500,layer3.0.conv2,256,256,3,2,1,1.7766431987285614,0.04797358902761516,0.6134811533641069,l40s
resnet152,gemm,500,layer3.0.conv3,256,1024,1,1,0,1.2727408051490783,0.043393332127609256,0.4394818822570525,l40s
resnet152,gemm,500,layer3.0.downsample.0,512,1024,1,2,0,2.5125375986099243,0.10746845690687559,0.8675880812585133,l40s
resnet152,gemm,500,layer3.1.conv1,1024,256,1,1,0,1.3902608036994935,0.0549866955822187,0.480061951629255,l40s
resnet152,gemm,500,layer3.1.conv2,256,256,3,1,1,1.5514496088027954,0.02567319458044564,0.5357210136935586,l40s
resnet152,gemm,500,layer3.1.conv3,256,1024,1,1,0,1.3452192068099975,0.05358830180120782,0.4645089295993371,l40s
resnet152,gemm,500,layer3.2.conv1,1024,256,1,1,0,1.433211201429367,0.06411006029369667,0.4948928752247336,l40s
resnet152,gemm,500,layer3.2.conv2,256,256,3,1,1,1.5561056077480315,0.02463479882452955,0.5373287465264818,l40s
resnet152,gemm,500,layer3.2.conv3,256,1024,1,1,0,1.3021663963794707,0.062499273878432335,0.4496426425376539,l40s
resnet152,gemm,500,layer3.3.conv1,1024,256,1,1,0,1.4364544093608855,0.06268133734817836,0.4960127663451631,l40s
resnet152,gemm,500,layer3.3.conv2,256,256,3,1,1,1.5500559985637665,0.020020823186842313,0.5352397951701144,l40s
resnet152,gemm,500,layer3.3.conv3,256,1024,1,1,0,1.3043584048748016,0.06418674975884796,0.4503995507907359,l40s
resnet152,gemm,500,layer3.4.conv1,1024,256,1,1,0,1.4205439925193786,0.057073386767319594,0.49051884337772844,l40s
resnet152,gemm,500,layer3.4.conv2,256,256,3,1,1,1.551396805047989,0.025763185472576132,0.5357027803710638,l40s
resnet152,gemm,500,layer3.4.conv3,256,1024,1,1,0,1.3053135931491853,0.05828347412438886,0.45072938066578794,l40s
resnet152,gemm,500,layer3.5.conv1,1024,256,1,1,0,1.431460791826248,0.047655509725632705,0.4942884526243209,l40s
resnet152,gemm,500,layer3.5.conv2,256,256,3,1,1,1.5522576093673706,0.03054194124361017,0.5360000191340597,l40s
resnet152,gemm,500,layer3.5.conv3,256,1024,1,1,0,1.3139567971229553,0.06559373548404747,0.4537139094368908,l40s
resnet152,gemm,500,layer3.6.conv1,1024,256,1,1,0,1.4353024125099183,0.05611448290272852,0.4956149777755116,l40s
resnet152,gemm,500,layer3.6.conv2,256,256,3,1,1,1.552804809808731,0.03814601241034315,0.5361889693735492,l40s
resnet152,gemm,500,layer3.6.conv3,256,1024,1,1,0,1.3133728146553039,0.06326066752334247,0.453512258234187,l40s
resnet152,gemm,500,layer3.7.conv1,1024,256,1,1,0,1.4570367932319641,0.08302047206392216,0.5031199359812771,l40s
resnet152,gemm,500,layer3.7.conv2,256,256,3,1,1,1.5471776008605957,0.03219896453966925,0.5342458743062934,l40s
resnet152,gemm,500,layer3.7.conv3,256,1024,1,1,0,1.3036240100860597,0.05132579469154324,0.4501459616838491,l40s
resnet152,gemm,500,layer3.8.conv1,1024,256,1,1,0,1.437558388710022,0.04662569881338568,0.4963939743023281,l40s
resnet152,gemm,500,layer3.8.conv2,256,256,3,1,1,1.5602975964546204,0.040491668748630506,0.5387762549898851,l40s
resnet152,gemm,500,layer3.8.conv3,256,1024,1,1,0,1.3048912107944488,0.05993192079084744,0.4505835305511843,l40s
resnet152,gemm,500,layer3.9.conv1,1024,256,1,1,0,1.4381919980049134,0.05581466638944698,0.4966127618232498,l40s
resnet152,gemm,500,layer3.9.conv2,256,256,3,1,1,1.5458911895751952,0.02276171774343221,0.533801671959062,l40s
resnet152,gemm,500,layer3.9.conv3,256,1024,1,1,0,1.3248480141162873,0.08400415770062213,0.457474685020525,l40s
resnet152,gemm,500,layer3.10.conv1,1024,256,1,1,0,1.4294160068035127,0.053814332557009625,0.4935823811548063,l40s
resnet152,gemm,500,layer3.10.conv2,256,256,3,1,1,1.5552752137184143,0.031158341292016344,0.5370420085436381,l40s
resnet152,gemm,500,layer3.10.conv3,256,1024,1,1,0,1.2949663937091827,0.057737220709494684,0.44715645625919687,l40s
resnet152,gemm,500,layer3.11.conv1,1024,256,1,1,0,1.42675039768219,0.0480517807029323,0.49266193693767985,l40s
resnet152,gemm,500,layer3.11.conv2,256,256,3,1,1,1.5592879891395568,0.04006758322083121,0.5384276340284375,l40s
resnet152,gemm,500,layer3.11.conv3,256,1024,1,1,0,1.302108782529831,0.05882872872986775,0.4496227482724734,l40s
resnet152,gemm,500,layer3.12.conv1,1024,256,1,1,0,1.4344127833843232,0.04372161626638614,0.49530778570541734,l40s
resnet152,gemm,500,layer3.12.conv2,256,256,3,1,1,1.5443103909492493,0.026026888240238227,0.5332558166263898,l40s
resnet152,gemm,500,layer3.12.conv3,256,1024,1,1,0,1.3096447944641114,0.06855754646949432,0.45222495973311816,l40s
resnet152,gemm,500,layer3.13.conv1,1024,256,1,1,0,1.442542403936386,0.05265850027811819,0.49811497231230684,l40s
resnet152,gemm,500,layer3.13.conv2,256,256,3,1,1,1.5577696025371552,0.03751121304286875,0.537903329787293,l40s
resnet152,gemm,500,layer3.13.conv3,256,1024,1,1,0,1.3140160024166108,0.0655646197430942,0.4537343532332946,l40s
resnet152,gemm,500,layer3.14.conv1,1024,256,1,1,0,1.4303344130516051,0.055632098399937026,0.493899510066644,l40s
resnet152,gemm,500,layer3.14.conv2,256,256,3,1,1,1.5451296091079711,0.02539839846769385,0.533538695541655,l40s
resnet152,gemm,500,layer3.14.conv3,256,1024,1,1,0,1.3128352046012879,0.06423525266562577,0.4533266195892222,l40s
resnet152,gemm,500,layer3.15.conv1,1024,256,1,1,0,1.4298896014690399,0.043504413219645016,0.4937459150606815,l40s
resnet152,gemm,500,layer3.15.conv2,256,256,3,1,1,1.5452207982540132,0.041526117434475616,0.5335701834749261,l40s
resnet152,gemm,500,layer3.15.conv3,256,1024,1,1,0,1.3166400015354156,0.07102976854322837,0.45464042937001287,l40s
resnet152,gemm,500,layer3.16.conv1,1024,256,1,1,0,1.4332687973976135,0.04947250211074235,0.49491276331540607,l40s
resnet152,gemm,500,layer3.16.conv2,256,256,3,1,1,1.5698383927345276,0.046960299534999715,0.5420707255453676,l40s
resnet152,gemm,500,layer3.16.conv3,256,1024,1,1,0,1.3236112236976623,0.07391620592115018,0.45704761693334195,l40s
resnet152,gemm,500,layer3.17.conv1,1024,256,1,1,0,1.4288928031921386,0.05432924978367752,0.4934017171052213,l40s
resnet152,gemm,500,layer3.17.conv2,256,256,3,1,1,1.5620719969272614,0.040971955572240565,0.5393889617220329,l40s
resnet152,gemm,500,layer3.17.conv3,256,1024,1,1,0,1.3206159949302674,0.06323210664377087,0.456013353891598,l40s
resnet152,gemm,500,layer3.18.conv1,1024,256,1,1,0,1.439491206407547,0.04349328921527022,0.49706138306012976,l40s
resnet152,gemm,500,layer3.18.conv2,256,256,3,1,1,1.548363196849823,0.03026252127915748,0.534655264776713,l40s
resnet152,gemm,500,layer3.18.conv3,256,1024,1,1,0,1.2976576030254363,0.06724752086345621,0.44808574031378984,l40s
resnet152,gemm,500,layer3.19.conv1,1024,256,1,1,0,1.4410975933074952,0.053855566868165276,0.4976160741139297,l40s
resnet152,gemm,500,layer3.19.conv2,256,256,3,1,1,1.5552863895893096,0.025485776127221995,0.5370458676112166,l40s
resnet152,gemm,500,layer3.19.conv3,256,1024,1,1,0,1.3755855977535247,0.28723849737487783,0.47499455133411894,l40s
resnet152,gemm,500,layer3.20.conv1,1024,256,1,1,0,1.4335327982902526,0.05937223529764735,0.4950039237533721,l40s
resnet152,gemm,500,layer3.20.conv2,256,256,3,1,1,1.5602944016456604,0.03861035850543488,0.5387751518110999,l40s
resnet152,gemm,500,layer3.20.conv3,256,1024,1,1,0,1.3149663984775544,0.05045322325532,0.45406252834016897,l40s
resnet152,gemm,500,layer3.21.conv1,1024,256,1,1,0,1.4384511888027192,0.05431449545088084,0.49670226131853,l40s
resnet152,gemm,500,layer3.21.conv2,256,256,3,1,1,1.5573391914367676,0.04151542648783484,0.537754707318541,l40s
resnet152,gemm,500,layer3.21.conv3,256,1024,1,1,0,1.3035840034484862,0.06061095758221194,0.45013214725100276,l40s
resnet152,gemm,500,layer3.22.conv1,1024,256,1,1,0,1.4222799956798553,0.04402569877643111,0.49111829138276136,l40s
resnet152,gemm,500,layer3.22.conv2,256,256,3,1,1,1.5449024081230163,0.032590905253230225,0.5334602422414114,l40s
resnet152,gemm,500,layer3.22.conv3,256,1024,1,1,0,1.3070495903491974,0.06899644652457922,0.4513288266126514,l40s
resnet152,gemm,500,layer3.23.conv1,1024,256,1,1,0,1.4387616038322448,0.053838596451385445,0.4968094487214206,l40s
resnet152,gemm,500,layer3.23.conv2,256,256,3,1,1,1.5520208060741425,0.03609714534448944,0.5359182501229527,l40s
resnet152,gemm,500,layer3.23.conv3,256,1024,1,1,0,1.3124624133110045,0.05435330336415008,0.4531978934438201,l40s
resnet152,gemm,500,layer3.24.conv1,1024,256,1,1,0,1.4363599956035613,0.0562925682151997,0.49598016494226005,l40s
resnet152,gemm,500,layer3.24.conv2,256,256,3,1,1,1.5657840073108673,0.030737832193540857,0.54067073198016,l40s
resnet152,gemm,500,layer3.24.conv3,256,1024,1,1,0,1.3154559969902038,0.056838150882637155,0.4542315884308167,l40s
resnet152,gemm,500,layer3.25.conv1,1024,256,1,1,0,1.4275008141994476,0.04440828194502327,0.4929210584038471,l40s
resnet152,gemm,500,layer3.25.conv2,256,256,3,1,1,1.543644791841507,0.024581654000760653,0.5330259829104315,l40s
resnet152,gemm,500,layer3.25.conv3,256,1024,1,1,0,1.3044911921024323,0.060831489325988086,0.45044540268807637,l40s
resnet152,gemm,500,layer3.26.conv1,1024,256,1,1,0,1.4510687947273255,0.07640153784200575,0.5010591650799948,l40s
resnet152,gemm,500,layer3.26.conv2,256,256,3,1,1,1.5409664154052733,0.0211553990162248,0.5321011300945032,l40s
resnet152,gemm,500,layer3.26.conv3,256,1024,1,1,0,1.3163839995861053,0.05528503155494883,0.45455203099534836,l40s
resnet152,gemm,500,layer3.27.conv1,1024,256,1,1,0,1.4320096015930175,0.059741154363016497,0.49447795856954174,l40s
resnet152,gemm,500,layer3.27.conv2,256,256,3,1,1,1.559416002035141,0.03472253616757411,0.5384718373321086,l40s
resnet152,gemm,500,layer3.27.conv3,256,1024,1,1,0,1.305055981874466,0.04937472041925593,0.45064042658539216,l40s
resnet152,gemm,500,layer3.28.conv1,1024,256,1,1,0,1.4335264086723327,0.04299128741401625,0.4950017173958019,l40s
resnet152,gemm,500,layer3.28.conv2,256,256,3,1,1,1.550984001159668,0.027580185070889416,0.5355602377346461,l40s
resnet152,gemm,500,layer3.28.conv3,256,1024,1,1,0,1.298564797639847,0.060697096382387315,0.4483989978090329,l40s
resnet152,gemm,500,layer3.29.conv1,1024,256,1,1,0,1.447119987010956,0.04755849762656197,0.49969562786893,l40s
resnet152,gemm,500,layer3.29.conv2,256,256,3,1,1,1.5583231985569,0.03148937277399228,0.5380944884425221,l40s
resnet152,gemm,500,layer3.29.conv3,256,1024,1,1,0,1.320472002029419,0.05866048527193995,0.455963632635832,l40s
resnet152,gemm,500,layer3.30.conv1,1024,256,1,1,0,1.4308864057064057,0.04572091470105721,0.49409011507431116,l40s
resnet152,gemm,500,layer3.30.conv2,256,256,3,1,1,1.7038112044334413,0.6181546990490643,0.5883320092399779,l40s
resnet152,gemm,500,layer3.30.conv3,256,1024,1,1,0,1.301177591085434,0.05134202667658062,0.44930120458732586,l40s
resnet152,gemm,500,layer3.31.conv1,1024,256,1,1,0,1.41703040599823,0.043961548097046554,0.4893055895781015,l40s
resnet152,gemm,500,layer3.31.conv2,256,256,3,1,1,1.5570432007312776,0.029832370785420344,0.5376525006855384,l40s
resnet152,gemm,500,layer3.31.conv3,256,1024,1,1,0,1.3081583976745605,0.048555201370079175,0.4517117016870102,l40s
resnet152,gemm,500,layer3.32.conv1,1024,256,1,1,0,1.4378127932548523,0.05243635889304599,0.4964818210876001,l40s
resnet152,gemm,500,layer3.32.conv2,256,256,3,1,1,1.5540192127227783,0.03392622693426309,0.536608306976559,l40s
resnet152,gemm,500,layer3.32.conv3,256,1024,1,1,0,1.3167727887630463,0.06641543859780821,0.4546862812673535,l40s
resnet152,gemm,500,layer3.33.conv1,1024,256,1,1,0,1.4201120138168335,0.0495555047206731,0.4903696796104308,l40s
resnet152,gemm,500,layer3.33.conv2,256,256,3,1,1,1.5591008007526397,0.043090319396859166,0.5383629972192095,l40s
resnet152,gemm,500,layer3.33.conv3,256,1024,1,1,0,1.3108464002609252,0.05769533137948749,0.45263987844647935,l40s
resnet152,gemm,500,layer3.34.conv1,1024,256,1,1,0,1.4258063971996306,0.04453994918344538,0.4923359702465449,l40s
resnet152,gemm,500,layer3.34.conv2,256,256,3,1,1,1.5544240117073058,0.027417992098834394,0.5367480854915058,l40s
resnet152,gemm,500,layer3.34.conv3,256,1024,1,1,0,1.312905603647232,0.0530428933296052,0.45335092862771253,l40s
resnet152,gemm,500,layer3.35.conv1,1024,256,1,1,0,1.4375039994716645,0.05442760859288352,0.49637519350677944,l40s
resnet152,gemm,500,layer3.35.conv2,256,256,3,1,1,1.547078400850296,0.020202744901631837,0.5342116201933821,l40s
resnet152,gemm,500,layer3.35.conv3,256,1024,1,1,0,1.3152688026428223,0.07316668949199297,0.4541669495634194,l40s
resnet152,gemm,500,layer4.0.conv1,1024,512,1,1,0,1.7525519967079162,0.030898990232675987,0.6051623764638662,l40s
resnet152,gemm,500,layer4.0.conv2,512,512,3,2,1,2.3429327964782716,0.5683642093364687,0.8090229457815197,l40s
resnet152,gemm,500,layer4.0.conv3,512,2048,1,1,0,1.3353119850158692,0.027205691277010145,0.46108793102334533,l40s
resnet152,gemm,500,layer4.0.downsample.0,1024,2048,1,2,0,2.377555191516876,0.040400723828700524,0.8209781807187942,l40s
resnet152,gemm,500,layer4.1.conv1,2048,512,1,1,0,1.495027196407318,0.02816751514630153,0.516238155989359,l40s
resnet152,gemm,500,layer4.1.conv2,512,512,3,1,1,1.9727008104324342,0.028132820244241886,0.681180537145825,l40s
resnet152,gemm,500,layer4.1.conv3,512,2048,1,1,0,1.4246912002563477,0.030427025972971377,0.49195088881461596,l40s
resnet152,gemm,500,layer4.2.conv1,2048,512,1,1,0,1.4853855967521667,0.0378060328459641,0.5129088776734032,l40s
resnet152,gemm,500,layer4.2.conv2,512,512,3,1,1,1.9707392156124115,0.02736672283606005,0.6805031915462799,l40s
resnet152,gemm,500,layer4.2.conv3,512,2048,1,1,0,1.377803200483322,0.02190586428885365,0.47576029736649783,l40s
resnet152,gemm,503,conv1,3,64,7,2,3,2.7459472179412843,0.4727179199591756,0.9469521472970562,l40s
resnet152,gemm,503,layer1.0.conv1,64,64,1,1,0,1.621859210729599,0.0514535361340396,0.5593053836502193,l40s
resnet152,gemm,503,layer1.0.conv2,64,64,3,1,1,1.7565616071224213,0.03136190663436359,0.6057581059301018,l40s
resnet152,gemm,503,layer1.0.conv3,64,256,1,1,0,2.824335980415344,0.04578927152015733,0.9739848617147872,l40s
resnet152,gemm,503,layer1.0.downsample.0,64,256,1,1,0,2.87778559923172,0.06997950407110799,0.9924172011930105,l40s
resnet152,gemm,503,layer1.1.conv1,256,64,1,1,0,2.9764576077461244,0.06651952767620241,1.0264446834877654,l40s
resnet152,gemm,503,layer1.1.conv2,64,64,3,1,1,1.7640432000160218,0.060572412521165145,0.6083381666135366,l40s
resnet152,gemm,503,layer1.1.conv3,64,256,1,1,0,2.831820821762085,0.06998724586253188,0.9765660426417784,l40s
resnet152,gemm,503,layer1.2.conv1,256,64,1,1,0,2.8924223661422728,0.06716871581333703,0.9974647555541705,l40s
resnet152,gemm,503,layer1.2.conv2,64,64,3,1,1,1.7397936046123506,0.031085931633998157,0.5999755854653791,l40s
resnet152,gemm,503,layer1.2.conv3,64,256,1,1,0,2.8427471995353697,0.032133706658879095,0.9803340527575546,l40s
resnet152,gemm,503,layer2.0.conv1,256,128,1,1,0,3.307036793231964,0.07630254471685352,1.140446390258453,l40s
resnet152,gemm,503,layer2.0.conv2,128,128,3,2,1,2.0498368084430694,0.04238191440899551,0.7068953673548779,l40s
resnet152,gemm,503,layer2.0.conv3,128,512,1,1,0,1.9050367891788482,0.041296783915540584,0.656960434784065,l40s
resnet152,gemm,503,layer2.0.downsample.0,256,512,1,2,0,3.276595211029053,0.0828869061264753,1.129948474841208,l40s
resnet152,gemm,503,layer2.1.conv1,512,128,1,1,0,1.9047056138515472,0.0504638111552211,0.65684622749513,l40s
resnet152,gemm,503,layer2.1.conv2,128,128,3,1,1,1.5445808053016663,0.034707123991792474,0.5326555808129537,l40s
resnet152,gemm,503,layer2.1.conv3,128,512,1,1,0,1.8577087998390198,0.03261437615301497,0.640639166538347,l40s
resnet152,gemm,503,layer2.2.conv1,512,128,1,1,0,1.8700592041015625,0.034944466651233845,0.6448982585412769,l40s
resnet152,gemm,503,layer2.2.conv2,128,128,3,1,1,1.525428795814514,0.04535174633664058,0.5260509249075465,l40s
resnet152,gemm,503,layer2.2.conv3,128,512,1,1,0,1.8653680026531219,0.036601820873390666,0.6432804767951535,l40s
resnet152,gemm,503,layer2.3.conv1,512,128,1,1,0,1.8784480154514314,0.05061879190010752,0.6477911775562987,l40s
resnet152,gemm,503,layer2.3.conv2,128,128,3,1,1,1.5269248068332673,0.035676095872007305,0.5265668309808069,l40s
resnet152,gemm,503,layer2.3.conv3,128,512,1,1,0,1.8650415897369386,0.03264004323194705,0.6431679118449367,l40s
resnet152,gemm,503,layer2.4.conv1,512,128,1,1,0,1.8703103959560394,0.03691663831159811,0.6449848831728162,l40s
resnet152,gemm,503,layer2.4.conv2,128,128,3,1,1,1.5301679968833923,0.02851116285408696,0.5276852595368958,l40s
resnet152,gemm,503,layer2.4.conv3,128,512,1,1,0,1.877595204114914,0.041372969874534316,0.6474970817626584,l40s
resnet152,gemm,503,layer2.5.conv1,512,128,1,1,0,1.8707359910011292,0.057143542929441314,0.6451316515226204,l40s
resnet152,gemm,503,layer2.5.conv2,128,128,3,1,1,1.519843202829361,0.03946373609271311,0.5241247082502636,l40s
resnet152,gemm,503,layer2.5.conv3,128,512,1,1,0,1.86356640458107,0.028752417109344387,0.6426591876633927,l40s
resnet152,gemm,503,layer2.6.conv1,512,128,1,1,0,1.8607456028461455,0.02884977545501999,0.6416864216020011,l40s
resnet152,gemm,503,layer2.6.conv2,128,128,3,1,1,1.5176944077014922,0.032971914646776575,0.523383686665019,l40s
resnet152,gemm,503,layer2.6.conv3,128,512,1,1,0,1.8795120060443877,0.04561239871494744,0.6481580994585554,l40s
resnet152,gemm,503,layer2.7.conv1,512,128,1,1,0,1.8726703941822052,0.03426940549246424,0.6457987390886486,l40s
resnet152,gemm,503,layer2.7.conv2,128,128,3,1,1,1.5145808041095734,0.038991459797590756,0.5223099465771052,l40s
resnet152,gemm,503,layer2.7.conv3,128,512,1,1,0,1.8597471952438354,0.03108888563635588,0.6413421162866229,l40s
resnet152,gemm,503,layer3.0.conv1,512,256,1,1,0,2.046785604953766,0.051231524401421105,0.7058431462207069,l40s
resnet152,gemm,503,layer3.0.conv2,256,256,3,2,1,1.774700802564621,0.030267615092639675,0.6120134883941208,l40s
resnet152,gemm,503,layer3.0.conv3,256,1024,1,1,0,1.3725471913814544,0.025743380614262658,0.4733290216407225,l40s
resnet152,gemm,503,layer3.0.downsample.0,512,1024,1,2,0,2.5231600046157836,0.04520132325059232,0.870122982966986,l40s
resnet152,gemm,503,layer3.1.conv1,1024,256,1,1,0,1.3970607936382293,0.025513750078049683,0.4817826467298611,l40s
resnet152,gemm,503,layer3.1.conv2,256,256,3,1,1,1.5625983953475953,0.03050451661924037,0.5388690271136085,l40s
resnet152,gemm,503,layer3.1.conv3,256,1024,1,1,0,1.3500223994255065,0.03359193640020221,0.46556124665555865,l40s
resnet152,gemm,503,layer3.2.conv1,1024,256,1,1,0,1.4235488057136536,0.029270624409460173,0.49091715585245776,l40s
resnet152,gemm,503,layer3.2.conv2,256,256,3,1,1,1.5493007898330688,0.022968438655207125,0.5342832885336329,l40s
resnet152,gemm,503,layer3.2.conv3,256,1024,1,1,0,1.3291055858135223,0.028261426278874287,0.4583479901752208,l40s
resnet152,gemm,503,layer3.3.conv1,1024,256,1,1,0,1.4214783966541291,0.029912455345360023,0.49020316605254816,l40s
resnet152,gemm,503,layer3.3.conv2,256,256,3,1,1,1.5618879914283752,0.027679829328099904,0.5386240411530778,l40s
resnet152,gemm,503,layer3.3.conv3,256,1024,1,1,0,1.2921887934207916,0.03551872741251832,0.44561706963923714,l40s
resnet152,gemm,503,layer3.4.conv1,1024,256,1,1,0,1.4090480089187623,0.02436361008288046,0.48591649139222254,l40s
resnet152,gemm,503,layer3.4.conv2,256,256,3,1,1,1.5622287929058074,0.029610264282231832,0.538741568062826,l40s
resnet152,gemm,503,layer3.4.conv3,256,1024,1,1,0,1.3227983951568603,0.035795607426227546,0.4561729273419971,l40s
resnet152,gemm,503,layer3.5.conv1,1024,256,1,1,0,1.4320864140987397,0.03281615498888195,0.49386138818883163,l40s
resnet152,gemm,503,layer3.5.conv2,256,256,3,1,1,1.5708624005317688,0.032051037516408934,0.5417189061656517,l40s
resnet152,gemm,503,layer3.5.conv3,256,1024,1,1,0,1.3072287917137146,0.029755477478483828,0.4508036801413521,l40s
resnet152,gemm,503,layer3.6.conv1,1024,256,1,1,0,1.4222559928894043,0.037761328945411565,0.4904713235830036,l40s
resnet152,gemm,503,layer3.6.conv2,256,256,3,1,1,1.5574368000030518,0.03587390065967457,0.5370890279340691,l40s
resnet152,gemm,503,layer3.6.conv3,256,1024,1,1,0,1.3275135993957519,0.052773627553863785,0.45779898655747986,l40s
resnet152,gemm,503,layer3.7.conv1,1024,256,1,1,0,1.4236799895763397,0.029025353792553134,0.49096239519269325,l40s
resnet152,gemm,503,layer3.7.conv2,256,256,3,1,1,1.5611600041389466,0.03263676548060341,0.5383729914888945,l40s
resnet152,gemm,503,layer3.7.conv3,256,1024,1,1,0,1.3060768008232118,0.03459228163541461,0.4504064109439324,l40s
resnet152,gemm,503,layer3.8.conv1,1024,256,1,1,0,1.4283407926559448,0.02960972416498621,0.492569693925722,l40s
resnet152,gemm,503,layer3.8.conv2,256,256,3,1,1,1.5515711903572083,0.024168479326744517,0.5350662462822418,l40s
resnet152,gemm,503,layer3.8.conv3,256,1024,1,1,0,1.3374592125415803,0.05075191904132721,0.46122877561645864,l40s
resnet152,gemm,503,layer3.9.conv1,1024,256,1,1,0,1.4161344170570374,0.028308110599203892,0.4883602708499333,l40s
resnet152,gemm,503,layer3.9.conv2,256,256,3,1,1,1.5716079950332642,0.02546534096884672,0.541976027755459,l40s
resnet152,gemm,503,layer3.9.conv3,256,1024,1,1,0,1.3027408063411712,0.026367784962707128,0.4492559783655131,l40s
resnet152,gemm,503,layer3.10.conv1,1024,256,1,1,0,1.4235423982143403,0.02224731412190105,0.4909149461977368,l40s
resnet152,gemm,503,layer3.10.conv2,256,256,3,1,1,1.56185439825058,0.035047627434409666,0.5386124563958619,l40s
resnet152,gemm,503,layer3.10.conv3,256,1024,1,1,0,1.3415984153747558,0.04656378539865887,0.4626561981777386,l40s
resnet152,gemm,503,layer3.11.conv1,1024,256,1,1,0,1.4109167993068694,0.021733317103024036,0.48656095209390815,l40s
resnet152,gemm,503,layer3.11.conv2,256,256,3,1,1,1.5587455928325653,0.03683340315518668,0.5375403709796226,l40s
resnet152,gemm,503,layer3.11.conv3,256,1024,1,1,0,1.3187056064605713,0.027849147007197272,0.4547615109028678,l40s
resnet152,gemm,503,layer3.12.conv1,1024,256,1,1,0,1.4233295977115632,0.02997663412795402,0.49084156099508836,l40s
resnet152,gemm,503,layer3.12.conv2,256,256,3,1,1,1.5592464089393616,0.032519615244033476,0.5377130796481043,l40s
resnet152,gemm,503,layer3.12.conv3,256,1024,1,1,0,1.3217903971672058,0.040779191542793934,0.4558253147387622,l40s
resnet152,gemm,503,layer3.13.conv1,1024,256,1,1,0,1.4237023949623109,0.023611580093590767,0.49097012178999194,l40s
resnet152,gemm,503,layer3.13.conv2,256,256,3,1,1,1.5507488071918487,0.033239626398359,0.5347826437791602,l40s
resnet152,gemm,503,layer3.13.conv3,256,1024,1,1,0,1.3161376059055327,0.03774724622507927,0.4538759244560616,l40s
resnet152,gemm,503,layer3.14.conv1,1024,256,1,1,0,1.4182192027568816,0.03664473580537293,0.4890792184983888,l40s
resnet152,gemm,503,layer3.14.conv2,256,256,3,1,1,1.5547935962677002,0.023981744449600505,0.5361775073350639,l40s
resnet152,gemm,503,layer3.14.conv3,256,1024,1,1,0,1.3468047976493835,0.03955314216304251,0.4644516423299043,l40s
resnet152,gemm,503,layer3.15.conv1,1024,256,1,1,0,1.4380527853965759,0.02722538131789632,0.4959189179458287,l40s
resnet152,gemm,503,layer3.15.conv2,256,256,3,1,1,1.56356480717659,0.032664347997252055,0.5392022985438313,l40s
resnet152,gemm,503,layer3.15.conv3,256,1024,1,1,0,1.3128784060478211,0.033940560008129006,0.4527519748464096,l40s
resnet152,gemm,503,layer3.16.conv1,1024,256,1,1,0,1.4091824054718018,0.024574956483079766,0.4859628386430577,l40s
resnet152,gemm,503,layer3.16.conv2,256,256,3,1,1,1.5513743996620177,0.03521548677028513,0.5349983821331565,l40s
resnet152,gemm,503,layer3.16.conv3,256,1024,1,1,0,1.317136013507843,0.028289533568197408,0.4542202297714399,l40s
resnet152,gemm,503,layer3.17.conv1,1024,256,1,1,0,1.4290800034999847,0.030807421770638027,0.4928246140827794,l40s
resnet152,gemm,503,layer3.17.conv2,256,256,3,1,1,1.5626767873764038,0.03166106543636056,0.5388960609544362,l40s
resnet152,gemm,503,layer3.17.conv3,256,1024,1,1,0,1.3192143976688384,0.02733770675971442,0.4549369698206672,l40s
resnet152,gemm,503,layer3.18.conv1,1024,256,1,1,0,1.4261312067508698,0.025843282238174465,0.4918077083697808,l40s
resnet152,gemm,503,layer3.18.conv2,256,256,3,1,1,1.558380788564682,0.02129962295456013,0.537414566600515,l40s
resnet152,gemm,503,layer3.18.conv3,256,1024,1,1,0,1.3504560053348542,0.04640173546618676,0.46571077758763735,l40s
resnet152,gemm,503,layer3.19.conv1,1024,256,1,1,0,1.4370511949062348,0.04562143529632894,0.4955735149973146,l40s
resnet152,gemm,503,layer3.19.conv2,256,256,3,1,1,1.5594079911708831,0.03382102301330061,0.5377688020014345,l40s
resnet152,gemm,503,layer3.19.conv3,256,1024,1,1,0,1.302704006433487,0.02946209234707871,0.4492432877531902,l40s
resnet152,gemm,503,layer3.20.conv1,1024,256,1,1,0,1.424580806493759,0.034538762974654594,0.491273045925052,l40s
resnet152,gemm,503,layer3.20.conv2,256,256,3,1,1,1.5521407961845397,0.03124932279327783,0.5352626773927089,l40s
resnet152,gemm,503,layer3.20.conv3,256,1024,1,1,0,1.3218048095703125,0.0461150085388942,0.4558302849202648,l40s
resnet152,gemm,503,layer3.21.conv1,1024,256,1,1,0,1.4337375819683076,0.032340958089078206,0.49443080079422297,l40s
resnet152,gemm,503,layer3.21.conv2,256,256,3,1,1,1.5701968014240264,0.02999077107641452,0.5414893713442256,l40s
resnet152,gemm,503,layer3.21.conv3,256,1024,1,1,0,1.315440011024475,0.02190566085329183,0.4536353557494802,l40s
resnet152,gemm,503,layer3.22.conv1,1024,256,1,1,0,1.439305603504181,0.04281620534425291,0.4963509578588386,l40s
resnet152,gemm,503,layer3.22.conv2,256,256,3,1,1,1.5587727963924407,0.03543767080867401,0.537549752248596,l40s
resnet152,gemm,503,layer3.22.conv3,256,1024,1,1,0,1.3306432127952577,0.040988758435523055,0.45887824769895713,l40s
resnet152,gemm,503,layer3.23.conv1,1024,256,1,1,0,1.4246944069862366,0.029627899174141256,0.49131222156163473,l40s
resnet152,gemm,503,layer3.23.conv2,256,256,3,1,1,1.5461903989315033,0.0295422207014119,0.5332106563563186,l40s
resnet152,gemm,503,layer3.23.conv3,256,1024,1,1,0,1.3019952118396758,0.03640140123767887,0.4489988567757059,l40s
resnet152,gemm,503,layer3.24.conv1,1024,256,1,1,0,1.4166928052902221,0.03754113172840256,0.48855283352301926,l40s
resnet152,gemm,503,layer3.24.conv2,256,256,3,1,1,1.5654431879520416,0.03437871568223022,0.5398500665333738,l40s
resnet152,gemm,503,layer3.24.conv3,256,1024,1,1,0,1.333435195684433,0.03371323580018526,0.4598410754528363,l40s
resnet152,gemm,503,layer3.25.conv1,1024,256,1,1,0,1.43196160197258,0.026572883777495972,0.49381834617036036,l40s
resnet152,gemm,503,layer3.25.conv2,256,256,3,1,1,1.5524415969848633,0.028191322816216936,0.5353664098905203,l40s
resnet152,gemm,503,layer3.25.conv3,256,1024,1,1,0,1.3054544150829315,0.029312222524923125,0.4501917784450428,l40s
resnet152,gemm,503,layer3.26.conv1,1024,256,1,1,0,1.40864639878273,0.02795876003813199,0.48577799434529934,l40s
resnet152,gemm,503,layer3.26.conv2,256,256,3,1,1,1.5553296148777007,0.028336213493433217,0.5363623557438078,l40s
resnet152,gemm,503,layer3.26.conv3,256,1024,1,1,0,1.3259087920188903,0.027328788223429986,0.45724556157480434,l40s
resnet152,gemm,503,layer3.27.conv1,1024,256,1,1,0,1.4322752058506012,0.032501424392437805,0.49392649386662796,l40s
resnet152,gemm,503,layer3.27.conv2,256,256,3,1,1,1.565310400724411,0.0285641428259675,0.5398042742655847,l40s
resnet152,gemm,503,layer3.27.conv3,256,1024,1,1,0,1.2947231829166412,0.0347303629055775,0.44649106516234893,l40s
resnet152,gemm,503,layer3.28.conv1,1024,256,1,1,0,1.4268735945224762,0.02917563405896292,0.4920637241044812,l40s
resnet152,gemm,503,layer3.28.conv2,256,256,3,1,1,1.5706415951251984,0.037913027406207715,0.5416427604362216,l40s
resnet152,gemm,503,layer3.28.conv3,256,1024,1,1,0,1.337436807155609,0.03841392443946756,0.46122104901915995,l40s
resnet152,gemm,503,layer3.29.conv1,1024,256,1,1,0,1.4196911990642547,0.027493652656505618,0.4895868429913043,l40s
resnet152,gemm,503,layer3.29.conv2,256,256,3,1,1,1.5539519965648652,0.03441907208278944,0.5358872779233121,l40s
resnet152,gemm,503,layer3.29.conv3,256,1024,1,1,0,1.3155775904655456,0.055387305560049324,0.4536828006334512,l40s
resnet152,gemm,503,layer3.30.conv1,1024,256,1,1,0,1.4280864000320435,0.05170808301462219,0.4924819654945687,l40s
resnet152,gemm,503,layer3.30.conv2,256,256,3,1,1,1.5572528064250946,0.02466984834151064,0.5370255769279474,l40s
resnet152,gemm,503,layer3.30.conv3,256,1024,1,1,0,1.3294559955596923,0.031864878021010914,0.4584688305393041,l40s
resnet152,gemm,503,layer3.31.conv1,1024,256,1,1,0,1.425569611787796,0.027682032399202167,0.491614039841588,l40s
resnet152,gemm,503,layer3.31.conv2,256,256,3,1,1,1.5563727974891663,0.02913746038533067,0.5367221019208267,l40s
resnet152,gemm,503,layer3.31.conv3,256,1024,1,1,0,1.3197984099388123,0.03188206880259274,0.4551383690571442,l40s
resnet152,gemm,503,layer3.32.conv1,1024,256,1,1,0,1.4251568078994752,0.027806045095984736,0.49147168257925467,l40s
resnet152,gemm,503,layer3.32.conv2,256,256,3,1,1,1.5672271966934204,0.035227053746555555,0.540465289905989,l40s
resnet152,gemm,503,layer3.32.conv3,256,1024,1,1,0,1.3297280073165894,0.03518340633648539,0.45856263500706695,l40s
resnet152,gemm,503,layer3.33.conv1,1024,256,1,1,0,1.4366576015949248,0.050347656094195205,0.49543778258815857,l40s
resnet152,gemm,503,layer3.33.conv2,256,256,3,1,1,1.5517519950866698,0.025087715776986052,0.5351285975997349,l40s
resnet152,gemm,503,layer3.33.conv3,256,1024,1,1,0,1.307041597366333,0.03991510673717389,0.4507391253356163,l40s
resnet152,gemm,503,layer3.34.conv1,1024,256,1,1,0,1.4242287933826447,0.033675577785500475,0.49115165263341526,l40s
resnet152,gemm,503,layer3.34.conv2,256,256,3,1,1,1.5464432060718536,0.029776610325703088,0.5332978380263967,l40s
resnet152,gemm,503,layer3.34.conv3,256,1024,1,1,0,1.322766399383545,0.030403028119926293,0.4561618934568418,l40s
resnet152,gemm,503,layer3.35.conv1,1024,256,1,1,0,1.428384006023407,0.04091282986298785,0.49258459624825857,l40s
resnet152,gemm,503,layer3.35.conv2,256,256,3,1,1,1.5713456094264984,0.035987909072201396,0.5418855429085095,l40s
resnet152,gemm,503,layer3.35.conv3,256,1024,1,1,0,1.3097504019737243,0.027221039283069116,0.45167326868797847,l40s
resnet152,gemm,503,layer4.0.conv1,1024,512,1,1,0,1.752969616651535,0.03386995619458654,0.6045193919929758,l40s
resnet152,gemm,503,layer4.0.conv2,512,512,3,2,1,2.2006272196769716,0.038968002177620954,0.7588961133185256,l40s
resnet152,gemm,503,layer4.0.conv3,512,2048,1,1,0,1.331526404619217,0.024866854311474014,0.45918282033921376,l40s
resnet152,gemm,503,layer4.0.downsample.0,1024,2048,1,2,0,2.3922896027565,0.023329969592304677,0.8249917410958515,l40s
resnet152,gemm,503,layer4.1.conv1,2048,512,1,1,0,1.495681595802307,0.03218870767489876,0.5157924702862834,l40s
resnet152,gemm,503,layer4.1.conv2,512,512,3,1,1,1.972219204902649,0.02667328331033858,0.6801285905354174,l40s
resnet152,gemm,503,layer4.1.conv3,512,2048,1,1,0,1.4165055930614472,0.028508049681189352,0.48848827255080524,l40s
resnet152,gemm,503,layer4.2.conv1,2048,512,1,1,0,1.4974400043487548,0.0331447004503481,0.5163988653174787,l40s
resnet152,gemm,503,layer4.2.conv2,512,512,3,1,1,1.9724240005016327,0.0297641235537935,0.6801992152112843,l40s
resnet152,gemm,503,layer4.2.conv3,512,2048,1,1,0,1.3859695971012116,0.0335505082097329,0.47795779812818373,l40s
resnet152,gemm,506,conv1,3,64,7,2,3,2.6606191992759705,0.03950291702976421,0.9067857462007716,l40s
resnet152,gemm,506,layer1.0.conv1,64,64,1,1,0,1.6615072071552277,0.0794296744010182,0.566270833897692,l40s
resnet152,gemm,506,layer1.0.conv2,64,64,3,1,1,1.8108976006507873,0.03845806081754603,0.6171857034430827,l40s
resnet152,gemm,506,layer1.0.conv3,64,256,1,1,0,3.1317184209823608,0.07742278909111591,1.0673446339235548,l40s
resnet152,gemm,506,layer1.0.downsample.0,64,256,1,1,0,2.95276483297348,0.11376704023008419,1.0063541085292793,l40s
resnet152,gemm,506,layer1.1.conv1,256,64,1,1,0,3.042948806285858,0.08654977869533152,1.0370903903533255,l40s
resnet152,gemm,506,layer1.1.conv2,64,64,3,1,1,1.8198304057121277,0.05753281171159392,0.6202301602768219,l40s
resnet152,gemm,506,layer1.1.conv3,64,256,1,1,0,2.9344192028045653,0.2887437192279562,1.0001015956004204,l40s
resnet152,gemm,506,layer1.2.conv1,256,64,1,1,0,2.963977611064911,0.0834759292877113,1.01017562021024,l40s
resnet152,gemm,506,layer1.2.conv2,64,64,3,1,1,1.8010543882846832,0.032932283426861456,0.6138309638122331,l40s
resnet152,gemm,506,layer1.2.conv3,64,256,1,1,0,2.844208002090454,0.050289330805763616,0.9693560341997233,l40s
resnet152,gemm,506,layer2.0.conv1,256,128,1,1,0,3.34275358915329,0.07005764801660379,1.1392691252211282,l40s
resnet152,gemm,506,layer2.0.conv2,128,128,3,2,1,2.0373328030109406,0.14173558748757917,0.6943587968320764,l40s
resnet152,gemm,506,layer2.0.conv3,128,512,1,1,0,2.1518064022064207,0.03902483009199315,0.7333734097067821,l40s
resnet152,gemm,506,layer2.0.downsample.0,256,512,1,2,0,3.3161776304244994,0.0719479562567396,1.130211571786407,l40s
resnet152,gemm,506,layer2.1.conv1,512,128,1,1,0,1.9153424084186554,0.08182102821462862,0.6527823280838262,l40s
resnet152,gemm,506,layer2.1.conv2,128,128,3,1,1,1.5610944092273713,0.05556210460873346,0.5320483890164791,l40s
resnet152,gemm,506,layer2.1.conv3,128,512,1,1,0,1.9174704015254975,0.03565217847580608,0.653507585504288,l40s
resnet152,gemm,506,layer2.2.conv1,512,128,1,1,0,1.8904704034328461,0.037886480787669465,0.644305512007815,l40s
resnet152,gemm,506,layer2.2.conv2,128,128,3,1,1,1.5230831921100616,0.03320736885754814,0.5190934987085767,l40s
resnet152,gemm,506,layer2.2.conv3,128,512,1,1,0,1.936459195613861,0.043089265566154354,0.6599792999914853,l40s
resnet152,gemm,506,layer2.3.conv1,512,128,1,1,0,1.8946879923343658,0.028245016079682463,0.6457429403704583,l40s
resnet152,gemm,506,layer2.3.conv2,128,128,3,1,1,1.5145632088184358,0.03516913241194932,0.5161897387835122,l40s
resnet152,gemm,506,layer2.3.conv3,128,512,1,1,0,1.9158927917480468,0.04299495019181234,0.6529699083877549,l40s
resnet152,gemm,506,layer2.4.conv1,512,128,1,1,0,1.8870480060577393,0.0608289216774622,0.6431390988817178,l40s
resnet152,gemm,506,layer2.4.conv2,128,128,3,1,1,1.5388992130756378,0.049212612110184024,0.5244838763985145,l40s
resnet152,gemm,506,layer2.4.conv3,128,512,1,1,0,1.918166410923004,0.036698082325127425,0.6537447977295672,l40s
resnet152,gemm,506,layer2.5.conv1,512,128,1,1,0,1.8824848115444184,0.0348925858251131,0.6415838820573985,l40s
resnet152,gemm,506,layer2.5.conv2,128,128,3,1,1,1.5180640041828155,0.030389625109070284,0.5173828713210993,l40s
resnet152,gemm,506,layer2.5.conv3,128,512,1,1,0,1.9183903872966765,0.03332470572977888,0.6538211328109599,l40s
resnet152,gemm,506,layer2.6.conv1,512,128,1,1,0,1.8830447971820832,0.043086843262378764,0.6417747349966128,l40s
resnet152,gemm,506,layer2.6.conv2,128,128,3,1,1,1.5264415979385375,0.03974775524639233,0.5202381023918277,l40s
resnet152,gemm,506,layer2.6.conv3,128,512,1,1,0,1.9089967906475067,0.029611840162035385,0.6506196301121353,l40s
resnet152,gemm,506,layer2.7.conv1,512,128,1,1,0,1.886632013320923,0.044888819811754084,0.6429973212517696,l40s
resnet152,gemm,506,layer2.7.conv2,128,128,3,1,1,1.5218288123607635,0.04242441698732512,0.5186659840618749,l40s
resnet152,gemm,506,layer2.7.conv3,128,512,1,1,0,1.9214223980903626,0.037600292293996807,0.654854495334537,l40s
resnet152,gemm,506,layer3.0.conv1,512,256,1,1,0,2.111855983734131,0.0625217293008196,0.7197576055228212,l40s
resnet152,gemm,506,layer3.0.conv2,256,256,3,2,1,1.7846288084983826,0.046794833357551094,0.6082328377717405,l40s
resnet152,gemm,506,layer3.0.conv3,256,1024,1,1,0,1.292270404100418,0.05745762582810475,0.44042844725553115,l40s
resnet152,gemm,506,layer3.0.downsample.0,512,1024,1,2,0,2.5707247853279114,0.10203158268083123,0.8761481512930319,l40s
resnet152,gemm,506,layer3.1.conv1,1024,256,1,1,0,1.3998031973838807,0.05979101780979137,0.47707751158804934,l40s
resnet152,gemm,506,layer3.1.conv2,256,256,3,1,1,1.56314560174942,0.030203115293872637,0.5327474714489495,l40s
resnet152,gemm,506,layer3.1.conv3,256,1024,1,1,0,1.3520912110805512,0.05220574844115178,0.4608164287865123,l40s
resnet152,gemm,506,layer3.2.conv1,1024,256,1,1,0,1.42952960729599,0.060504765530578646,0.487208794111064,l40s
resnet152,gemm,506,layer3.2.conv2,256,256,3,1,1,1.5746671974658966,0.028485807882275414,0.5366742335996668,l40s
resnet152,gemm,506,layer3.2.conv3,256,1024,1,1,0,1.3104752123355865,0.05434548456785358,0.44663296559639754,l40s
resnet152,gemm,506,layer3.3.conv1,1024,256,1,1,0,1.4471183896064759,0.05845750690878059,0.49320335999877807,l40s
resnet152,gemm,506,layer3.3.conv2,256,256,3,1,1,1.5682672023773194,0.02769095634328663,0.5344930028832773,l40s
resnet152,gemm,506,layer3.3.conv3,256,1024,1,1,0,1.3030688107013702,0.05925734028324545,0.44410873385576627,l40s
resnet152,gemm,506,layer3.4.conv1,1024,256,1,1,0,1.4315471827983857,0.042144496901347556,0.4878964192728888,l40s
resnet152,gemm,506,layer3.4.conv2,256,256,3,1,1,1.5449984133243562,0.024114966023160312,0.5265625909512271,l40s
resnet152,gemm,506,layer3.4.conv3,256,1024,1,1,0,1.3182127833366395,0.09090365241183258,0.44927006567290634,l40s
resnet152,gemm,506,layer3.5.conv1,1024,256,1,1,0,1.4332512021064758,0.04812519147399612,0.4884771789773394,l40s
resnet152,gemm,506,layer3.5.conv2,256,256,3,1,1,1.5468080043792725,0.016870090021204646,0.5271793313609398,l40s
resnet152,gemm,506,layer3.5.conv3,256,1024,1,1,0,1.310088002681732,0.05082205140318804,0.446500997746582,l40s
resnet152,gemm,506,layer3.6.conv1,1024,256,1,1,0,1.4467615962028504,0.0766086309033888,0.49308175854117975,l40s
resnet152,gemm,506,layer3.6.conv2,256,256,3,1,1,1.5567920088768006,0.025635775898469024,0.5305820554226267,l40s
resnet152,gemm,506,layer3.6.conv3,256,1024,1,1,0,1.302815991640091,0.05196078784509968,0.4440225686799312,l40s
resnet152,gemm,506,layer3.7.conv1,1024,256,1,1,0,1.4314639866352081,0.05004987502487129,0.48786806455947146,l40s
resnet152,gemm,506,layer3.7.conv2,256,256,3,1,1,1.5468895971775054,0.020714373082570955,0.5272071396194272,l40s
resnet152,gemm,506,layer3.7.conv3,256,1024,1,1,0,1.2924240052700042,0.047222800059600216,0.44048079723151357,l40s
resnet152,gemm,506,layer3.8.conv1,1024,256,1,1,0,1.4491520047187805,0.06740044446601506,0.4938964517413312,l40s
resnet152,gemm,506,layer3.8.conv2,256,256,3,1,1,1.5496480107307433,0.031244742948947118,0.5281472553988231,l40s
resnet152,gemm,506,layer3.8.conv3,256,1024,1,1,0,1.2916656017303467,0.04944073463263206,0.44022231998688693,l40s
resnet152,gemm,506,layer3.9.conv1,1024,256,1,1,0,1.4273791909217834,0.05385929226906834,0.4864758944473098,l40s
resnet152,gemm,506,layer3.9.conv2,256,256,3,1,1,1.5459503948688507,0.02090317105257827,0.5268870429793223,l40s
resnet152,gemm,506,layer3.9.conv3,256,1024,1,1,0,1.3053696036338807,0.051962309763261806,0.4448928844913505,l40s
resnet152,gemm,506,layer3.10.conv1,1024,256,1,1,0,1.4413759887218476,0.06353585403201117,0.4912462489350946,l40s
resnet152,gemm,506,layer3.10.conv2,256,256,3,1,1,1.5521392047405242,0.033505378771114654,0.5289962980651712,l40s
resnet152,gemm,506,layer3.10.conv3,256,1024,1,1,0,1.2901728212833405,0.04653722356461401,0.43971355419585567,l40s
resnet152,gemm,506,layer3.11.conv1,1024,256,1,1,0,1.454529595375061,0.057622740462224604,0.49572922907276756,l40s
resnet152,gemm,506,layer3.11.conv2,256,256,3,1,1,1.5525071978569032,0.021936884804688722,0.5291217165815539,l40s
resnet152,gemm,506,layer3.11.conv3,256,1024,1,1,0,1.3126448035240172,0.049100804724739266,0.44737240037356796,l40s
resnet152,gemm,506,layer3.12.conv1,1024,256,1,1,0,1.4394527971744537,0.05090119484813274,0.4905907914826094,l40s
resnet152,gemm,506,layer3.12.conv2,256,256,3,1,1,1.5730064034461975,0.025964118777520247,0.5361082058325785,l40s
resnet152,gemm,506,layer3.12.conv3,256,1024,1,1,0,1.3081151962280273,0.04330469594348377,0.4458286306627396,l40s
resnet152,gemm,506,layer3.13.conv1,1024,256,1,1,0,1.4332224011421204,0.05122538678695267,0.4884673631029138,l40s
resnet152,gemm,506,layer3.13.conv2,256,256,3,1,1,1.5599728167057036,0.02674505368721271,0.531666130588828,l40s
resnet152,gemm,506,layer3.13.conv3,256,1024,1,1,0,1.3173808097839355,0.04532232864536936,0.44898651447587173,l40s
resnet152,gemm,506,layer3.14.conv1,1024,256,1,1,0,1.4341007888317108,0.046147827287104176,0.4887667330528771,l40s
resnet152,gemm,506,layer3.14.conv2,256,256,3,1,1,1.552628791332245,0.03406481512483482,0.5291631577732513,l40s
resnet152,gemm,506,layer3.14.conv3,256,1024,1,1,0,1.314684808254242,0.04709344128156311,0.44806766981011614,l40s
resnet152,gemm,506,layer3.15.conv1,1024,256,1,1,0,1.4364800035953522,0.0612747919044365,0.4895776112256753,l40s
resnet152,gemm,506,layer3.15.conv2,256,256,3,1,1,1.5611247956752776,0.024348616438732065,0.5320587452515414,l40s
resnet152,gemm,506,layer3.15.conv3,256,1024,1,1,0,1.3146192014217377,0.047541439586003736,0.4480453098494782,l40s
resnet152,gemm,506,layer3.16.conv1,1024,256,1,1,0,1.4331232011318207,0.05188546253341925,0.488433553997354,l40s
resnet152,gemm,506,layer3.16.conv2,256,256,3,1,1,1.5432639956474303,0.02094433841830965,0.5259714709488521,l40s
resnet152,gemm,506,layer3.16.conv3,256,1024,1,1,0,1.3038351953029632,0.05138759430384479,0.44436993118645585,l40s
resnet152,gemm,506,layer3.17.conv1,1024,256,1,1,0,1.4329743921756743,0.05855810572886406,0.4883828372918678,l40s
resnet152,gemm,506,layer3.17.conv2,256,256,3,1,1,1.5528527915477752,0.04229751574209704,0.5292395009803679,l40s
resnet152,gemm,506,layer3.17.conv3,256,1024,1,1,0,1.3135520100593567,0.0607956952829138,0.44768159229224985,l40s
resnet152,gemm,506,layer3.18.conv1,1024,256,1,1,0,1.4245519995689393,0.04870186302318807,0.4855123379860023,l40s
resnet152,gemm,506,layer3.18.conv2,256,256,3,1,1,1.5530976057052612,0.024036276575109424,0.5293229379444163,l40s
resnet152,gemm,506,layer3.18.conv3,256,1024,1,1,0,1.3098527908325195,0.06773213865908881,0.44642083341781913,l40s
resnet152,gemm,506,layer3.19.conv1,1024,256,1,1,0,1.441396802663803,0.057580367092464994,0.4912533426920263,l40s
resnet152,gemm,506,layer3.19.conv2,256,256,3,1,1,1.5483136117458343,0.027322413949277934,0.5276924687914089,l40s
resnet152,gemm,506,layer3.19.conv3,256,1024,1,1,0,1.3028240025043487,0.046594373275048916,0.4440252989231489,l40s
resnet152,gemm,506,layer3.20.conv1,1024,256,1,1,0,1.439734399318695,0.050117522865148464,0.4906867664385773,l40s
resnet152,gemm,506,layer3.20.conv2,256,256,3,1,1,1.5496015906333924,0.025183649444973817,0.5281314346144634,l40s
resnet152,gemm,506,layer3.20.conv3,256,1024,1,1,0,1.308032011985779,0.044965193689430125,0.4458002800121843,l40s
resnet152,gemm,506,layer3.21.conv1,1024,256,1,1,0,1.446870392560959,0.057733863790525884,0.49311883825059416,l40s
resnet152,gemm,506,layer3.21.conv2,256,256,3,1,1,1.557831984758377,0.026130980001704253,0.5309364974660664,l40s
resnet152,gemm,506,layer3.21.conv3,256,1024,1,1,0,1.309422391653061,0.04913329151969841,0.44627414581922714,l40s
resnet152,gemm,506,layer3.22.conv1,1024,256,1,1,0,1.427590399980545,0.04504148443722304,0.48654787820357437,l40s
resnet152,gemm,506,layer3.22.conv2,256,256,3,1,1,1.566761600971222,0.0398541015657934,0.5339798674842391,l40s
resnet152,gemm,506,layer3.22.conv3,256,1024,1,1,0,1.3211423993110656,0.06348941965700272,0.45026853024392594,l40s
resnet152,gemm,506,layer3.23.conv1,1024,256,1,1,0,1.4276751935482026,0.055666424925612114,0.48657677734049043,l40s
resnet152,gemm,506,layer3.23.conv2,256,256,3,1,1,1.5479344069957732,0.03227821852445435,0.5275632291533799,l40s
resnet152,gemm,506,layer3.23.conv3,256,1024,1,1,0,1.317732810974121,0.05380524912802961,0.4491064826629737,l40s
resnet152,gemm,506,layer3.24.conv1,1024,256,1,1,0,1.4254015922546386,0.051020864026178385,0.48580189409297103,l40s
resnet152,gemm,506,layer3.24.conv2,256,256,3,1,1,1.5607088148593902,0.03477908977825369,0.5319169716844551,l40s
resnet152,gemm,506,layer3.24.conv3,256,1024,1,1,0,1.3239823937416078,0.04907447293250162,0.45123645021894754,l40s
resnet152,gemm,506,layer3.25.conv1,1024,256,1,1,0,1.4430352032184601,0.06573758408998633,0.4918117383729771,l40s
resnet152,gemm,506,layer3.25.conv2,256,256,3,1,1,1.560920000076294,0.03803436155725012,0.5319889473149958,l40s
resnet152,gemm,506,layer3.25.conv3,256,1024,1,1,0,1.3562431931495667,0.2009047438101148,0.4622314971885177,l40s
resnet152,gemm,506,layer3.26.conv1,1024,256,1,1,0,1.4308911979198455,0.05537407791813603,0.48767284810654327,l40s
resnet152,gemm,506,layer3.26.conv2,256,256,3,1,1,1.5536736071109771,0.019285098397225326,0.5295192493386349,l40s
resnet152,gemm,506,layer3.26.conv3,256,1024,1,1,0,1.320526397228241,0.04800104256826652,0.4500585859164975,l40s
resnet152,gemm,506,layer3.27.conv1,1024,256,1,1,0,1.4282656133174896,0.049221325213347225,0.4867780027662148,l40s
resnet152,gemm,506,layer3.27.conv2,256,256,3,1,1,1.5510576128959657,0.03512844795441725,0.5286276725707301,l40s
resnet152,gemm,506,layer3.27.conv3,256,1024,1,1,0,1.3065712094306945,0.05568277109240038,0.4453024128482832,l40s
resnet152,gemm,506,layer3.28.conv1,1024,256,1,1,0,1.4211663961410523,0.0450474562301916,0.4843584648832555,l40s
resnet152,gemm,506,layer3.28.conv2,256,256,3,1,1,1.5552623987197876,0.035094822146704736,0.5300607374196593,l40s
resnet152,gemm,506,layer3.28.conv3,256,1024,1,1,0,1.306356805562973,0.07085747454180769,0.44522934024502114,l40s
resnet152,gemm,506,layer3.29.conv1,1024,256,1,1,0,1.4249071955680848,0.056156416843962366,0.48563339502010183,l40s
resnet152,gemm,506,layer3.29.conv2,256,256,3,1,1,1.5518112123012542,0.030484958922171873,0.5288845124819984,l40s
resnet152,gemm,506,layer3.29.conv3,256,1024,1,1,0,1.3170448184013366,0.051325074013582266,0.4488720027123432,l40s
resnet152,gemm,506,layer3.30.conv1,1024,256,1,1,0,1.440593606233597,0.050363340390127735,0.49097959924369355,l40s
resnet152,gemm,506,layer3.30.conv2,256,256,3,1,1,1.5542240023612977,0.032752029188443894,0.5297068337054256,l40s
resnet152,gemm,506,layer3.30.conv3,256,1024,1,1,0,1.3106528103351593,0.058841956344062515,0.4466934941134474,l40s
resnet152,gemm,506,layer3.31.conv1,1024,256,1,1,0,1.439748799800873,0.05041041657360918,0.4906916743757901,l40s
resnet152,gemm,506,layer3.31.conv2,256,256,3,1,1,1.551657611131668,0.020591763730899243,0.5288321625060161,l40s
resnet152,gemm,506,layer3.31.conv3,256,1024,1,1,0,1.3110799968242646,0.05309949756990324,0.4468390867707489,l40s
resnet152,gemm,506,layer3.32.conv1,1024,256,1,1,0,1.439415991306305,0.06234791564930282,0.49057824739639716,l40s
resnet152,gemm,506,layer3.32.conv2,256,256,3,1,1,1.5580656051635742,0.0266160951515425,0.5310161194027615,l40s
resnet152,gemm,506,layer3.32.conv3,256,1024,1,1,0,1.3082448065280914,0.060737471337661594,0.44587280412908564,l40s
resnet152,gemm,506,layer3.33.conv1,1024,256,1,1,0,1.4295327961444855,0.04775856870617183,0.4872098809266306,l40s
resnet152,gemm,506,layer3.33.conv2,256,256,3,1,1,1.5484767854213715,0.03527384136409521,0.527748081245522,l40s
resnet152,gemm,506,layer3.33.conv3,256,1024,1,1,0,1.3082992076873778,0.06801096879911424,0.4458913449995083,l40s
resnet152,gemm,506,layer3.34.conv1,1024,256,1,1,0,1.4334303975105285,0.051934768992090104,0.48853825191788786,l40s
resnet152,gemm,506,layer3.34.conv2,256,256,3,1,1,1.5580367982387542,0.033930515032523416,0.5310063014969049,l40s
resnet152,gemm,506,layer3.34.conv3,256,1024,1,1,0,1.310779196023941,0.04820615491070005,0.4467365685756411,l40s
resnet152,gemm,506,layer3.35.conv1,1024,256,1,1,0,1.4430031955242157,0.05346798720141575,0.4918008295886921,l40s
resnet152,gemm,506,layer3.35.conv2,256,256,3,1,1,1.5471552073955537,0.031710080387752526,0.5272976642461145,l40s
resnet152,gemm,506,layer3.35.conv3,256,1024,1,1,0,1.3021392107009888,0.05490110218935323,0.4437919098509468,l40s
resnet152,gemm,506,layer4.0.conv1,1024,512,1,1,0,1.7545216083526611,0.03139370726791123,0.5979717752500602,l40s
resnet152,gemm,506,layer4.0.conv2,512,512,3,2,1,2.2086575984954835,0.04571897735604614,0.7527492957649647,l40s
resnet152,gemm,506,layer4.0.conv3,512,2048,1,1,0,1.3322911977767944,0.020626177601597708,0.4540682365449024,l40s
resnet152,gemm,506,layer4.0.downsample.0,1024,2048,1,2,0,2.392190408706665,0.034855333047098265,0.8153005005014261,l40s
resnet152,gemm,506,layer4.1.conv1,2048,512,1,1,0,1.491785603761673,0.046076091076069754,0.5084267309830408,l40s
resnet152,gemm,506,layer4.1.conv2,512,512,3,1,1,1.9863071978092193,0.029087339109041595,0.6769683745195636,l40s
resnet152,gemm,506,layer4.1.conv3,512,2048,1,1,0,1.4102256000041962,0.024175380642071347,0.480629649428684,l40s
resnet152,gemm,506,layer4.2.conv1,2048,512,1,1,0,1.4926095962524415,0.030283852750909106,0.5087075620940125,l40s
resnet152,gemm,506,layer4.2.conv2,512,512,3,1,1,1.980462408065796,0.029907017115482895,0.6749763675347538,l40s
resnet152,gemm,506,layer4.2.conv3,512,2048,1,1,0,1.3633343935012818,0.026651653652244152,0.4646483027968284,l40s
resnet152,gemm,509,conv1,3,64,7,2,3,2.6727631807327272,0.028918132754105725,0.9219942957533034,l40s
resnet152,gemm,509,layer1.0.conv1,64,64,1,1,0,1.6103423953056335,0.023818283910818513,0.5555024528115782,l40s
resnet152,gemm,509,layer1.0.conv2,64,64,3,1,1,1.7945855915546418,0.026746569122197656,0.6190588416444909,l40s
resnet152,gemm,509,layer1.0.conv3,64,256,1,1,0,3.243244802951813,0.020864411130678363,1.1187871898300217,l40s
resnet152,gemm,509,layer1.0.downsample.0,64,256,1,1,0,3.4101199984550474,0.12153713054998455,1.1763523267137614,l40s
resnet152,gemm,509,layer1.1.conv1,256,64,1,1,0,3.0604496359825135,0.0595745347659248,1.0557303120445518,l40s
resnet152,gemm,509,layer1.1.conv2,64,64,3,1,1,1.7925648033618926,0.02649423524885179,0.618361752130511,l40s
resnet152,gemm,509,layer1.1.conv3,64,256,1,1,0,3.052463972568512,0.04309861983239256,1.0529755838409494,l40s
resnet152,gemm,509,layer1.2.conv1,256,64,1,1,0,2.9759647846221924,0.06896432812902971,1.0265864838171566,l40s
resnet152,gemm,509,layer1.2.conv2,64,64,3,1,1,1.7570240139961242,0.02579449747230641,0.6061016292367106,l40s
resnet152,gemm,509,layer1.2.conv3,64,256,1,1,0,2.930897629261017,0.0625114195793171,1.0110401531626612,l40s
resnet152,gemm,509,layer2.0.conv1,256,128,1,1,0,3.340116822719574,0.07182054734856004,1.1522040859799796,l40s
resnet152,gemm,509,layer2.0.conv2,128,128,3,2,1,2.0188240230083467,0.04172419330426454,0.6964119555228052,l40s
resnet152,gemm,509,layer2.0.conv3,128,512,1,1,0,1.94864319562912,0.038285754400930135,0.6722024322169823,l40s
resnet152,gemm,509,layer2.0.downsample.0,256,512,1,2,0,3.333036780357361,0.06244659440065111,1.149761760105877,l40s
resnet152,gemm,509,layer2.1.conv1,512,128,1,1,0,1.9237567961215973,0.06380395206803331,0.6636176393130769,l40s
resnet152,gemm,509,layer2.1.conv2,128,128,3,1,1,1.54686079621315,0.030327577592484452,0.5336038900543187,l40s
resnet152,gemm,509,layer2.1.conv3,128,512,1,1,0,1.9241679966449738,0.042159744895265694,0.6637594867239127,l40s
resnet152,gemm,509,layer2.2.conv1,512,128,1,1,0,1.9001680076122285,0.05093294813068325,0.6554804692838914,l40s
resnet152,gemm,509,layer2.2.conv2,128,128,3,1,1,1.54345600605011,0.0459430648578183,0.5324293763034598,l40s
resnet152,gemm,509,layer2.2.conv3,128,512,1,1,0,1.9963279962539673,0.029153914548410646,0.6886517437336839,l40s
resnet152,gemm,509,layer2.3.conv1,512,128,1,1,0,1.8891344010829925,0.04717627600570365,0.6516743250078567,l40s
resnet152,gemm,509,layer2.3.conv2,128,128,3,1,1,1.5255263984203338,0.033785174110061225,0.5262443928829622,l40s
resnet152,gemm,509,layer2.3.conv3,128,512,1,1,0,1.9368479907512666,0.04233751426001674,0.6681335675704553,l40s
resnet152,gemm,509,layer2.4.conv1,512,128,1,1,0,1.9140128016471862,0.07132980878764107,0.6602563586025294,l40s
resnet152,gemm,509,layer2.4.conv2,128,128,3,1,1,1.540067195892334,0.04699262419850923,0.5312603750027147,l40s
resnet152,gemm,509,layer2.4.conv3,128,512,1,1,0,1.9282735943794251,0.028878729721370386,0.6651757505063194,l40s
resnet152,gemm,509,layer2.5.conv1,512,128,1,1,0,1.9071551978588104,0.04558549459404723,0.6578907649648299,l40s
resnet152,gemm,509,layer2.5.conv2,128,128,3,1,1,1.5254256069660186,0.026361854270773703,0.5262096239417371,l40s
resnet152,gemm,509,layer2.5.conv3,128,512,1,1,0,2.0017360031604765,0.04945969140454615,0.6905172855651263,l40s
resnet152,gemm,509,layer2.6.conv1,512,128,1,1,0,1.9038832008838653,0.053218516274020175,0.6567620594482437,l40s
resnet152,gemm,509,layer2.6.conv2,128,128,3,1,1,1.5236735880374908,0.044382408552826276,0.5256052488628679,l40s
resnet152,gemm,509,layer2.6.conv3,128,512,1,1,0,1.9239104092121124,0.03485632044334899,0.6636706295645998,l40s
resnet152,gemm,509,layer2.7.conv1,512,128,1,1,0,1.8860575795173644,0.03683328442322492,0.6506129470477705,l40s
resnet152,gemm,509,layer2.7.conv2,128,128,3,1,1,1.527483195066452,0.03866704996454532,0.5269194079230809,l40s
resnet152,gemm,509,layer2.7.conv3,128,512,1,1,0,1.9244271993637085,0.042166005708339595,0.6638489010909767,l40s
resnet152,gemm,509,layer3.0.conv1,512,256,1,1,0,2.1310415983200075,0.06340420616898088,0.7351224425073849,l40s
resnet152,gemm,509,layer3.0.conv2,256,256,3,2,1,1.757911992073059,0.030333079284617353,0.6064079454594085,l40s
resnet152,gemm,509,layer3.0.conv3,256,1024,1,1,0,1.19478400349617,0.03348211458091053,0.4121517550906882,l40s
resnet152,gemm,509,layer3.0.downsample.0,512,1024,1,2,0,2.353587198257446,0.049429135828102905,0.8118915985502575,l40s
resnet152,gemm,509,layer3.1.conv1,1024,256,1,1,0,1.3955952107906342,0.035248676969384635,0.4814234320516349,l40s
resnet152,gemm,509,layer3.1.conv2,256,256,3,1,1,1.5558256089687348,0.036144648251093384,0.5366963848487433,l40s
resnet152,gemm,509,layer3.1.conv3,256,1024,1,1,0,1.1661120116710664,0.0269293094069759,0.4022610872226193,l40s
resnet152,gemm,509,layer3.2.conv1,1024,256,1,1,0,1.4225152015686036,0.03399082291486537,0.490709731009186,l40s
resnet152,gemm,509,layer3.2.conv2,256,256,3,1,1,1.5464784026145935,0.030619489914019686,0.5334719798577314,l40s
resnet152,gemm,509,layer3.2.conv3,256,1024,1,1,0,1.1719663918018342,0.03259080192525758,0.40428060961227574,l40s
resnet152,gemm,509,layer3.3.conv1,1024,256,1,1,0,1.4124543964862823,0.03451735390961369,0.48723916355919483,l40s
resnet152,gemm,509,layer3.3.conv2,256,256,3,1,1,1.5674048006534576,0.04372892684991397,0.5406907337531688,l40s
resnet152,gemm,509,layer3.3.conv3,256,1024,1,1,0,1.160812795162201,0.03133850263290229,0.4004330736416344,l40s
resnet152,gemm,509,layer3.4.conv1,1024,256,1,1,0,1.4399839997291566,0.06462674887196494,0.49673575395570096,l40s
resnet152,gemm,509,layer3.4.conv2,256,256,3,1,1,1.5553456008434297,0.024465441113749428,0.5365308016213789,l40s
resnet152,gemm,509,layer3.4.conv3,256,1024,1,1,0,1.1701200008392334,0.02761161624884752,0.4036436800303658,l40s
resnet152,gemm,509,layer3.5.conv1,1024,256,1,1,0,1.4169104099273682,0.030582133746195853,0.4887763064696096,l40s
resnet152,gemm,509,layer3.5.conv2,256,256,3,1,1,1.5593760013580322,0.03558524435472001,0.5379211254296581,l40s
resnet152,gemm,509,layer3.5.conv3,256,1024,1,1,0,1.1672736048698424,0.02547388649128214,0.4026617895036809,l40s
resnet152,gemm,509,layer3.6.conv1,1024,256,1,1,0,1.428937602043152,0.06495179765474286,0.4929251972522347,l40s
resnet152,gemm,509,layer3.6.conv2,256,256,3,1,1,1.5596063911914826,0.036281499863158366,0.5380006005263566,l40s
resnet152,gemm,509,layer3.6.conv3,256,1024,1,1,0,1.1692495882511138,0.03512536154482374,0.4033434231849471,l40s
resnet152,gemm,509,layer3.7.conv1,1024,256,1,1,0,1.4168639957904816,0.03969584090646768,0.488760295485262,l40s
resnet152,gemm,509,layer3.7.conv2,256,256,3,1,1,1.5438592076301574,0.03707625749542884,0.5325684644050629,l40s
resnet152,gemm,509,layer3.7.conv3,256,1024,1,1,0,1.173721593618393,0.03186914409155317,0.4048860826577101,l40s
resnet152,gemm,509,layer3.8.conv1,1024,256,1,1,0,1.4367439985275268,0.044284619670019565,0.4956180856760454,l40s
resnet152,gemm,509,layer3.8.conv2,256,256,3,1,1,1.5520591974258422,0.0274319494833367,0.5353971264696098,l40s
resnet152,gemm,509,layer3.8.conv3,256,1024,1,1,0,1.1638016045093535,0.029186606964162268,0.4014640909756929,l40s
resnet152,gemm,509,layer3.9.conv1,1024,256,1,1,0,1.417926400899887,0.03752438642694051,0.48912678192061554,l40s
resnet152,gemm,509,layer3.9.conv2,256,256,3,1,1,1.5572495996952056,0.032390887787718446,0.5371876035756683,l40s
resnet152,gemm,509,layer3.9.conv3,256,1024,1,1,0,1.1647967994213104,0.037539904712809304,0.4018073926339174,l40s
resnet152,gemm,509,layer3.10.conv1,1024,256,1,1,0,1.4217663884162903,0.04144461455237732,0.4904514210100081,l40s
resnet152,gemm,509,layer3.10.conv2,256,256,3,1,1,1.553684812784195,0.022818646514609346,0.5359578974718051,l40s
resnet152,gemm,509,layer3.10.conv3,256,1024,1,1,0,1.16424959897995,0.034827459813077805,0.4016186307977753,l40s
resnet152,gemm,509,layer3.11.conv1,1024,256,1,1,0,1.4241695940494536,0.03939339700230917,0.4912804289450438,l40s
resnet152,gemm,509,layer3.11.conv2,256,256,3,1,1,1.5618288099765778,0.03816401179701218,0.5387672443717237,l40s
resnet152,gemm,509,layer3.11.conv3,256,1024,1,1,0,1.162886393070221,0.020144876437966766,0.40114838035367767,l40s
resnet152,gemm,509,layer3.12.conv1,1024,256,1,1,0,1.422271990776062,0.04173497228512891,0.49062583320447006,l40s
resnet152,gemm,509,layer3.12.conv2,256,256,3,1,1,1.5529663980007171,0.02888576107517118,0.5357100736701581,l40s
resnet152,gemm,509,layer3.12.conv3,256,1024,1,1,0,1.1752000033855439,0.029008202395073537,0.4053960737343327,l40s
resnet152,gemm,509,layer3.13.conv1,1024,256,1,1,0,1.4203215956687927,0.032335426454582955,0.48995302643418437,l40s
resnet152,gemm,509,layer3.13.conv2,256,256,3,1,1,1.5498864114284516,0.023982963038208252,0.5346476039118584,l40s
resnet152,gemm,509,layer3.13.conv3,256,1024,1,1,0,1.1742495954036714,0.027156610364819412,0.4050682217404704,l40s
resnet152,gemm,509,layer3.14.conv1,1024,256,1,1,0,1.4149328112602233,0.03668258398297044,0.48809411558059235,l40s
resnet152,gemm,509,layer3.14.conv2,256,256,3,1,1,1.5596543908119203,0.03922813169596788,0.5380171584378696,l40s
resnet152,gemm,509,layer3.14.conv3,256,1024,1,1,0,1.1717951893806458,0.03529090781763296,0.40422155175900515,l40s
resnet152,gemm,509,layer3.15.conv1,1024,256,1,1,0,1.4205248057842255,0.0343968603352749,0.49002312563661987,l40s
resnet152,gemm,509,layer3.15.conv2,256,256,3,1,1,1.5492719948291778,0.025291395748163702,0.5344356552424699,l40s
resnet152,gemm,509,layer3.15.conv3,256,1024,1,1,0,1.1588528037071228,0.02504416480255105,0.3997569565227163,l40s
resnet152,gemm,509,layer3.16.conv1,1024,256,1,1,0,1.4240367889404297,0.021315220316905338,0.49123461659853684,l40s
resnet152,gemm,509,layer3.16.conv2,256,256,3,1,1,1.5616448044776916,0.03215580510777085,0.5387037699787871,l40s
resnet152,gemm,509,layer3.16.conv3,256,1024,1,1,0,1.1506576120853425,0.021071217429541593,0.39692994963248546,l40s
resnet152,gemm,509,layer3.17.conv1,1024,256,1,1,0,1.4035456001758575,0.03219344452433758,0.4841659921538674,l40s
resnet152,gemm,509,layer3.17.conv2,256,256,3,1,1,1.5624319970607758,0.027640308017437637,0.5389753193163771,l40s
resnet152,gemm,509,layer3.17.conv3,256,1024,1,1,0,1.1587184071540833,0.029492250368203736,0.39971059519292673,l40s
resnet152,gemm,509,layer3.18.conv1,1024,256,1,1,0,1.408132803440094,0.037030137276107766,0.48574839020303817,l40s
resnet152,gemm,509,layer3.18.conv2,256,256,3,1,1,1.5561839997768403,0.03004801406453175,0.5368200150615154,l40s
resnet152,gemm,509,layer3.18.conv3,256,1024,1,1,0,1.1627679824829102,0.023489598767136126,0.40110753353011913,l40s
resnet152,gemm,509,layer3.19.conv1,1024,256,1,1,0,1.3991648018360139,0.027797081952291917,0.4826547953859315,l40s
resnet152,gemm,509,layer3.19.conv2,256,256,3,1,1,1.5596415996551514,0.02282179172103176,0.5380127460104378,l40s
resnet152,gemm,509,layer3.19.conv3,256,1024,1,1,0,1.1636400043964386,0.02057612391869444,0.40140834552717175,l40s
resnet152,gemm,509,layer3.20.conv1,1024,256,1,1,0,1.4226656079292297,0.03270860780264142,0.4907616150696752,l40s
resnet152,gemm,509,layer3.20.conv2,256,256,3,1,1,1.5549919962882996,0.040043800167865844,0.5364088224706886,l40s
resnet152,gemm,509,layer3.20.conv3,256,1024,1,1,0,1.1669408142566682,0.030498912176451662,0.40254699031412355,l40s
resnet152,gemm,509,layer3.21.conv1,1024,256,1,1,0,1.432420790195465,0.03472531031366176,0.4941267551121376,l40s
resnet152,gemm,509,layer3.21.conv2,256,256,3,1,1,1.5623023986816407,0.029946141864321235,0.5389306131609037,l40s
resnet152,gemm,509,layer3.21.conv3,256,1024,1,1,0,1.165279996395111,0.027593145559314185,0.40197407588396405,l40s
resnet152,gemm,509,layer3.22.conv1,1024,256,1,1,0,1.4219312131404878,0.02409706696289329,0.4905082788179144,l40s
resnet152,gemm,509,layer3.22.conv2,256,256,3,1,1,1.5495647966861725,0.02902450125620656,0.5345366599419814,l40s
resnet152,gemm,509,layer3.22.conv3,256,1024,1,1,0,1.158451211452484,0.028627224066729715,0.3996184235727473,l40s
resnet152,gemm,509,layer3.23.conv1,1024,256,1,1,0,1.4112752020359038,0.027444122702221532,0.48683238956415087,l40s
resnet152,gemm,509,layer3.23.conv2,256,256,3,1,1,1.5686496019363403,0.03153547942551411,0.541120139429825,l40s
resnet152,gemm,509,layer3.23.conv3,256,1024,1,1,0,1.160179191827774,0.028952538928282544,0.4002145063310985,l40s
resnet152,gemm,509,layer3.24.conv1,1024,256,1,1,0,1.4092655956745148,0.03102077387185498,0.48613915732596874,l40s
resnet152,gemm,509,layer3.24.conv2,256,256,3,1,1,1.5734111845493317,0.04276994006020322,0.5427626912427143,l40s
resnet152,gemm,509,layer3.24.conv3,256,1024,1,1,0,1.169268798828125,0.03253616524770082,0.40335005005056324,l40s
resnet152,gemm,509,layer3.25.conv1,1024,256,1,1,0,1.4034272015094758,0.020709174536918763,0.48412514944254315,l40s
resnet152,gemm,509,layer3.25.conv2,256,256,3,1,1,1.5515039920806886,0.03008668991637384,0.5352056032681181,l40s
resnet152,gemm,509,layer3.25.conv3,256,1024,1,1,0,1.1572304010391234,0.027327538204861855,0.3991972937676718,l40s
resnet152,gemm,509,layer3.26.conv1,1024,256,1,1,0,1.411358392238617,0.029227630529661736,0.48686108679139384,l40s
resnet152,gemm,509,layer3.26.conv2,256,256,3,1,1,1.5506799936294555,0.025906799452894414,0.5349213574070469,l40s
resnet152,gemm,509,layer3.26.conv3,256,1024,1,1,0,1.1640704035758973,0.03352005855821572,0.4015568156913893,l40s
resnet152,gemm,509,layer3.27.conv1,1024,256,1,1,0,1.4225536048412324,0.02511396553684166,0.4907229785720667,l40s
resnet152,gemm,509,layer3.27.conv2,256,256,3,1,1,1.547651195526123,0.029318536852787503,0.5338765455829423,l40s
resnet152,gemm,509,layer3.27.conv3,256,1024,1,1,0,1.1618319928646088,0.02231056223408864,0.40078465528367396,l40s
resnet152,gemm,509,layer3.28.conv1,1024,256,1,1,0,1.4245743989944457,0.036702897931113185,0.49142007014216377,l40s
resnet152,gemm,509,layer3.28.conv2,256,256,3,1,1,1.5650048017501832,0.043551408413950374,0.5398628320091666,l40s
resnet152,gemm,509,layer3.28.conv3,256,1024,1,1,0,1.1721248030662537,0.040263239924880505,0.4043352550381147,l40s
resnet152,gemm,509,layer3.29.conv1,1024,256,1,1,0,1.418995213508606,0.05211097823877744,0.48949547868191934,l40s
resnet152,gemm,509,layer3.29.conv2,256,256,3,1,1,1.5632575929164887,0.06731757769095041,0.5392601162168478,l40s
resnet152,gemm,509,layer3.29.conv3,256,1024,1,1,0,1.1767151772975921,0.042989011342980624,0.40591874694161617,l40s
resnet152,gemm,509,layer3.30.conv1,1024,256,1,1,0,1.4294415771961213,0.05663973676938846,0.49309904812671135,l40s
resnet152,gemm,509,layer3.30.conv2,256,256,3,1,1,1.5684911966323853,0.052205188380758424,0.5410654960601032,l40s
resnet152,gemm,509,layer3.30.conv3,256,1024,1,1,0,1.1756687939167023,0.03871137109381165,0.40555778734919656,l40s
resnet152,gemm,509,layer3.31.conv1,1024,256,1,1,0,1.433715182542801,0.050068292354995804,0.4945732676835892,l40s
resnet152,gemm,509,layer3.31.conv2,256,256,3,1,1,1.55767679810524,0.042612555121927125,0.5373349696049694,l40s
resnet152,gemm,509,layer3.31.conv3,256,1024,1,1,0,1.1602911829948426,0.03709612356331838,0.4002531387164727,l40s
resnet152,gemm,509,layer3.32.conv1,1024,256,1,1,0,1.436836802959442,0.04414935788752678,0.495650099420272,l40s
resnet152,gemm,509,layer3.32.conv2,256,256,3,1,1,1.556872010231018,0.06857215314933256,0.5370573506095144,l40s
resnet152,gemm,509,layer3.32.conv3,256,1024,1,1,0,1.1756255984306336,0.05188076628103442,0.40554288666811683,l40s
resnet152,gemm,509,layer3.33.conv1,1024,256,1,1,0,1.4242496013641357,0.034389778473937566,0.49130802820572184,l40s
resnet152,gemm,509,layer3.33.conv2,256,256,3,1,1,1.5466271996498109,0.026124201888509602,0.5335233087665867,l40s
resnet152,gemm,509,layer3.33.conv3,256,1024,1,1,0,1.161976009607315,0.025472561440807416,0.4008343351865644,l40s
resnet152,gemm,509,layer3.34.conv1,1024,256,1,1,0,1.4128495812416078,0.03954421982231875,0.4873754861832138,l40s
resnet152,gemm,509,layer3.34.conv2,256,256,3,1,1,1.5591888010501862,0.03802541488614921,0.5378565489579222,l40s
resnet152,gemm,509,layer3.34.conv3,256,1024,1,1,0,1.155139195919037,0.018798801012868738,0.3984759132855293,l40s
resnet152,gemm,509,layer3.35.conv1,1024,256,1,1,0,1.4215391933918,0.03469804111901309,0.490373047992109,l40s
resnet152,gemm,509,layer3.35.conv2,256,256,3,1,1,1.5488512098789216,0.02816887661895898,0.5342905015952364,l40s
resnet152,gemm,509,layer3.35.conv3,256,1024,1,1,0,1.1549152076244353,0.030342916674597698,0.39839864645866374,l40s
resnet152,gemm,509,layer4.0.conv1,1024,512,1,1,0,1.7596400141716004,0.03591979389071421,0.6070040426105799,l40s
resnet152,gemm,509,layer4.0.conv2,512,512,3,2,1,2.1924415707588194,0.03282712291398566,0.7563029289627823,l40s
resnet152,gemm,509,layer4.0.conv3,512,2048,1,1,0,1.3381519973278047,0.02889942576439392,0.46160786607696863,l40s
resnet152,gemm,509,layer4.0.downsample.0,1024,2048,1,2,0,2.367902386188507,0.02514526842943808,0.8168297545792761,l40s
resnet152,gemm,509,layer4.1.conv1,2048,512,1,1,0,1.5019871950149537,0.03713984486739543,0.518124327692455,l40s
resnet152,gemm,509,layer4.1.conv2,512,512,3,1,1,1.9781791865825653,0.028164182928569637,0.6823911445484027,l40s
resnet152,gemm,509,layer4.1.conv3,512,2048,1,1,0,1.42050399184227,0.030438076037474737,0.490015945675487,l40s
resnet152,gemm,509,layer4.2.conv1,2048,512,1,1,0,1.4967504024505616,0.03117169101629,0.5163178478265174,l40s
resnet152,gemm,509,layer4.2.conv2,512,512,3,1,1,1.9850208103656768,0.03375239641473955,0.6847512257359882,l40s
resnet152,gemm,509,layer4.2.conv3,512,2048,1,1,0,1.3753679990768433,0.03529895997925,0.474445868923877,l40s
resnet152,gemm,512,conv1,3,64,7,2,3,2.745241606235504,0.03814804276532091,0.9591136413298362,l40s
resnet152,gemm,512,layer1.0.conv1,64,64,1,1,0,1.6554560005664825,0.0846291325628016,0.578371837713011,l40s
resnet152,gemm,512,layer1.0.conv2,64,64,3,1,1,1.805059200525284,0.045419564816519174,0.630639175327729,l40s
resnet152,gemm,512,layer1.0.conv3,64,256,1,1,0,2.9626031875610352,0.07534740697300425,1.0350539364487852,l40s
resnet152,gemm,512,layer1.0.downsample.0,64,256,1,1,0,3.0333664178848267,0.08142337288714992,1.0597767074260116,l40s
resnet152,gemm,512,layer1.1.conv1,256,64,1,1,0,3.1060335993766786,0.06400811617979955,1.0851646677743902,l40s
resnet152,gemm,512,layer1.1.conv2,64,64,3,1,1,1.8140095949172974,0.056114254792434655,0.6337662025945325,l40s
resnet152,gemm,512,layer1.1.conv3,64,256,1,1,0,2.9600799918174743,0.07266148055268043,1.034172399664592,l40s
resnet152,gemm,512,layer1.2.conv1,256,64,1,1,0,3.0013328194618225,0.06544102264002138,1.048585029011041,l40s
resnet152,gemm,512,layer1.2.conv2,64,64,3,1,1,1.8088480055332183,0.04858316027838643,0.6319628819767884,l40s
resnet152,gemm,512,layer1.2.conv3,64,256,1,1,0,2.9402095913887023,0.055589746646149504,1.0272302157538449,l40s
resnet152,gemm,512,layer2.0.conv1,256,128,1,1,0,3.3872655868530273,0.093128987539196,1.183419566342953,l40s
resnet152,gemm,512,layer2.0.conv2,128,128,3,2,1,2.026369607448578,0.0738779191251257,0.7079590839894145,l40s
resnet152,gemm,512,layer2.0.conv3,128,512,1,1,0,1.975625616312027,0.0462077164010937,0.6902304971852369,l40s
resnet152,gemm,512,layer2.0.downsample.0,256,512,1,2,0,3.3510672211647035,0.09962656463382442,1.1707728301698386,l40s
resnet152,gemm,512,layer2.1.conv1,512,128,1,1,0,1.9197568058967591,0.06081273946348064,0.6707114362499652,l40s
resnet152,gemm,512,layer2.1.conv2,128,128,3,1,1,1.5472447991371154,0.03984297038648449,0.5405657520118994,l40s
resnet152,gemm,512,layer2.1.conv3,128,512,1,1,0,1.9129999995231628,0.04040466549987472,0.6683507896860997,l40s
resnet152,gemm,512,layer2.2.conv1,512,128,1,1,0,1.8986464023590088,0.04980160885951903,0.6633360285769049,l40s
resnet152,gemm,512,layer2.2.conv2,128,128,3,1,1,1.531079989671707,0.05557242179337061,0.5349182019993411,l40s
resnet152,gemm,512,layer2.2.conv3,128,512,1,1,0,1.9155247986316681,0.02662421401093876,0.6692328866429156,l40s
resnet152,gemm,512,layer2.3.conv1,512,128,1,1,0,1.8912287890911101,0.05842325130975837,0.6607445138427586,l40s
resnet152,gemm,512,layer2.3.conv2,128,128,3,1,1,1.5169376015663147,0.04705013287072025,0.529977231659225,l40s
resnet152,gemm,512,layer2.3.conv3,128,512,1,1,0,1.923000007867813,0.039204218004077945,0.6718445238605275,l40s
resnet152,gemm,512,layer2.4.conv1,512,128,1,1,0,1.8811503946781158,0.05972496280447487,0.6572233936826061,l40s
resnet152,gemm,512,layer2.4.conv2,128,128,3,1,1,1.516891199350357,0.04452789821891685,0.529961019971987,l40s
resnet152,gemm,512,layer2.4.conv3,128,512,1,1,0,1.911531186103821,0.03038539739032084,0.6678376257504157,l40s
resnet152,gemm,512,layer2.5.conv1,512,128,1,1,0,1.9032319903373718,0.08182314153103051,0.6649381097830093,l40s
resnet152,gemm,512,layer2.5.conv2,128,128,3,1,1,1.5182736039161682,0.04578270499697426,0.5304439949764072,l40s
resnet152,gemm,512,layer2.5.conv3,128,512,1,1,0,1.9345583975315095,0.052812079981696736,0.6758827145877396,l40s
resnet152,gemm,512,layer2.6.conv1,512,128,1,1,0,1.9045119881629944,0.07546257429086384,0.6653853066244964,l40s
resnet152,gemm,512,layer2.6.conv2,128,128,3,1,1,1.522436797618866,0.03787198687247282,0.5318985029740589,l40s
resnet152,gemm,512,layer2.6.conv3,128,512,1,1,0,1.9274111986160278,0.04664184893066106,0.6733856753611863,l40s
resnet152,gemm,512,layer2.7.conv1,512,128,1,1,0,1.9026592016220092,0.07007192946440433,0.664737992799041,l40s
resnet152,gemm,512,layer2.7.conv2,128,128,3,1,1,1.5180752098560333,0.042389037318729526,0.5303746814234572,l40s
resnet152,gemm,512,layer2.7.conv3,128,512,1,1,0,1.9361072063446045,0.045189673160899925,0.676423826764197,l40s
resnet152,gemm,512,layer3.0.conv1,512,256,1,1,0,2.1287760138511658,0.07901922535068355,0.7437371303067933,l40s
resnet152,gemm,512,layer3.0.conv2,256,256,3,2,1,1.7628672063350677,0.03299101771031109,0.6158984264294063,l40s
resnet152,gemm,512,layer3.0.conv3,256,1024,1,1,0,1.1953807950019837,0.062041097315553885,0.4176339249944155,l40s
resnet152,gemm,512,layer3.0.downsample.0,512,1024,1,2,0,2.369473624229431,0.10140109075534104,0.8278304068420622,l40s
resnet152,gemm,512,layer3.1.conv1,1024,256,1,1,0,1.4118511974811554,0.048305036215028095,0.49326286617407306,l40s
resnet152,gemm,512,layer3.1.conv2,256,256,3,1,1,1.6356176137924194,0.31064224555179365,0.5714408385128812,l40s
resnet152,gemm,512,layer3.1.conv3,256,1024,1,1,0,1.1762528002262116,0.06843707467059451,0.41095111766734516,l40s
resnet152,gemm,512,layer3.2.conv1,1024,256,1,1,0,1.430684792995453,0.045520794354073246,0.4998428183108984,l40s
resnet152,gemm,512,layer3.2.conv2,256,256,3,1,1,1.5530880033969878,0.03327097953782551,0.5426072105494615,l40s
resnet152,gemm,512,layer3.2.conv3,256,1024,1,1,0,1.171563196182251,0.05041433963871316,0.40931269604325865,l40s
resnet152,gemm,512,layer3.3.conv1,1024,256,1,1,0,1.4310159921646117,0.05267599817093524,0.499958530399924,l40s
resnet152,gemm,512,layer3.3.conv2,256,256,3,1,1,1.547982406616211,0.034871647100870345,0.5408234522425606,l40s
resnet152,gemm,512,layer3.3.conv3,256,1024,1,1,0,1.1656079947948457,0.05842159366057057,0.4072321087191582,l40s
resnet152,gemm,512,layer3.4.conv1,1024,256,1,1,0,1.438775998353958,0.050285475786725285,0.5026696680193236,l40s
resnet152,gemm,512,layer3.4.conv2,256,256,3,1,1,1.5663904011249543,0.028823563729048998,0.547254710825688,l40s
resnet152,gemm,512,layer3.4.conv3,256,1024,1,1,0,1.1814928114414216,0.05522764548116781,0.4127818367653706,l40s
resnet152,gemm,512,layer3.5.conv1,1024,256,1,1,0,1.4284367978572845,0.06477550203705883,0.49905742922246144,l40s
resnet152,gemm,512,layer3.5.conv2,256,256,3,1,1,1.5614175975322724,0.038239317465921276,0.5455173468900103,l40s
resnet152,gemm,512,layer3.5.conv3,256,1024,1,1,0,1.1785376012325286,0.06335689603981148,0.4117493657369887,l40s
resnet152,gemm,512,layer3.6.conv1,1024,256,1,1,0,1.4249343931674958,0.04703074529284577,0.4978337831478122,l40s
resnet152,gemm,512,layer3.6.conv2,256,256,3,1,1,1.5529152035713196,0.03292904283588564,0.5425468389342124,l40s
resnet152,gemm,512,layer3.6.conv3,256,1024,1,1,0,1.1588832020759583,0.06804220821565188,0.40488264686590986,l40s
resnet152,gemm,512,layer3.7.conv1,1024,256,1,1,0,1.411571204662323,0.04865325777471816,0.49316504420772717,l40s
resnet152,gemm,512,layer3.7.conv2,256,256,3,1,1,1.5509808003902434,0.029012710741369893,0.5418710104480828,l40s
resnet152,gemm,512,layer3.7.conv3,256,1024,1,1,0,1.1717087984085084,0.06006685066217636,0.40936356554818465,l40s
resnet152,gemm,512,layer3.8.conv1,1024,256,1,1,0,1.422705590724945,0.05448749929101159,0.49705509947143767,l40s
resnet152,gemm,512,layer3.8.conv2,256,256,3,1,1,1.5622704088687898,0.03241149065232745,0.5458152962524551,l40s
resnet152,gemm,512,layer3.8.conv3,256,1024,1,1,0,1.1613728046417235,0.055363817813370755,0.40575244709656777,l40s
resnet152,gemm,512,layer3.9.conv1,1024,256,1,1,0,1.4130079925060273,0.0459051093400971,0.4936670192679417,l40s
resnet152,gemm,512,layer3.9.conv2,256,256,3,1,1,1.5483695983886718,0.03376854415846571,0.5409587266424292,l40s
resnet152,gemm,512,layer3.9.conv3,256,1024,1,1,0,1.1697424054145813,0.0496731603423363,0.4086765606811424,l40s
resnet152,gemm,512,layer3.10.conv1,1024,256,1,1,0,1.433214396238327,0.04477596772528442,0.500726593703156,l40s
resnet152,gemm,512,layer3.10.conv2,256,256,3,1,1,1.561865609884262,0.02397002689636603,0.5456738703658681,l40s
resnet152,gemm,512,layer3.10.conv3,256,1024,1,1,0,1.164198386669159,0.057712186331011675,0.4067396295219886,l40s
resnet152,gemm,512,layer3.11.conv1,1024,256,1,1,0,1.4351216077804565,0.058293031119131755,0.5013929221613884,l40s
resnet152,gemm,512,layer3.11.conv2,256,256,3,1,1,1.552179205417633,0.026619672339138895,0.5422897009586,l40s
resnet152,gemm,512,layer3.11.conv3,256,1024,1,1,0,1.1698240101337434,0.054769315480858775,0.40870507117696453,l40s
resnet152,gemm,512,layer3.12.conv1,1024,256,1,1,0,1.4286928057670594,0.049570022981783625,0.4991468715061554,l40s
resnet152,gemm,512,layer3.12.conv2,256,256,3,1,1,1.5580095827579499,0.03385732897515148,0.5443266781151812,l40s
resnet152,gemm,512,layer3.12.conv3,256,1024,1,1,0,1.1662752091884614,0.0535288108514522,0.40746521549750336,l40s
resnet152,gemm,512,layer3.13.conv1,1024,256,1,1,0,1.4269023954868316,0.05529577204615884,0.49852135026990313,l40s
resnet152,gemm,512,layer3.13.conv2,256,256,3,1,1,1.55347198843956,0.03279372747103612,0.5427413646040851,l40s
resnet152,gemm,512,layer3.13.conv3,256,1024,1,1,0,1.1754288077354431,0.04501040470061363,0.4106632368351247,l40s
resnet152,gemm,512,layer3.14.conv1,1024,256,1,1,0,1.4261711955070495,0.061771272541718956,0.49826588864730637,l40s
resnet152,gemm,512,layer3.14.conv2,256,256,3,1,1,1.5578559994697572,0.02889040597284593,0.5442730202416989,l40s
resnet152,gemm,512,layer3.14.conv3,256,1024,1,1,0,1.1676128029823303,0.06729280133776673,0.40793253482245595,l40s
resnet152,gemm,512,layer3.15.conv1,1024,256,1,1,0,1.4145280063152312,0.04879591702960817,0.4941980712438792,l40s
resnet152,gemm,512,layer3.15.conv2,256,256,3,1,1,1.542195200920105,0.03216636291847103,0.5388015580982677,l40s
resnet152,gemm,512,layer3.15.conv3,256,1024,1,1,0,1.166135996580124,0.05143265554430556,0.4074165783533633,l40s
resnet152,gemm,512,layer3.16.conv1,1024,256,1,1,0,1.4221232056617736,0.05241510955443396,0.49685162978143815,l40s
resnet152,gemm,512,layer3.16.conv2,256,256,3,1,1,1.5414416074752808,0.028486405604372357,0.5385382728007893,l40s
resnet152,gemm,512,layer3.16.conv3,256,1024,1,1,0,1.1701167941093444,0.05295044087322707,0.40880736202973456,l40s
resnet152,gemm,512,layer3.17.conv1,1024,256,1,1,0,1.4160784006118774,0.05390402122518746,0.4947397373456809,l40s
resnet152,gemm,512,layer3.17.conv2,256,256,3,1,1,1.5402111947536468,0.023134497689530232,0.538108399662081,l40s
resnet152,gemm,512,layer3.17.conv3,256,1024,1,1,0,1.1728896021842956,0.045415603358033164,0.40977610665440967,l40s
resnet152,gemm,512,layer3.18.conv1,1024,256,1,1,0,1.422368013858795,0.04656251182781174,0.4969371591864783,l40s
resnet152,gemm,512,layer3.18.conv2,256,256,3,1,1,1.5483504056930542,0.014078680008150926,0.5409520212303668,l40s
resnet152,gemm,512,layer3.18.conv3,256,1024,1,1,0,1.1597663938999176,0.05394269158879235,0.4051912103542187,l40s
resnet152,gemm,512,layer3.19.conv1,1024,256,1,1,0,1.4186639845371247,0.04777543954885704,0.4956430708839295,l40s
resnet152,gemm,512,layer3.19.conv2,256,256,3,1,1,1.544188791513443,0.018594924229563423,0.5394980650756331,l40s
resnet152,gemm,512,layer3.19.conv3,256,1024,1,1,0,1.1597136020660401,0.06005959271021231,0.4051727663061947,l40s
resnet152,gemm,512,layer3.20.conv1,1024,256,1,1,0,1.4267024159431458,0.056205935027457424,0.49845148279160895,l40s
resnet152,gemm,512,layer3.20.conv2,256,256,3,1,1,1.547435188293457,0.02700457273094564,0.5406322688665886,l40s
resnet152,gemm,512,layer3.20.conv3,256,1024,1,1,0,1.1567568063735962,0.04885520809491373,0.4041397413524687,l40s
resnet152,gemm,512,layer3.21.conv1,1024,256,1,1,0,1.4184784114360809,0.05314402829855784,0.49557823662953426,l40s
resnet152,gemm,512,layer3.21.conv2,256,256,3,1,1,1.5422527968883515,0.02690394272679318,0.5388216805817333,l40s
resnet152,gemm,512,layer3.21.conv3,256,1024,1,1,0,1.1612752020359038,0.05170461064103454,0.40571834736907625,l40s
resnet152,gemm,512,layer3.22.conv1,1024,256,1,1,0,1.4236015915870666,0.0527802463566076,0.49736813809344904,l40s
resnet152,gemm,512,layer3.22.conv2,256,256,3,1,1,1.5399215996265412,0.024185824647840935,0.5380072229072779,l40s
resnet152,gemm,512,layer3.22.conv3,256,1024,1,1,0,1.1677312016487122,0.06009531848526456,0.4079739001346326,l40s
resnet152,gemm,512,layer3.23.conv1,1024,256,1,1,0,1.4103103935718537,0.04461623213152551,0.4927245506958766,l40s
resnet152,gemm,512,layer3.23.conv2,256,256,3,1,1,1.5448592066764832,0.025402506999536036,0.5397322901167974,l40s
resnet152,gemm,512,layer3.23.conv3,256,1024,1,1,0,1.1589103937149048,0.04469809968011599,0.4048921468938071,l40s
resnet152,gemm,512,layer3.24.conv1,1024,256,1,1,0,1.4204640090465546,0.047792034049296446,0.4962719510734912,l40s
resnet152,gemm,512,layer3.24.conv2,256,256,3,1,1,1.5501584112644196,0.027437464439907987,0.5415836897884849,l40s
resnet152,gemm,512,layer3.24.conv3,256,1024,1,1,0,1.1636767864227295,0.05445371740981266,0.4065573964134217,l40s
resnet152,gemm,512,layer3.25.conv1,1024,256,1,1,0,1.4258192002773284,0.05074275840108971,0.4981429109735957,l40s
resnet152,gemm,512,layer3.25.conv2,256,256,3,1,1,1.5579504013061523,0.023266718784921144,0.5443060017063712,l40s
resnet152,gemm,512,layer3.25.conv3,256,1024,1,1,0,1.1696175992488862,0.04317498735348658,0.4086329567609015,l40s
resnet152,gemm,512,layer3.26.conv1,1024,256,1,1,0,1.420316791534424,0.050670147476293614,0.4962205172310904,l40s
resnet152,gemm,512,layer3.26.conv2,256,256,3,1,1,1.5439120054244995,0.024615401098355902,0.5394013634545325,l40s
resnet152,gemm,512,layer3.26.conv3,256,1024,1,1,0,1.1646528124809266,0.05476811079946905,0.40689839368833697,l40s
resnet152,gemm,512,layer3.27.conv1,1024,256,1,1,0,1.424734401702881,0.05884514748587366,0.4977639115046657,l40s
resnet152,gemm,512,layer3.27.conv2,256,256,3,1,1,1.5537295937538147,0.02797738170366026,0.5428313649779755,l40s
resnet152,gemm,512,layer3.27.conv3,256,1024,1,1,0,1.1523775935173035,0.05354650282622051,0.40260976206787047,l40s
resnet152,gemm,512,layer3.28.conv1,1024,256,1,1,0,1.4223520040512085,0.05176439953063137,0.4969315657899567,l40s
resnet152,gemm,512,layer3.28.conv2,256,256,3,1,1,1.5523135960102081,0.025071606595212365,0.5423366534200199,l40s
resnet152,gemm,512,layer3.28.conv3,256,1024,1,1,0,1.1602607846260071,0.060133595925044685,0.40536393718761005,l40s
resnet152,gemm,512,layer3.29.conv1,1024,256,1,1,0,1.4053359985351563,0.04115150207536165,0.49098663075242854,l40s
resnet152,gemm,512,layer3.29.conv2,256,256,3,1,1,1.5425584077835084,0.029781854184356034,0.5389284528154843,l40s
resnet152,gemm,512,layer3.29.conv3,256,1024,1,1,0,1.1550176024436951,0.04947158386140136,0.4035321102388962,l40s
resnet152,gemm,512,layer3.30.conv1,1024,256,1,1,0,1.4198495984077453,0.06006092902496465,0.4960572925080222,l40s
resnet152,gemm,512,layer3.30.conv2,256,256,3,1,1,1.5463936030864716,0.02744318253059965,0.5402683669869296,l40s
resnet152,gemm,512,layer3.30.conv3,256,1024,1,1,0,1.1672592043876648,0.04956710681907639,0.4078089969761227,l40s
resnet152,gemm,512,layer3.31.conv1,1024,256,1,1,0,1.4112991988658905,0.04578539250971129,0.4930700126923638,l40s
resnet152,gemm,512,layer3.31.conv2,256,256,3,1,1,1.5462159991264344,0.028331319938912525,0.5402063169362387,l40s
resnet152,gemm,512,layer3.31.conv3,256,1024,1,1,0,1.159521609544754,0.06327032348861282,0.40510568927888296,l40s
resnet152,gemm,512,layer3.32.conv1,1024,256,1,1,0,1.4326991975307464,0.05378308520240394,0.5005465971202273,l40s
resnet152,gemm,512,layer3.32.conv2,256,256,3,1,1,1.5574176073074342,0.03508822634085461,0.5441198578015767,l40s
resnet152,gemm,512,layer3.32.conv3,256,1024,1,1,0,1.165198415517807,0.05451040389356532,0.40708901272683407,l40s
resnet152,gemm,512,layer3.33.conv1,1024,256,1,1,0,1.416267204284668,0.05778800388729831,0.4948057002750258,l40s
resnet152,gemm,512,layer3.33.conv2,256,256,3,1,1,1.5495631992816925,0.03839774610176418,0.5413757387175047,l40s
resnet152,gemm,512,layer3.33.conv3,256,1024,1,1,0,1.1814016044139861,0.04953965610316344,0.41274997148109105,l40s
resnet152,gemm,512,layer3.34.conv1,1024,256,1,1,0,1.4313040018081664,0.045604628287479666,0.5000591532293829,l40s
resnet152,gemm,512,layer3.34.conv2,256,256,3,1,1,1.5473312139511108,0.028350010256242036,0.5405959430255893,l40s
resnet152,gemm,512,layer3.34.conv3,256,1024,1,1,0,1.1651648223400115,0.051846366665925896,0.4070772761732987,l40s
resnet152,gemm,512,layer3.35.conv1,1024,256,1,1,0,1.424123191833496,0.05643981166738243,0.4975503712020159,l40s
resnet152,gemm,512,layer3.35.conv2,256,256,3,1,1,1.549814409017563,0.028601073827421483,0.5414635046481829,l40s
resnet152,gemm,512,layer3.35.conv3,256,1024,1,1,0,1.1762512028217316,0.0535797467716043,0.4109505595771486,l40s
resnet152,gemm,512,layer4.0.conv1,1024,512,1,1,0,1.7606207966804504,0.03843447449009821,0.6151135912663136,l40s
resnet152,gemm,512,layer4.0.conv2,512,512,3,2,1,2.209913599491119,0.037125545296117606,0.772084422230057,l40s
resnet152,gemm,512,layer4.0.conv3,512,2048,1,1,0,1.3363600015640258,0.026703198745939644,0.46688827107833963,l40s
resnet152,gemm,512,layer4.0.downsample.0,1024,2048,1,2,0,2.3988831877708434,0.06335240721566752,0.8381053179879724,l40s
resnet152,gemm,512,layer4.1.conv1,2048,512,1,1,0,1.5029951930046082,0.046404588812370376,0.5251061287974029,l40s
resnet152,gemm,512,layer4.1.conv2,512,512,3,1,1,1.98477441072464,0.02245384006237828,0.6934268400874166,l40s
resnet152,gemm,512,layer4.1.conv3,512,2048,1,1,0,1.4290704071521758,0.04057392393045523,0.499278795282419,l40s
resnet152,gemm,512,layer4.2.conv1,2048,512,1,1,0,1.4815887987613678,0.032449341180734136,0.5176273099263272,l40s
resnet152,gemm,512,layer4.2.conv2,512,512,3,1,1,1.9851823925971985,0.034492270425323386,0.6935693779895442,l40s
resnet152,gemm,512,layer4.2.conv3,512,2048,1,1,0,1.3794944047927857,0.0286476792685685,0.4819582723683377,l40s
